name,datetime,tempmax,tempmin,temp,feelslikemax,feelslikemin,feelslike,dew,humidity,precip,precipprob,precipcover,preciptype,snow,snowdepth,windgust,windspeed,winddir,sealevelpressure,cloudcover,visibility,solarradiation,solarenergy,uvindex,severerisk,sunrise,sunset,moonphase,conditions,description,icon,stations
Hanoi,2015-01-01,24,11.4,17.7,24,11.4,17.7,9.4,63.8,0,0,0,,0,0,25.2,13,78.3,1023.4,0.4,7.2,197.4,17.1,7,,2015-01-01T06:33:34,2015-01-01T17:26:18,0.36,Clear,Clear conditions throughout the day.,clear-day,"48820099999,48823099999,48825099999,48831099999,VVNB,remote"
Hanoi,2015-01-02,22,11,16.3,22,11,16.3,9.4,65.6,0,0,0,,0,0,23.4,13.9,99.8,1022.7,28.3,7.7,187.6,16.2,7,,2015-01-02T06:33:53,2015-01-02T17:26:56,0.39,Partially cloudy,Partly cloudy throughout the day.,partly-cloudy-day,"48820099999,48823099999,48825099999,48831099999,VVNB"
Hanoi,2015-01-03,21,13.1,17,21,13.1,17,12.4,75.6,0,0,0,,0,0,21.6,13,97,1020,42,6,115.5,9.9,4,,2015-01-03T06:34:11,2015-01-03T17:27:34,0.43,Partially cloudy,Partly cloudy throughout the day.,partly-cloudy-day,"48820099999,48823099999,48825099999,48831099999,VVNB"
Hanoi,2015-01-04,22.6,16.9,19.3,22.6,16.9,19.3,16.1,82,0.6,100,25,rain,0,0,25.2,17.2,98.7,1013.5,88,6.3,64.3,5.6,3,,2015-01-04T06:34:28,2015-01-04T17:28:12,0.46,"Rain, Partially cloudy",Partly cloudy throughout the day with a chance of rain throughout the day.,rain,"48820099999,48823099999,48825099999,48831099999,VVNB"
Hanoi,2015-01-05,23,18.5,20.4,23,18.5,20.4,18.4,88.4,0,0,0,,0,0,19.1,13,85.7,1011.2,90.6,4.2,93.7,7.9,4,,2015-01-05T06:34:44,2015-01-05T17:28:51,0.5,Overcast,Cloudy skies throughout the day.,cloudy,"48820099999,48823099999,48825099999,48831099999,VVNB"
Hanoi,2015-01-06,23.5,20,21.7,23.5,20,21.7,19.6,88.2,0.297,100,4.17,rain,0,0,31.7,10.3,85.5,1013.2,89.6,4.3,41.7,3.5,2,,2015-01-06T06:34:59,2015-01-06T17:29:30,0.53,"Rain, Partially cloudy",Partly cloudy throughout the day with late afternoon rain.,rain,"48820099999,48823099999,48825099999,48831099999,VVNB"
Hanoi,2015-01-07,21.5,17,18.9,21.5,17,18.9,14.7,77.1,0.688,100,8.33,rain,0,0,29.5,25,33.4,1018.7,91.7,9.2,25.5,2.1,1,,2015-01-07T06:35:12,2015-01-07T17:30:09,0.57,"Rain, Overcast",Cloudy skies throughout the day with rain in the morning and afternoon.,rain,"48820099999,48823099999,48825099999,48831099999,VVNB"
Hanoi,2015-01-08,17.1,14.5,15.9,17.1,14.5,15.9,10.7,71.4,0.098,100,4.17,rain,0,0,22.3,15.7,358.2,1024.1,82.2,8.2,33.1,3,2,,2015-01-08T06:35:24,2015-01-08T17:30:49,0.6,"Rain, Partially cloudy",Partly cloudy throughout the day with afternoon rain.,rain,"48820099999,48823099999,48825099999,48831099999,VVNB"
Hanoi,2015-01-09,16,12,14.3,16,12,14.3,10,76.2,0.098,100,4.17,rain,0,0,22.7,16.6,355.3,1024.6,82.2,7.8,30,2.7,1,,2015-01-09T06:35:35,2015-01-09T17:31:29,0.63,"Rain, Partially cloudy",Partly cloudy throughout the day with early morning rain.,rain,"48820099999,48823099999,48825099999,48831099999,VVNB"
Hanoi,2015-01-10,12.2,11.7,12,12.2,11.7,12,10.8,92.3,7.879,100,16.67,rain,0,0,19.1,14.8,351.7,1024.7,91.9,7.9,13.4,1.1,1,,2015-01-10T06:35:45,2015-01-10T17:32:09,0.66,"Rain, Overcast",Cloudy skies throughout the day with a chance of rain throughout the day.,rain,"48820099999,48823099999,48825099999,48831099999,VVNB"
Hanoi,2015-01-11,15,11.7,13,15,11.7,13,11,87.7,15.07,100,16.67,rain,0,0,23,10.3,334.4,1023.5,91.1,9.5,19.6,1.7,1,,2015-01-11T06:35:53,2015-01-11T17:32:50,0.7,"Rain, Overcast",Cloudy skies throughout the day with a chance of rain throughout the day.,rain,"48820099999,48823099999,48825099999,48831099999,VVNB"
Hanoi,2015-01-12,20,12,15.2,20,12,15.2,10.6,75.6,2,100,4.17,rain,0,0,30.2,14.8,3.2,1023.2,56.3,8.6,99.6,8.5,5,,2015-01-12T06:36:00,2015-01-12T17:33:30,0.73,"Rain, Partially cloudy",Partly cloudy throughout the day with early morning rain.,rain,"48820099999,48823099999,48825099999,48831099999,VVNB"
Hanoi,2015-01-13,20.1,9,14.6,20.1,8.5,14.6,9,72.1,0,0,0,,0,0,21.6,11.2,337.8,1023.1,9.8,8,209.6,18.1,8,,2015-01-13T06:36:06,2015-01-13T17:34:11,0.75,Clear,Clear conditions throughout the day.,clear-day,"48820099999,48823099999,48825099999,48831099999,VVNB"
Hanoi,2015-01-14,20.1,10,14.5,20.1,10,14.5,9.6,74.5,0,0,0,,0,0,18,15.7,31.8,1023.4,31.7,6.8,194.9,16.9,8,,2015-01-14T06:36:10,2015-01-14T17:34:52,0.79,Partially cloudy,Partly cloudy throughout the day.,partly-cloudy-day,"48820099999,48823099999,48825099999,48831099999,VVNB"
Hanoi,2015-01-15,21,10,15.1,21,10,15.1,10.1,74.4,0,0,0,,0,0,18.7,13.9,98.8,1021.9,7,5.4,173.9,15,7,,2015-01-15T06:36:14,2015-01-15T17:35:32,0.83,Clear,Clear conditions throughout the day.,clear-day,"48820099999,48823099999,48825099999,48831099999,VVNB"
Hanoi,2015-01-16,21.5,11,15.8,21.5,11,15.8,10.8,74.7,0,0,0,,0,0,17.6,13,335,1022.9,10.2,5.7,190.9,16.4,7,,2015-01-16T06:36:15,2015-01-16T17:36:13,0.86,Clear,Clear conditions throughout the day.,clear-day,"48820099999,48823099999,48825099999,48831099999,VVNB"
Hanoi,2015-01-17,22.5,11,16.6,22.5,11,16.6,10,69.1,0,0,0,,0,0,23,13.9,33.7,1023,7.2,6.6,198.5,17.1,7,,2015-01-17T06:36:16,2015-01-17T17:36:54,0.89,Clear,Clear conditions throughout the day.,clear-day,"48820099999,48823099999,48825099999,48831099999,VVNB"
Hanoi,2015-01-18,22.5,12.2,17.7,22.5,12.2,17.7,10.7,66.2,0,0,0,,0,0,21.2,13,40.9,1022.9,21.1,7,176.2,15.2,8,,2015-01-18T06:36:15,2015-01-18T17:37:35,0.92,Partially cloudy,Becoming cloudy in the afternoon.,partly-cloudy-day,"48820099999,48823099999,48825099999,48831099999,VVNB"
Hanoi,2015-01-19,22,15,17.9,22,15,17.9,11.1,66,0,0,0,,0,0,21.2,18.5,31.2,1022.1,23,6.1,156.3,13.4,7,,2015-01-19T06:36:13,2015-01-19T17:38:15,0.96,Partially cloudy,Partly cloudy throughout the day.,partly-cloudy-day,"48820099999,48823099999,48825099999,48831099999,VVNB"
Hanoi,2015-01-20,22,14,17.3,22,14,17.3,12.1,73.8,0,0,0,,0,0,19.8,10.3,109.7,1020.1,14.8,4.5,196.2,17,7,,2015-01-20T06:36:09,2015-01-20T17:38:56,0,Clear,Clear conditions throughout the day.,clear-day,"48820099999,48823099999,48825099999,48831099999,VVNB"
Hanoi,2015-01-21,22.9,14,18,22.9,14,18,13.7,77.8,0,0,0,,0,0,20.2,11.2,291.7,1022.1,15.2,4.2,135.2,11.6,6,,2015-01-21T06:36:05,2015-01-21T17:39:36,0.02,Clear,Clear conditions throughout the day.,clear-day,"48820099999,48823099999,48825099999,48831099999,VVNB"
Hanoi,2015-01-22,24.5,14,18.7,24.5,14,18.7,14,76.3,0,0,0,,0,0,26.3,18.4,115.9,1020,0.2,3.6,175.8,15.1,8,,2015-01-22T06:35:58,2015-01-22T17:40:16,0.06,Clear,Clear conditions throughout the day.,clear-day,"48820099999,48823099999,48825099999,48831099999,VVNB"
Hanoi,2015-01-23,24,16.5,19.6,24,16.5,19.6,15.6,78.8,0.2,100,8.33,rain,0,0,33.1,22.3,110.6,1015.7,15,4.8,104.3,9,5,,2015-01-23T06:35:51,2015-01-23T17:40:56,0.09,Rain,Clear conditions throughout the day with morning rain.,rain,"48820099999,48823099999,48825099999,48831099999,VVNB"
Hanoi,2015-01-24,26,17.5,21.1,26,17.5,21.1,17,78.7,0,0,0,,0,0,42.8,26.8,115.4,1014,20,5.8,164.8,14.3,6,,2015-01-24T06:35:42,2015-01-24T17:41:36,0.13,Clear,Clearing in the afternoon.,clear-day,"48820099999,48823099999,48825099999,48831099999,VVNB"
Hanoi,2015-01-25,26,19.7,21.7,26,19.7,21.7,18,80.3,0.098,100,4.17,rain,0,0,24.1,24.1,110.8,1015.6,79.8,8.4,97,8.4,4,,2015-01-25T06:35:32,2015-01-25T17:42:15,0.16,"Rain, Partially cloudy",Partly cloudy throughout the day with afternoon rain.,rain,"48820099999,48823099999,48825099999,48831099999,VVNB"
Hanoi,2015-01-26,25.5,19,21.5,25.5,19,21.5,17.1,77.3,0.9,100,33.33,rain,0,0,27.7,19.4,112.3,1015.9,65.7,7.9,77.6,6.8,3,,2015-01-26T06:35:21,2015-01-26T17:42:54,0.2,"Rain, Partially cloudy",Partly cloudy throughout the day with a chance of rain throughout the day.,rain,"48820099999,48823099999,48825099999,48831099999,VVNB"
Hanoi,2015-01-27,25.1,19,21.4,25.1,19,21.4,17.8,80.4,1.8,100,45.83,rain,0,0,32,23.2,112,1014.4,79.9,7.6,75.4,6.5,4,,2015-01-27T06:35:08,2015-01-27T17:43:33,0.25,"Rain, Partially cloudy",Partly cloudy throughout the day with a chance of rain throughout the day.,rain,"48820099999,48823099999,48825099999,48831099999,VVNB"
Hanoi,2015-01-28,25.5,19.9,21.9,25.5,19.9,21.9,18.3,80.6,0.2,100,8.33,rain,0,0,39.2,25.9,119.1,1013.4,82.8,7.6,108.1,9.4,4,,2015-01-28T06:34:54,2015-01-28T17:44:12,0.27,"Rain, Partially cloudy",Partly cloudy throughout the day with morning rain.,rain,"48820099999,48823099999,48825099999,48831099999,VVNB"
Hanoi,2015-01-29,25.5,20.7,22.2,25.5,20.7,22.2,18.6,80.3,0.3,100,12.5,rain,0,0,37.1,26.8,112.4,1015.4,89.6,8,93.9,8.1,4,,2015-01-29T06:34:38,2015-01-29T17:44:50,0.3,"Rain, Partially cloudy",Partly cloudy throughout the day with morning rain.,rain,"48820099999,48823099999,48825099999,48831099999,VVNB"
Hanoi,2015-01-30,21,15,18.7,21,15,18.7,15.9,83.9,0.098,100,4.17,rain,0,0,26.6,26.8,76,1018.9,91.9,7.7,36.3,3.2,2,,2015-01-30T06:34:22,2015-01-30T17:45:28,0.34,"Rain, Overcast",Cloudy skies throughout the day with late afternoon rain.,rain,"48820099999,48823099999,48825099999,48831099999,VVNB"
Hanoi,2015-01-31,15.5,12,13.6,15.5,12,13.6,11.5,87.7,0.589,100,8.33,rain,0,0,22,25,37.2,1023.2,91.9,7.1,36.3,3.3,2,,2015-01-31T06:34:04,2015-01-31T17:46:06,0.37,"Rain, Overcast",Cloudy skies throughout the day with rain.,rain,"48820099999,48823099999,48825099999,48831099999,VVNB"
Hanoi,2015-02-01,13.1,11.9,12.8,13.1,11.9,12.8,9.9,82.8,0.491,100,8.33,rain,0,0,19.4,16.6,14.2,1024.8,91.5,8.1,52.2,4.4,2,,2015-02-01T06:33:45,2015-02-01T17:46:43,0.4,"Rain, Overcast",Cloudy skies throughout the day with rain in the morning and afternoon.,rain,"48820099999,48823099999,48825099999,48831099999,VVNB"
Hanoi,2015-02-02,16,13,14.3,16,13,14.3,11.5,83.7,0.1,100,4.17,rain,0,0,16.2,10.3,351.5,1024.3,91.4,7,55.5,4.9,2,,2015-02-02T06:33:24,2015-02-02T17:47:19,0.44,"Rain, Overcast",Cloudy skies throughout the day with early morning rain.,rain,"48820099999,48823099999,48825099999,48831099999,VVNB"
Hanoi,2015-02-03,18.7,15,16.5,18.7,15,16.5,14.2,86.5,0.1,100,4.17,rain,0,0,12.6,9.6,17.7,1023.2,91.9,4.8,62.5,5.3,3,,2015-02-03T06:33:02,2015-02-03T17:47:56,0.47,"Rain, Overcast",Cloudy skies throughout the day with afternoon rain.,rain,"48820099999,48823099999,48825099999,48831099999,VVNB"
Hanoi,2015-02-04,17.3,13,14.9,17.3,13,14.9,13.5,91.6,4.537,100,16.67,rain,0,0,25.2,25,36.8,1022.8,92.3,5.6,23.6,2.2,1,,2015-02-04T06:32:40,2015-02-04T17:48:32,0.5,"Rain, Overcast",Cloudy skies throughout the day with a chance of rain throughout the day.,rain,"48820099999,48823099999,48825099999,48831099999,VVNB"
Hanoi,2015-02-05,14.7,11,12.7,14.7,11,12.7,8.6,76.6,0.619,100,8.33,rain,0,0,26.3,22.3,0.7,1025.5,80.4,9.2,27.9,2.4,1,,2015-02-05T06:32:16,2015-02-05T17:49:07,0.54,"Rain, Partially cloudy",Partly cloudy throughout the day with rain.,rain,"48820099999,48823099999,48825099999,48831099999,VVNB"
Hanoi,2015-02-06,16,12,13.7,16,12,13.7,5.8,59.6,0,0,0,,0,0,17.6,14.8,6.2,1024.1,29.1,7.2,96.9,8.3,4,,2015-02-06T06:31:50,2015-02-06T17:49:42,0.57,Partially cloudy,Partly cloudy throughout the day.,partly-cloudy-day,"48820099999,48823099999,48825099999,48831099999,VVNB"
Hanoi,2015-02-07,15,13,13.9,15,13,13.9,10.1,78.2,0.3,100,8.33,rain,0,0,16.2,11.2,0.4,1021.4,72.4,5.1,92.3,8,4,,2015-02-07T06:31:24,2015-02-07T17:50:16,0.61,"Rain, Partially cloudy",Partly cloudy throughout the day with late afternoon rain.,rain,"48820099999,48823099999,48825099999,48831099999,VVNB"
Hanoi,2015-02-08,19,13,15.6,19,13,15.6,8.7,66.7,0.984,100,4.17,rain,0,0,22.3,16.6,340.2,1023.7,28.5,6.2,87,7.6,4,,2015-02-08T06:30:56,2015-02-08T17:50:50,0.64,"Rain, Partially cloudy",Partly cloudy throughout the day with early morning rain.,rain,"48820099999,48823099999,48825099999,48831099999,VVNB"
Hanoi,2015-02-09,17.5,14,15.6,17.5,14,15.6,10.3,71.2,0,0,0,,0,0,18,8.5,5,1023,50.9,4.4,76.4,6.6,4,,2015-02-09T06:30:28,2015-02-09T17:51:24,0.67,Partially cloudy,Partly cloudy throughout the day.,partly-cloudy-day,"48820099999,48823099999,48825099999,48831099999,VVNB"
Hanoi,2015-02-10,18.3,15,16,18.3,15,16,12.9,81.8,0,0,0,,0,0,15.8,15.7,44.1,1019.2,49.1,4.1,81.9,7,4,,2015-02-10T06:29:58,2015-02-10T17:51:57,0.71,Partially cloudy,Partly cloudy throughout the day.,partly-cloudy-day,"48820099999,48823099999,48825099999,48831099999,VVNB"
Hanoi,2015-02-11,17,14,15.6,17,14,15.6,13.3,87,2.853,100,8.33,rain,0,0,24.1,17.6,9.4,1018.4,91.9,6,31.9,2.7,1,,2015-02-11T06:29:27,2015-02-11T17:52:30,0.74,"Rain, Overcast",Cloudy skies throughout the day with rain in the morning and afternoon.,rain,"48820099999,48823099999,48825099999,48831099999,VVNB"
Hanoi,2015-02-12,22,15,18,22,15,18,11.9,69.4,0,0,0,,0,0,18.7,13,66.8,1017.9,42.9,7.7,144.5,12.3,5,,2015-02-12T06:28:55,2015-02-12T17:53:02,0.75,Partially cloudy,Partly cloudy throughout the day.,partly-cloudy-day,"48820099999,48823099999,48825099999,48831099999,VVNB"
Hanoi,2015-02-13,19.4,16.9,17.7,19.4,16.9,17.7,14.3,80.8,0.4,100,12.5,rain,0,0,19.4,13.9,66.1,1015.3,56.5,4.8,55,4.6,2,,2015-02-13T06:28:22,2015-02-13T17:53:33,0.81,"Rain, Partially cloudy",Partly cloudy throughout the day with late afternoon rain.,rain,"48820099999,48823099999,48825099999,48831099999,VVNB"
Hanoi,2015-02-14,18.1,16,17.1,18.1,16,17.1,16.4,96.2,8.664,100,12.5,rain,0,0,20.5,9.4,298.5,1013.1,92.9,2.4,27.6,2.3,1,,2015-02-14T06:27:48,2015-02-14T17:54:04,0.84,"Rain, Overcast",Cloudy skies throughout the day with a chance of rain throughout the day.,rain,"48820099999,48823099999,48825099999,48831099999,VVNB"
Hanoi,2015-02-15,23,17.1,20,23,17.1,20,17.9,88.2,1.082,100,8.33,rain,0,0,23.4,13,136.4,1014.6,92.7,4,114.7,9.8,5,,2015-02-15T06:27:13,2015-02-15T17:54:35,0.87,"Rain, Overcast",Cloudy skies throughout the day with rain.,rain,"48820099999,48823099999,48825099999,48831099999,VVNB"
Hanoi,2015-02-16,25,19.5,21.5,25,19.5,21.5,18.4,82.6,0.1,100,4.17,rain,0,0,27.7,17.5,115.3,1015.8,66.4,5.8,114.5,9.8,5,,2015-02-16T06:26:37,2015-02-16T17:55:05,0.91,"Rain, Partially cloudy",Partly cloudy throughout the day with morning rain.,rain,"48820099999,48823099999,48825099999,48831099999,VVNB"
Hanoi,2015-02-17,23,17.8,20.6,23,17.8,20.6,18,85.5,0.1,100,4.17,rain,0,0,24.1,15.7,98.6,1014.8,34.5,4.4,97.9,8.5,4,,2015-02-17T06:26:00,2015-02-17T17:55:35,0.94,"Rain, Partially cloudy",Partly cloudy throughout the day with afternoon rain.,rain,"48820099999,48823099999,48825099999,48831099999,VVNB,remote"
Hanoi,2015-02-18,23.5,19.9,21,23.5,19.9,21,18.4,85.5,0.2,100,8.33,rain,0,0,23,20.5,108,1015.4,66.5,6,71.9,6.2,3,,2015-02-18T06:25:22,2015-02-18T17:56:04,0.97,"Rain, Partially cloudy",Partly cloudy throughout the day with morning rain.,rain,"48820099999,48823099999,48825099999,48831099999,VVNB"
Hanoi,2015-02-19,24.5,20,21.4,24.5,20,21.4,19.7,90.2,0.688,100,8.33,rain,0,0,40.7,25,114.9,1015.5,85.6,5,139.9,12.2,7,,2015-02-19T06:24:43,2015-02-19T17:56:32,0,"Rain, Partially cloudy",Partly cloudy throughout the day with rain in the morning and afternoon.,rain,"48820099999,48823099999,48825099999,48831099999,VVNB"
Hanoi,2015-02-20,26,20.9,22.6,26,20.9,22.6,19.9,85.4,0.01,100,4.17,rain,0,0,40,27.7,111,1013.7,87.8,6.9,122.2,10.5,5,,2015-02-20T06:24:03,2015-02-20T17:57:00,0.04,"Rain, Partially cloudy",Partly cloudy throughout the day with afternoon rain.,rain,"48820099999,48823099999,48825099999,48831099999,VVNB"
Hanoi,2015-02-21,27,21,23.6,28.5,21,23.7,20.3,82.7,0.2,100,8.33,rain,0,0,27.7,21.4,112.6,1011.8,88.6,8.5,147.5,12.7,6,,2015-02-21T06:23:23,2015-02-21T17:57:28,0.08,"Rain, Partially cloudy",Partly cloudy throughout the day with morning rain.,rain,"48820099999,48823099999,48825099999,48831099999,VVNB"
Hanoi,2015-02-22,26.5,22,23.3,26.5,22,23.3,21.3,89.1,0.102,100,4.17,rain,0,0,22.7,18.4,110.6,1012.5,80.3,7.2,126.9,10.9,5,,2015-02-22T06:22:41,2015-02-22T17:57:55,0.11,"Rain, Partially cloudy",Partly cloudy throughout the day with afternoon rain.,rain,"48820099999,48823099999,48825099999,48831099999,VVNB"
Hanoi,2015-02-23,27,21.6,23.7,28.7,21.6,23.8,20.8,84.2,0.005,100,4.17,rain,0,0,25.2,22.3,108.9,1011.2,82.1,8,138.8,12,6,,2015-02-23T06:21:59,2015-02-23T17:58:22,0.14,"Rain, Partially cloudy",Partly cloudy throughout the day with early morning rain.,rain,"48820099999,48823099999,48825099999,48831099999,VVNB"
Hanoi,2015-02-24,29,21.5,24.3,30.3,21.5,24.7,20.1,78.1,0.002,100,4.17,rain,0,0,26.3,25,118.4,1009.7,79.9,10.5,201.4,17.3,9,,2015-02-24T06:21:16,2015-02-24T17:58:48,0.18,"Rain, Partially cloudy",Partly cloudy throughout the day with morning rain.,rain,"48820099999,48823099999,48825099999,48831099999,VVNB"
Hanoi,2015-02-25,29,22,24.7,30.3,22,25,20,76,0.2,100,8.33,rain,0,0,28.4,25.9,117.4,1008.4,69,9.6,217.7,18.6,9,,2015-02-25T06:20:32,2015-02-25T17:59:14,0.21,"Rain, Partially cloudy",Partly cloudy throughout the day with morning rain.,rain,"48820099999,48823099999,48825099999,48831099999,VVNB"
Hanoi,2015-02-26,28,23,24.8,30.1,23,25.2,21,79.9,0.003,100,4.17,rain,0,0,34.2,25.9,116.3,1009.1,84,9.6,199.1,17.2,8,,2015-02-26T06:19:48,2015-02-26T17:59:40,0.25,"Rain, Partially cloudy",Partly cloudy throughout the day with afternoon rain.,rain,"48820099999,48823099999,48825099999,48831099999,VVNB"
Hanoi,2015-02-27,27,23,24.5,28.8,23,24.8,21.6,84.2,0.005,100,4.17,rain,0,0,40.7,28.6,112.6,1009.7,90,8.4,217.8,18.7,9,,2015-02-27T06:19:02,2015-02-27T18:00:05,0.28,"Rain, Partially cloudy",Partly cloudy throughout the day with early morning rain.,rain,"48820099999,48823099999,48825099999,48831099999,VVNB"
Hanoi,2015-02-28,28.5,23,25.1,30.7,23,25.7,21.6,81.8,0.098,100,4.17,rain,0,0,34.2,22.3,119.6,1012.3,90.1,9.1,175.3,15.1,7,,2015-02-28T06:18:16,2015-02-28T18:00:29,0.31,"Rain, Overcast",Cloudy skies throughout the day with late afternoon rain.,rain,"48820099999,48823099999,48825099999,48831099999,VVNB"
Hanoi,2015-03-01,23.5,18.5,21.1,23.5,18.5,21.1,17.4,80.1,3.737,100,12.5,rain,0,0,50,29.7,66.2,1017.3,91.8,8.7,51.1,4.4,2,,2015-03-01T06:17:30,2015-03-01T18:00:53,0.35,"Rain, Overcast",Cloudy skies throughout the day with rain.,rain,"48820099999,48823099999,48825099999,48831099999,VVNB"
Hanoi,2015-03-02,20,17.3,18.6,20,17.3,18.6,17.3,92,0.303,100,8.33,rain,0,0,33.5,22.3,120,1012.9,91.8,4.9,78.3,6.7,3,,2015-03-02T06:16:43,2015-03-02T18:01:17,0.38,"Rain, Overcast",Cloudy skies throughout the day with rain.,rain,"48820099999,48823099999,48825099999,48831099999,VVNB"
Hanoi,2015-03-03,25.1,20,21.9,25.1,20,21.9,17.3,77.2,1.7,100,33.33,rain,0,0,37.8,25.9,40.5,1009.3,88.4,7,79.4,6.9,3,,2015-03-03T06:15:55,2015-03-03T18:01:40,0.41,"Rain, Partially cloudy",Partly cloudy throughout the day with a chance of rain throughout the day.,rain,"48820099999,48823099999,48825099999,48831099999,VVNB"
Hanoi,2015-03-04,20.7,18,19.4,20.7,18,19.4,15.4,78.4,0.196,100,8.33,rain,0,0,20.5,14.9,69.7,1011.8,91.9,7,68.9,6,3,,2015-03-04T06:15:06,2015-03-04T18:02:03,0.45,"Rain, Overcast",Cloudy skies throughout the day with rain.,rain,"48820099999,48823099999,48825099999,48831099999,VVNB"
Hanoi,2015-03-05,21,18,19.5,21,18,19.5,18.6,94.8,0.402,100,8.33,rain,0,0,17.3,11.2,51.2,1012,91.9,3.2,65,5.6,3,,2015-03-05T06:14:17,2015-03-05T18:02:26,0.48,"Rain, Overcast",Cloudy skies throughout the day with rain.,rain,"48820099999,48823099999,48825099999,48831099999,VVNB"
Hanoi,2015-03-06,20.4,16,18.3,20.4,16,18.3,17.5,94.9,1.185,100,8.33,rain,0,0,28.1,22.3,33.6,1013.4,92.6,5.5,41.6,3.6,2,,2015-03-06T06:13:28,2015-03-06T18:02:48,0.5,"Rain, Overcast",Cloudy skies throughout the day with rain.,rain,"48820099999,48823099999,48825099999,48831099999,VVNB"
Hanoi,2015-03-07,16.7,15.9,16.2,16.7,15.9,16.2,15.1,93.7,1.024,100,8.33,rain,0,0,16.2,15.7,42.4,1015,91.9,5.4,45.6,3.9,2,,2015-03-07T06:12:38,2015-03-07T18:03:10,0.55,"Rain, Overcast",Cloudy skies throughout the day with rain.,rain,"48820099999,48823099999,48825099999,48831099999,VVNB"
Hanoi,2015-03-08,20,16.5,18.4,20,16.5,18.4,17.6,95.2,0.703,100,8.33,rain,0,0,15.5,9.4,13,1014.4,91.9,3.1,64.6,5.6,3,,2015-03-08T06:11:48,2015-03-08T18:03:32,0.58,"Rain, Overcast",Cloudy skies throughout the day with rain.,rain,"48820099999,48823099999,48825099999,48831099999,VVNB"
Hanoi,2015-03-09,21.5,19.7,20.3,21.5,19.7,20.3,19.7,96.5,2.329,100,12.5,rain,0,0,24.8,11.2,37.2,1016.1,91.9,3.3,42.9,3.7,1,,2015-03-09T06:10:57,2015-03-09T18:03:53,0.62,"Rain, Overcast",Cloudy skies throughout the day with a chance of rain throughout the day.,rain,"48820099999,48823099999,48825099999,48831099999,VVNB"
Hanoi,2015-03-10,20.8,18,19.6,20.8,18,19.6,18.6,94.3,4.982,100,12.5,rain,0,0,22.7,16.6,42.1,1017.1,91.9,4.2,43,3.7,2,,2015-03-10T06:10:05,2015-03-10T18:04:14,0.65,"Rain, Overcast",Cloudy skies throughout the day with a chance of rain throughout the day.,rain,"48820099999,48823099999,48825099999,48831099999,VVNB"
Hanoi,2015-03-11,20.1,16,17.9,20.1,16,17.9,16.8,93.5,5.891,100,12.5,rain,0,0,29.2,23.2,39.7,1018.6,90.2,7.1,43.1,3.6,2,,2015-03-11T06:09:14,2015-03-11T18:04:34,0.69,"Rain, Overcast",Cloudy skies throughout the day with rain.,rain,"48820099999,48823099999,48825099999,48831099999,VVNB"
Hanoi,2015-03-12,17.1,15,16,17.1,15,16,13.9,87.6,2.105,100,8.33,rain,0,0,18.4,17.5,32.3,1019.2,91.9,7.9,40.1,3.5,2,,2015-03-12T06:08:22,2015-03-12T18:04:55,0.72,"Rain, Overcast",Cloudy skies throughout the day with rain.,rain,"48820099999,48823099999,48825099999,48831099999,VVNB"
Hanoi,2015-03-13,18.7,15,17.2,18.7,15,17.2,16.2,93.7,0.494,100,8.33,rain,0,0,24.1,10.3,33,1015,91.9,3.9,90.6,7.7,4,,2015-03-13T06:07:29,2015-03-13T18:05:15,0.75,"Rain, Overcast",Cloudy skies throughout the day with rain.,rain,"48820099999,48823099999,48825099999,48831099999,VVNB"
Hanoi,2015-03-14,22,17.8,19.7,22,17.8,19.7,18.4,92.9,2.074,100,12.5,rain,0,0,20.2,13,297,1013.8,91.8,4.2,82.3,7.2,3,,2015-03-14T06:06:37,2015-03-14T18:05:35,0.75,"Rain, Overcast",Cloudy skies throughout the day with rain.,rain,"48820099999,48823099999,48825099999,48831099999,VVNB"
Hanoi,2015-03-15,25,20,22.6,25,20,22.6,21,90.9,0.405,100,8.33,rain,0,0,23.8,14.8,107.5,1011.8,91.9,4.2,173.4,15.1,7,,2015-03-15T06:05:44,2015-03-15T18:05:55,0.82,"Rain, Overcast",Cloudy skies throughout the day with rain.,rain,"48820099999,48823099999,48825099999,48831099999,VVNB"
Hanoi,2015-03-16,27,23,24.4,29.6,23,24.6,22.4,89,0.011,100,8.33,rain,0,0,24.8,22.3,104.1,1010.5,91.2,6.1,188.4,16.5,7,,2015-03-16T06:04:50,2015-03-16T18:06:14,0.86,"Rain, Overcast",Cloudy skies throughout the day with rain in the morning and afternoon.,rain,"48820099999,48823099999,48825099999,48831099999,VVNB"
Hanoi,2015-03-17,28.5,23,25.3,31.7,23,26.1,22.6,85.5,0.1,100,4.17,rain,0,0,28.1,21.4,99.9,1006.4,86.4,5.8,239.8,20.7,9,,2015-03-17T06:03:57,2015-03-17T18:06:33,0.89,"Rain, Partially cloudy",Partly cloudy throughout the day with early morning rain.,rain,"48820099999,48823099999,48825099999,48831099999,VVNB"
Hanoi,2015-03-18,30,23.9,26.2,34.1,23.9,27.4,22.8,82.3,0,0,0,,0,0,23.8,22.3,99.4,1006.1,72.6,6.3,244.5,21.2,9,,2015-03-18T06:03:03,2015-03-18T18:06:53,0.93,Partially cloudy,Partly cloudy throughout the day.,partly-cloudy-day,"48820099999,48823099999,48825099999,48831099999,VVNB"
Hanoi,2015-03-19,29.5,24.5,26.1,33.2,24.5,27,22.8,82.7,0,0,0,,0,0,27.4,20.3,107.4,1009,74.2,8.3,200.2,17.2,7,,2015-03-19T06:02:09,2015-03-19T18:07:12,0.96,Partially cloudy,Partly cloudy throughout the day.,partly-cloudy-day,"48820099999,48823099999,48825099999,48831099999,VVNB"
Hanoi,2015-03-20,26,22.8,24.6,26,22.8,24.6,22.5,88.8,0.196,100,8.33,rain,0,0,29.5,16.7,113.4,1012.3,87.9,6.9,101.4,8.7,4,,2015-03-20T06:01:15,2015-03-20T18:07:30,0,"Rain, Partially cloudy",Partly cloudy throughout the day with rain.,rain,"48820099999,48823099999,48825099999,48831099999,VVNB"
Hanoi,2015-03-21,27,23,24.5,29.2,23,24.7,21.6,84.1,1.7,100,33.33,rain,0,0,33.1,16.6,107.4,1015.8,67.8,6.5,117.2,10.2,5,,2015-03-21T06:00:21,2015-03-21T18:07:49,0.03,"Rain, Partially cloudy",Partly cloudy throughout the day with rain.,rain,"48820099999,48823099999,48825099999,48831099999,VVNB"
Hanoi,2015-03-22,26.5,22,23.4,26.5,22,23.4,20.4,83.5,4.913,100,4.17,rain,0,0,31.7,23.2,113.1,1015.2,61.9,5.7,170.7,14.8,6,,2015-03-22T05:59:27,2015-03-22T18:08:08,0.06,"Rain, Partially cloudy",Partly cloudy throughout the day with afternoon rain.,rain,"48820099999,48823099999,48825099999,48831099999,VVNB"
Hanoi,2015-03-23,25,21.5,23,25,21.5,23,20.7,87.4,1.277,100,4.17,rain,0,0,23.8,15.7,81.7,1015.6,85.4,4.7,121,10.2,5,,2015-03-23T05:58:32,2015-03-23T18:08:26,0.09,"Rain, Partially cloudy",Partly cloudy throughout the day with late afternoon rain.,rain,"48820099999,48823099999,48825099999,48831099999,VVNB"
Hanoi,2015-03-24,23,19,20.2,23,19,20.2,18.9,92.4,20.97,100,16.67,rain,0,0,27.7,20.3,24.6,1019.6,90,6.7,30.3,2.5,2,,2015-03-24T05:57:38,2015-03-24T18:08:44,0.13,"Rain, Partially cloudy",Partly cloudy throughout the day with a chance of rain throughout the day.,rain,"48820099999,48823099999,48825099999,48831099999,VVNB"
Hanoi,2015-03-25,21,18.7,19.7,21,18.7,19.7,17.5,87.1,6.047,100,12.5,rain,0,0,20.9,13,326,1022,91.9,8.9,51.2,4.5,3,,2015-03-25T05:56:44,2015-03-25T18:09:03,0.16,"Rain, Overcast",Cloudy skies throughout the day with a chance of rain throughout the day.,rain,"48820099999,48823099999,48825099999,48831099999,VVNB"
Hanoi,2015-03-26,22,19,20.4,22,19,20.4,18.6,89.6,3.361,100,12.5,rain,0,0,15.8,10.6,297.9,1022,90.4,5.7,46.7,4.1,2,,2015-03-26T05:55:49,2015-03-26T18:09:21,0.19,"Rain, Overcast",Cloudy skies throughout the day with rain.,rain,"48820099999,48823099999,48825099999,48831099999,VVNB"
Hanoi,2015-03-27,24.1,20.3,22,24.1,20.3,22,19.8,87.9,0.108,100,8.33,rain,0,0,25.6,11.2,97.5,1020.5,84.5,5.2,77.6,6.6,3,,2015-03-27T05:54:55,2015-03-27T18:09:39,0.25,"Rain, Partially cloudy",Partly cloudy throughout the day with rain.,rain,"48820099999,48823099999,48825099999,48831099999,VVNB"
Hanoi,2015-03-28,27,20.9,23.2,28.7,20.9,23.3,20.1,83.6,0.3,100,12.5,rain,0,0,27,21.4,115.3,1016.3,70.4,6.3,176.4,15.2,6,,2015-03-28T05:54:01,2015-03-28T18:09:57,0.26,"Rain, Partially cloudy",Partly cloudy throughout the day with rain in the morning and afternoon.,rain,"48820099999,48823099999,48825099999,48831099999,VVNB"
Hanoi,2015-03-29,28.2,21.7,24.6,30.7,21.7,25.2,21.2,81.9,0.002,100,4.17,rain,0,0,34.6,21.2,121.3,1013,90.4,8,158.2,13.8,6,,2015-03-29T05:53:06,2015-03-29T18:10:15,0.29,"Rain, Overcast",Cloudy skies throughout the day with morning rain.,rain,"48820099999,48823099999,48825099999,48831099999,VVNB"
Hanoi,2015-03-30,30,22.6,25.8,32.9,22.6,26.9,22.1,80.6,0.1,100,4.17,rain,0,0,36.4,25.9,124,1010.6,84.8,9.3,154.8,13.5,6,,2015-03-30T05:52:12,2015-03-30T18:10:33,0.32,"Rain, Partially cloudy",Partly cloudy throughout the day with morning rain.,rain,"48820099999,48823099999,48825099999,48831099999,VVNB"
Hanoi,2015-03-31,30,24,26.5,34.1,24,27.8,22.8,81,0.1,100,4.17,rain,0,0,38.2,25.9,111.5,1008.7,83.8,9.5,241.3,20.8,9,,2015-03-31T05:51:18,2015-03-31T18:10:51,0.36,"Rain, Partially cloudy",Partly cloudy throughout the day with afternoon rain.,rain,"48820099999,48823099999,48825099999,48831099999,VVNB"
Hanoi,2015-04-01,30.1,24.7,26.7,36.4,24.7,28.6,23.6,83.5,0,0,0,,0,0,37.1,25.9,104.8,1006.4,82.9,9.1,254.9,21.9,9,,2015-04-01T05:50:24,2015-04-01T18:11:09,0.39,Partially cloudy,Partly cloudy throughout the day.,partly-cloudy-day,"48820099999,48823099999,48825099999,48831099999,VVNB"
Hanoi,2015-04-02,33.5,24,27.8,41.4,24,30.6,24,80.7,0,0,0,,0,0,30.2,24.1,91,1003,57.1,9.4,272.6,23.6,9,,2015-04-02T05:49:31,2015-04-02T18:11:27,0.42,Partially cloudy,Partly cloudy throughout the day.,partly-cloudy-day,"48820099999,48823099999,48825099999,48831099999,VVNB"
Hanoi,2015-04-03,34,24,28,40.6,24,30.9,23.7,78.7,0.1,100,4.17,rain,0,0,27.7,20.3,88.7,1001,17.4,8.1,281.5,24.3,10,,2015-04-03T05:48:37,2015-04-03T18:11:46,0.46,Rain,Clear conditions throughout the day with afternoon rain.,rain,"48820099999,48823099999,48825099999,48831099999,VVNB"
Hanoi,2015-04-04,33,24.5,27.9,39.9,24.5,30.7,24,80.5,0,0,0,,0,0,33.8,25.9,94.9,1003,22.7,8.4,282.3,24.2,10,,2015-04-04T05:47:44,2015-04-04T18:12:04,0.5,Partially cloudy,Partly cloudy throughout the day.,partly-cloudy-day,"48820099999,48823099999,48825099999,48831099999,VVNB"
Hanoi,2015-04-05,31,25.4,27.6,36,25.4,30.2,23.8,80.2,0,0,0,,0,0,34.9,24.1,112.4,1007.1,67.7,9.5,270.7,23.5,9,,2015-04-05T05:46:51,2015-04-05T18:12:22,0.52,Partially cloudy,Partly cloudy throughout the day.,partly-cloudy-day,"48820099999,48823099999,48825099999,48831099999,VVNB"
Hanoi,2015-04-06,27,25,25.8,29.9,25,26.1,23.4,86.9,0.098,100,4.17,rain,0,0,37.4,17.5,108.7,1009.3,87.1,8.6,141,12.2,5,,2015-04-06T05:45:58,2015-04-06T18:12:41,0.56,"Rain, Partially cloudy",Partly cloudy throughout the day with afternoon rain.,rain,"48820099999,48823099999,48825099999,48831099999,VVNB"
Hanoi,2015-04-07,26.3,22.5,25,26.3,22.5,25,22.8,87.8,0.821,100,4.17,rain,0,0,42.8,22.3,92,1012.2,91.2,8.6,94.9,8.1,5,,2015-04-07T05:45:06,2015-04-07T18:12:59,0.59,"Rain, Overcast",Cloudy skies throughout the day with afternoon rain.,rain,"48820099999,48823099999,48825099999,48831099999,VVNB"
Hanoi,2015-04-08,22,17,19.5,22,17,19.5,15,75.4,6.424,100,12.5,rain,0,0,55.4,25.9,25.4,1017,91.9,9.7,47.9,4.2,2,,2015-04-08T05:44:14,2015-04-08T18:13:18,0.63,"Rain, Overcast",Cloudy skies throughout the day with rain.,rain,"48820099999,48823099999,48825099999,48831099999,VVNB"
Hanoi,2015-04-09,19.6,16.7,18,19.6,16.7,18,15.9,87.8,0.2,100,8.33,rain,0,0,33.5,18.4,36.9,1016.3,92.4,5.5,104.3,9.1,4,,2015-04-09T05:43:22,2015-04-09T18:13:36,0.66,"Rain, Overcast",Cloudy skies throughout the day with rain.,rain,"48820099999,48823099999,48825099999,48831099999,VVNB"
Hanoi,2015-04-10,19,16,17.4,19,16,17.4,15.1,86.5,3.891,100,16.67,rain,0,0,37.1,16.7,355.3,1018.1,91.9,8.7,55.1,4.6,2,,2015-04-10T05:42:30,2015-04-10T18:13:55,0.7,"Rain, Overcast",Cloudy skies throughout the day with a chance of rain throughout the day.,rain,"48820099999,48823099999,48825099999,48831099999,VVNB"
Hanoi,2015-04-11,23,17,20.1,23,17,20.1,16.2,79.1,0.1,100,4.17,rain,0,0,20.9,12.1,315.9,1018.5,74.9,8.3,85.1,7.4,4,,2015-04-11T05:41:39,2015-04-11T18:14:14,0.73,"Rain, Partially cloudy",Partly cloudy throughout the day with early morning rain.,rain,"48820099999,48823099999,48825099999,48831099999,VVNB"
Hanoi,2015-04-12,28,20,23.3,28.2,20,23.4,17,69.3,0,0,0,,0,0,31.3,15.7,289.7,1020.5,33,8.9,229.5,20.1,9,,2015-04-12T05:40:49,2015-04-12T18:14:33,0.75,Partially cloudy,Partly cloudy throughout the day.,partly-cloudy-day,"48820099999,48823099999,48825099999,48831099999,VVNB"
Hanoi,2015-04-13,30,17.5,23.8,28.7,17.5,23.6,14.9,62.9,0,0,0,,0,0,20.5,18.5,188.4,1019.6,3.4,9,308.3,26.6,10,,2015-04-13T05:39:59,2015-04-13T18:14:52,0.8,Clear,Clear conditions throughout the day.,clear-day,"48820099999,48823099999,48825099999,48831099999,VVNB"
Hanoi,2015-04-14,31,17.5,23.4,29.5,17.5,23.2,14.2,60.1,0,0,0,,0,0,32.8,23.2,116.9,1016.9,6.5,8.1,315.8,27.3,10,,2015-04-14T05:39:09,2015-04-14T18:15:12,0.84,Clear,Clear conditions throughout the day.,clear-day,"48820099999,48823099999,48825099999,48831099999,VVNB"
Hanoi,2015-04-15,29.5,19,24,30.1,19,24.2,17.7,70.3,0,0,0,,0,0,39.2,24.1,115.4,1013.5,34,8.9,297.3,25.5,10,,2015-04-15T05:38:20,2015-04-15T18:15:31,0.87,Partially cloudy,Partly cloudy throughout the day.,partly-cloudy-day,"48820099999,48823099999,48825099999,48831099999,VVNB"
Hanoi,2015-04-16,27,21,23.9,28.8,21,24.1,20.1,79.6,0,0,0,,0,0,34.9,21.4,95,1013.6,71.7,7.5,175.9,15.2,6,,2015-04-16T05:37:31,2015-04-16T18:15:51,0.91,Partially cloudy,Partly cloudy throughout the day.,partly-cloudy-day,"48820099999,48823099999,48825099999,48831099999,VVNB"
Hanoi,2015-04-17,28.5,23,25.4,31.3,23,26.1,21.5,79.4,0,0,0,,0,0,39.2,23.2,122.8,1007.5,78.2,8.9,241.2,20.9,9,,2015-04-17T05:36:43,2015-04-17T18:16:11,0.94,Partially cloudy,Partly cloudy throughout the day.,partly-cloudy-day,"48820099999,48823099999,48825099999,48831099999,VVNB"
Hanoi,2015-04-18,31,24.7,27.4,38.4,24.7,29.7,23.7,81.3,0,0,0,,0,0,29.5,20.5,107.2,1005,86,7.7,276.1,23.8,10,,2015-04-18T05:35:55,2015-04-18T18:16:31,0.98,Partially cloudy,Partly cloudy throughout the day.,partly-cloudy-day,"48820099999,48823099999,48825099999,48831099999,VVNB"
Hanoi,2015-04-19,34,25.3,28.6,45.3,25.3,32.7,24.8,81,0,0,0,,0,0,23.4,19.4,78.3,1004.8,55.3,8.4,290.4,25.2,10,,2015-04-19T05:35:08,2015-04-19T18:16:52,0,Partially cloudy,Partly cloudy throughout the day.,partly-cloudy-day,"48820099999,48823099999,48825099999,48831099999,VVNB"
Hanoi,2015-04-20,35.1,26,29.6,44.9,26,33.6,24.2,74.4,0.1,100,4.17,rain,0,0,49,23.2,73.4,1005.2,46.8,8,259.7,22.4,9,,2015-04-20T05:34:22,2015-04-20T18:17:12,0.05,"Rain, Partially cloudy",Partly cloudy throughout the day with morning rain.,rain,"48820099999,48823099999,48825099999,48831099999,VVNB"
Hanoi,2015-04-21,29.1,22.9,26.5,30.5,22.9,26.9,18.3,61.9,0,0,0,,0,0,23.8,19.4,65.5,1011,78.6,9.8,177.6,15.2,7,,2015-04-21T05:33:36,2015-04-21T18:17:33,0.08,Partially cloudy,Partly cloudy throughout the day.,partly-cloudy-day,"48820099999,48823099999,48825099999,48831099999,VVNB"
Hanoi,2015-04-22,23.4,21,22.3,23.4,21,22.3,18.7,80.4,12.021,100,8.33,rain,0,0,29.9,18.5,11.5,1015,90.8,9.3,51,4.3,2,,2015-04-22T05:32:51,2015-04-22T18:17:54,0.11,"Rain, Overcast",Cloudy skies throughout the day with rain.,rain,"48820099999,48823099999,48825099999,48831099999,VVNB"
Hanoi,2015-04-23,23,21,21.8,23,21,21.8,18.3,80.6,0.312,100,4.17,rain,0,0,35.6,16.6,17.1,1017.1,91.9,7.2,53.6,4.7,2,,2015-04-23T05:32:07,2015-04-23T18:18:15,0.14,"Rain, Overcast",Cloudy skies throughout the day with afternoon rain.,rain,"48820099999,48823099999,48825099999,48831099999,VVNB"
Hanoi,2015-04-24,26.8,21,23.5,28.2,21,23.6,18.6,74.3,4.1,100,37.5,rain,0,0,27.7,12.1,346.3,1017.1,72.3,8.1,57.5,5,2,,2015-04-24T05:31:23,2015-04-24T18:18:36,0.18,"Rain, Partially cloudy",Partly cloudy throughout the day with a chance of rain throughout the day.,rain,"48820099999,48823099999,48825099999,48831099999,VVNB"
Hanoi,2015-04-25,27,23,24.5,28.5,23,24.6,18.7,70.3,0.1,100,8.33,rain,0,0,15.5,13.9,310.3,1016.8,43.7,8.4,135.9,11.7,6,,2015-04-25T05:30:40,2015-04-25T18:18:58,0.21,"Rain, Partially cloudy",Partly cloudy throughout the day with rain.,rain,"48820099999,48823099999,48825099999,48831099999,VVNB"
Hanoi,2015-04-26,30,21,25.5,32.5,21,26.3,20.5,75.1,0.4,100,4.17,rain,0,0,22.3,15.7,110.8,1015.3,42.6,7.7,205.2,17.8,7,,2015-04-26T05:29:57,2015-04-26T18:19:20,0.25,"Rain, Partially cloudy",Partly cloudy throughout the day with afternoon rain.,rain,"48820099999,48823099999,48825099999,48831099999,VVNB"
Hanoi,2015-04-27,32,23,26.7,34.2,23,27.7,21.6,75.5,0.098,100,4.17,rain,0,0,29.5,19.4,113.9,1012.4,73.7,7.9,207.1,17.9,7,,2015-04-27T05:29:16,2015-04-27T18:19:42,0.27,"Rain, Partially cloudy",Partly cloudy throughout the day with late afternoon rain.,rain,"48820099999,48823099999,48825099999,48831099999,VVNB"
Hanoi,2015-04-28,31.6,24,27.2,36.1,24,29.1,22.7,77.5,0.098,100,4.17,rain,0,0,27,22.3,114.3,1009.7,54.6,8.9,192.9,16.5,6,,2015-04-28T05:28:35,2015-04-28T18:20:04,0.31,"Rain, Partially cloudy",Partly cloudy throughout the day with early morning rain.,rain,"48820099999,48823099999,48825099999,48831099999,VVNB"
Hanoi,2015-04-29,32.5,24.9,28.2,36.5,24.9,30.8,23.6,78,0.5,100,12.5,rain,0,0,22.3,18.4,104.1,1009.3,67.9,8.6,212.1,18.4,8,,2015-04-29T05:27:55,2015-04-29T18:20:27,0.34,"Rain, Partially cloudy",Partly cloudy throughout the day with rain in the morning and afternoon.,rain,"48820099999,48823099999,48825099999,48831099999,VVNB"
Hanoi,2015-04-30,32.5,25.9,28.5,37.8,25.9,31.7,24.2,78.7,0.196,100,8.33,rain,0,0,32,25.9,115.1,1008.2,68.5,9.6,205.4,17.6,8,,2015-04-30T05:27:16,2015-04-30T18:20:49,0.37,"Rain, Partially cloudy",Partly cloudy throughout the day with rain.,rain,"48820099999,48823099999,48825099999,48831099999,VVNB"
Hanoi,2015-05-01,34.5,26,29.3,42.6,26,34,25.2,79.6,2.948,100,4.17,rain,0,0,37.8,25.9,112.3,1005.4,42.3,10,272.7,23.4,10,,2015-05-01T05:26:37,2015-05-01T18:21:12,0.4,"Rain, Partially cloudy",Partly cloudy throughout the day with early morning rain.,rain,"48820099999,48823099999,48825099999,48831099999,VVNB"
Hanoi,2015-05-02,35,26.5,30,44.7,26.5,36,25.3,77.2,0,0,0,,0,0,27,24.1,98.5,1004.9,49.8,11.8,292.8,25.2,10,,2015-05-02T05:26:00,2015-05-02T18:21:35,0.44,Partially cloudy,Clearing in the afternoon.,partly-cloudy-day,"48820099999,48823099999,48825099999,48831099999,VVNB"
Hanoi,2015-05-03,34,26.7,29.8,45,29.7,35.9,25.3,77.7,0,0,0,,0,0,28.4,25,103.3,1005.5,75.8,10.2,277.8,24,9,,2015-05-03T05:25:23,2015-05-03T18:21:59,0.47,Partially cloudy,Partly cloudy throughout the day.,partly-cloudy-day,"48820099999,48823099999,48825099999,48831099999,VVNB"
Hanoi,2015-05-04,34,27.5,30.3,42.7,32.3,36.8,25.4,76.2,6.7,100,12.5,rain,0,0,23.8,19.4,111.4,1006.6,67.7,10,260.1,22.5,8,,2015-05-04T05:24:47,2015-05-04T18:22:22,0.5,"Rain, Partially cloudy",Partly cloudy throughout the day with late afternoon rain.,rain,"48820099999,48823099999,48825099999,48831099999,VVNB"
Hanoi,2015-05-05,33.5,26.4,29.3,41.9,26.4,34.9,25.3,80.2,4.4,100,33.33,rain,0,0,28.1,25.9,121.4,1004.9,90.3,9.8,109.2,9.3,4,,2015-05-05T05:24:12,2015-05-05T18:22:46,0.54,"Rain, Overcast",Cloudy skies throughout the day with a chance of rain throughout the day.,rain,"48820099999,48823099999,48825099999,48831099999,VVNB"
Hanoi,2015-05-06,34.5,27.5,30.4,43,31.7,37,25.5,76.3,1.4,100,4.17,rain,0,0,21.2,18.5,101.7,1003.4,79.3,9.8,236.2,20.4,7,,2015-05-06T05:23:38,2015-05-06T18:23:10,0.57,"Rain, Partially cloudy",Partly cloudy throughout the day with late afternoon rain.,rain,"48820099999,48823099999,48825099999,48831099999,VVNB"
Hanoi,2015-05-07,34,27,30,42.7,31.2,36.7,25.7,78.5,1.2,100,16.67,rain,0,0,27.7,27.7,110.1,1005,75.7,9.3,169.3,14.6,6,,2015-05-07T05:23:05,2015-05-07T18:23:34,0.61,"Rain, Partially cloudy",Partly cloudy throughout the day with a chance of rain throughout the day.,rain,"48820099999,48823099999,48825099999,48831099999,VVNB"
Hanoi,2015-05-08,35,28,30.8,45.5,33.6,38.4,26.1,77.1,3.2,100,8.33,rain,0,0,31.7,25,110.5,1003.6,78.7,11,249,21.4,9,,2015-05-08T05:22:33,2015-05-08T18:23:58,0.64,"Rain, Partially cloudy",Partly cloudy throughout the day with rain.,rain,"48820099999,48823099999,48825099999,48831099999,VVNB"
Hanoi,2015-05-09,30,24,27.3,34.2,24,29.5,23,78.2,13.948,100,4.17,rain,0,0,41.8,23.2,65.8,1006.5,76,8.8,152.4,13.1,7,,2015-05-09T05:22:01,2015-05-09T18:24:23,0.68,"Rain, Partially cloudy",Partly cloudy throughout the day with morning rain.,rain,"48820099999,48823099999,48825099999,48831099999,VVNB"
Hanoi,2015-05-10,33,25.9,28.7,40,25.9,32.3,24.1,77.2,2.2,100,37.5,rain,0,0,28.1,21.4,121.8,1005.9,70.5,9.8,225.7,19.5,8,,2015-05-10T05:21:31,2015-05-10T18:24:48,0.72,"Rain, Partially cloudy",Partly cloudy throughout the day with a chance of rain throughout the day.,rain,"48820099999,48823099999,48825099999,48831099999,VVNB"
Hanoi,2015-05-11,34,25,29.9,42.6,25,36.1,25.5,78.4,0.098,100,4.17,rain,0,0,27.7,19.4,89.5,1007,80.6,9.5,245.1,21.1,8,,2015-05-11T05:21:02,2015-05-11T18:25:12,0.75,"Rain, Partially cloudy",Partly cloudy throughout the day with afternoon rain.,rain,"48820099999,48823099999,48825099999,48831099999,VVNB"
Hanoi,2015-05-12,29.1,25.3,27,33.3,25.3,28.3,21.7,73.2,2.012,100,8.33,rain,0,0,20.9,20.5,70.1,1010.4,89.4,9.9,83.7,7.2,4,,2015-05-12T05:20:34,2015-05-12T18:25:37,0.79,"Rain, Partially cloudy",Partly cloudy throughout the day with rain in the morning and afternoon.,rain,"48820099999,48823099999,48825099999,48831099999,VVNB"
Hanoi,2015-05-13,33.5,25.5,28.8,40.4,25.5,32.6,24.5,78.8,0.098,100,4.17,rain,0,0,35.3,25,134.3,1007.6,88,8.5,217.2,18.7,8,,2015-05-13T05:20:06,2015-05-13T18:26:03,0.82,"Rain, Partially cloudy",Partly cloudy throughout the day with late afternoon rain.,rain,"48820099999,48823099999,48825099999,48831099999,VVNB"
Hanoi,2015-05-14,35,26,30.2,44.2,26,36.3,25.3,76.2,0.098,100,4.17,rain,0,0,35.6,26.8,127.7,1006.6,74,9.7,263.5,22.7,9,,2015-05-14T05:19:40,2015-05-14T18:26:28,0.86,"Rain, Partially cloudy",Partly cloudy throughout the day with early morning rain.,rain,"48820099999,48823099999,48825099999,48831099999,VVNB"
Hanoi,2015-05-15,36,27.7,30.8,47,33,38.5,26.1,77.2,1.965,100,4.17,rain,0,0,27.4,22.3,111.4,1005.7,78.9,10.5,255.6,22.2,8,,2015-05-15T05:19:15,2015-05-15T18:26:53,0.89,"Rain, Partially cloudy",Partly cloudy throughout the day with late afternoon rain.,rain,"48820099999,48823099999,48825099999,48831099999,VVNB"
Hanoi,2015-05-16,31,23.5,27.3,35.2,23.5,30.2,23.7,81.5,28.685,100,12.5,rain,0,0,30.2,23.2,89.9,1006.9,78.3,10.2,136,11.8,7,,2015-05-16T05:18:51,2015-05-16T18:27:18,0.93,"Rain, Partially cloudy",Partly cloudy throughout the day with rain.,rain,"48820099999,48823099999,48825099999,48831099999,VVNB"
Hanoi,2015-05-17,32.1,25.5,28.5,40.6,25.5,32.7,24.9,81.5,4.3,100,25,rain,0,0,31.7,20.5,105.7,1004.6,76.6,9.1,207.2,17.8,8,,2015-05-17T05:18:28,2015-05-17T18:27:44,0.97,"Rain, Partially cloudy",Partly cloudy throughout the day with a chance of rain throughout the day.,rain,"48820099999,48823099999,48825099999,48831099999,VVNB"
Hanoi,2015-05-18,35.2,27.2,30.8,45.3,31.2,38.2,26,76.8,0.3,100,4.17,rain,0,0,25.9,25,101.4,1002.8,59.9,10.5,230.5,20.1,7,,2015-05-18T05:18:05,2015-05-18T18:28:09,0,"Rain, Partially cloudy",Partly cloudy throughout the day with late afternoon rain.,rain,"48820099999,48823099999,48825099999,48831099999,VVNB"
Hanoi,2015-05-19,36.5,27.5,31,45.2,30.7,37.7,25.3,73.4,0.098,100,4.17,rain,0,0,26.3,16.6,108.8,1002.8,83.5,10.9,203.4,17.5,7,,2015-05-19T05:17:44,2015-05-19T18:28:35,0.03,"Rain, Partially cloudy",Partly cloudy throughout the day with late afternoon rain.,rain,"48820099999,48823099999,48825099999,48831099999,VVNB"
Hanoi,2015-05-20,36,25,30.8,45.4,25,36.4,25,73.2,0.197,100,4.17,rain,0,0,36.7,32.4,60.3,1002.6,87.1,10.7,153.6,13,7,,2015-05-20T05:17:25,2015-05-20T18:29:01,0.07,"Rain, Partially cloudy",Partly cloudy throughout the day with morning rain.,rain,"48820099999,48823099999,48825099999,48831099999,VVNB"
Hanoi,2015-05-21,32.2,25,28,41.8,25,32.2,25.2,85.1,0.365,100,4.17,rain,0,0,37.1,25.9,79.5,1005.2,87.1,9.8,153.7,13.1,6,,2015-05-21T05:17:06,2015-05-21T18:29:26,0.1,"Rain, Partially cloudy",Partly cloudy throughout the day with late afternoon rain.,rain,"48820099999,48823099999,48825099999,48831099999,VVNB"
Hanoi,2015-05-22,35.5,26,30.4,45.8,26,36.3,25.6,77.1,8.844,100,4.17,rain,0,0,66.6,34.4,105.7,1003.2,85.6,9,188.5,16.2,7,,2015-05-22T05:16:48,2015-05-22T18:29:52,0.13,"Rain, Partially cloudy",Partly cloudy throughout the day with early morning rain.,rain,"48820099999,48823099999,48825099999,48831099999,VVNB"
Hanoi,2015-05-23,36.5,25.5,29.9,44.6,25.5,34.5,24.4,74.1,0.393,100,4.17,rain,0,0,31,21.4,58.5,1002.6,92.1,10.4,172,14.9,6,,2015-05-23T05:16:31,2015-05-23T18:30:17,0.16,"Rain, Overcast",Cloudy skies throughout the day with early morning rain.,rain,"48820099999,48823099999,48825099999,48831099999,VVNB"
Hanoi,2015-05-24,31.2,24,27.4,36.8,24,30.1,23.3,79.2,31.546,100,8.33,rain,0,0,51.8,15.8,18.7,1005.1,91,9.7,185,15.9,6,,2015-05-24T05:16:15,2015-05-24T18:30:43,0.19,"Rain, Overcast",Cloudy skies throughout the day with rain.,rain,"48820099999,48823099999,48825099999,48831099999,VVNB"
Hanoi,2015-05-25,35,26.6,30.5,45.3,26.6,37.2,25.6,76.4,0.631,100,4.17,rain,0,0,26.6,17.5,107.7,1003.6,78.6,9.7,243.1,20.9,9,,2015-05-25T05:16:01,2015-05-25T18:31:08,0.23,"Rain, Partially cloudy",Partly cloudy throughout the day with early morning rain.,rain,"48820099999,48823099999,48825099999,48831099999,VVNB"
Hanoi,2015-05-26,37,28,32.2,46,34.5,40.1,25.8,71.1,0,0,0,,0,0,28.4,21.4,105.3,1002.9,48.7,9.8,284.2,24.5,9,,2015-05-26T05:15:47,2015-05-26T18:31:33,0.25,Partially cloudy,Partly cloudy throughout the day.,partly-cloudy-day,"48820099999,48823099999,48825099999,48831099999,VVNB"
Hanoi,2015-05-27,38,29,32.7,46.6,36.2,40.8,25.7,68.8,0,0,0,,0,0,27.7,22.3,103.6,1001.6,60,10.9,297.4,25.6,10,,2015-05-27T05:15:35,2015-05-27T18:31:59,0.29,Partially cloudy,Partly cloudy throughout the day.,partly-cloudy-day,"48820099999,48823099999,48825099999,48831099999,VVNB"
Hanoi,2015-05-28,39.2,27,33.2,45.5,30.1,40,24.5,63.4,0,0,0,,0,0,28.1,17.5,121.1,999.8,34.5,11.4,314.8,27.2,10,,2015-05-28T05:15:24,2015-05-28T18:32:24,0.32,Partially cloudy,Partly cloudy throughout the day.,partly-cloudy-day,"48820099999,48823099999,48825099999,48831099999,VVNB"
Hanoi,2015-05-29,39,29,33.7,45.3,36.8,40.8,24.6,62.1,0,0,0,,0,0,25.2,20.5,120.2,1000.9,13.3,11.5,311,26.8,10,,2015-05-29T05:15:14,2015-05-29T18:32:48,0.36,Clear,Clear conditions throughout the day.,clear-day,"48820099999,48823099999,48825099999,48831099999,VVNB,remote"
Hanoi,2015-05-30,38.3,29.5,33.5,47.7,37.4,42.6,26,66.9,0,0,0,,0,0,16.6,21.4,89,1003,54.1,11.6,296.6,25.7,10,,2015-05-30T05:15:04,2015-05-30T18:33:13,0.39,Partially cloudy,Partly cloudy throughout the day.,partly-cloudy-day,"48820099999,48823099999,48825099999,48831099999,VVNB"
Hanoi,2015-05-31,35.9,25,30.1,46.7,25,36,24.8,73.9,0.053,100,8.33,rain,0,0,33.8,27,104.7,1003.3,82.5,10.2,173.3,14.8,6,,2015-05-31T05:14:56,2015-05-31T18:33:37,0.42,"Rain, Partially cloudy",Partly cloudy throughout the day with rain clearing later.,rain,"48820099999,48823099999,48825099999,48831099999,VVNB"
Hanoi,2015-06-01,37,24,30.5,45.3,24,35.4,24.4,72.2,0.11,100,8.33,rain,0,0,87.1,48.2,111.9,1002.2,72.3,11.5,268.8,23.3,9,,2015-06-01T05:14:49,2015-06-01T18:34:02,0.45,"Rain, Partially cloudy",Partly cloudy throughout the day with rain.,rain,"48820099999,48823099999,48825099999,48831099999,VVNB"
Hanoi,2015-06-02,35.5,25,29.9,48.4,25,35.6,25.4,77.8,0.997,100,4.17,rain,0,0,31,24.1,115,1003.8,83.3,10.4,238.2,20.7,8,,2015-06-02T05:14:44,2015-06-02T18:34:25,0.5,"Rain, Partially cloudy",Partly cloudy throughout the day with early morning rain.,rain,"48820099999,48823099999,48825099999,48831099999,VVNB"
Hanoi,2015-06-03,36.1,25,30.4,45.4,25,36.4,25.5,76.8,38.613,100,4.17,rain,0,0,29.9,24.1,129.3,1005.6,52.5,10.4,282.9,24.4,9,,2015-06-03T05:14:39,2015-06-03T18:34:49,0.52,"Rain, Partially cloudy",Partly cloudy throughout the day with late afternoon rain.,rain,"48820099999,48823099999,48825099999,48831099999,VVNB"
Hanoi,2015-06-04,36,26,31.1,44.7,26,37.5,25.1,71.9,0.098,100,4.17,rain,0,0,24.8,23.2,112.8,1005.6,43.2,10.2,271.9,23.3,9,,2015-06-04T05:14:35,2015-06-04T18:35:12,0.55,"Rain, Partially cloudy",Partly cloudy throughout the day with early morning rain.,rain,"48820099999,48823099999,48825099999,48831099999,VVNB"
Hanoi,2015-06-05,30,26,28,38.8,26,32.2,24.6,81.8,1.965,100,4.17,rain,0,0,25.6,19.4,71.5,1005.9,85.4,10,128.5,11.2,4,,2015-06-05T05:14:32,2015-06-05T18:35:35,0.59,"Rain, Partially cloudy",Partly cloudy throughout the day with morning rain.,rain,"48820099999,48823099999,48825099999,48831099999,VVNB"
Hanoi,2015-06-06,33,25,27.8,44.4,25,30.7,24.3,82.1,26.58,100,12.5,rain,0,0,33.5,22.3,116.6,1004.8,86.7,8.8,196.7,16.9,7,,2015-06-06T05:14:31,2015-06-06T18:35:58,0.63,"Rain, Partially cloudy",Partly cloudy throughout the day with rain.,rain,"48820099999,48823099999,48825099999,48831099999,VVNB"
Hanoi,2015-06-07,30.9,25,27.4,40.9,25,30.9,25.1,87.4,2.115,100,12.5,rain,0,0,32,16.6,96.8,1004.3,88.6,8.4,185.9,16,8,,2015-06-07T05:14:30,2015-06-07T18:36:20,0.66,"Rain, Partially cloudy",Partly cloudy throughout the day with rain.,rain,"48820099999,48823099999,48825099999,48831099999,VVNB"
Hanoi,2015-06-08,32.5,25,28.9,40.7,25,33.8,25.3,82,0.347,100,8.33,rain,0,0,36.4,13,94.5,1004,71.3,9,198.9,17,7,,2015-06-08T05:14:30,2015-06-08T18:36:42,0.7,"Rain, Partially cloudy",Partly cloudy throughout the day with rain.,rain,"48820099999,48823099999,48825099999,48831099999,VVNB"
Hanoi,2015-06-09,35.5,26,30.3,44,26,36.6,25.3,76.4,0.59,100,4.17,rain,0,0,32.8,12.1,116.6,1003.3,58.3,8.8,214.8,18.6,7,,2015-06-09T05:14:32,2015-06-09T18:37:03,0.75,"Rain, Partially cloudy",Partly cloudy throughout the day with late afternoon rain.,rain,"48820099999,48823099999,48825099999,48831099999,VVNB"
Hanoi,2015-06-10,36.6,24,30.4,44.3,24,34.8,24.3,72.7,0.098,100,4.17,rain,0,0,34.9,28.8,110.8,1003,55.7,9.9,289.9,25,10,,2015-06-10T05:14:34,2015-06-10T18:37:24,0.77,"Rain, Partially cloudy",Partly cloudy throughout the day with early morning rain.,rain,"48820099999,48823099999,48825099999,48831099999,VVNB"
Hanoi,2015-06-11,32.9,26,28.9,42,26,34,25.3,81.3,33.408,100,8.33,rain,0,0,27.7,14.8,48.6,1005.4,74,9.1,188.7,16.2,7,,2015-06-11T05:14:37,2015-06-11T18:37:44,0.81,"Rain, Partially cloudy",Partly cloudy throughout the day with rain.,rain,"48820099999,48823099999,48825099999,48831099999,VVNB"
Hanoi,2015-06-12,32.1,25,28.3,41.4,25,32.6,25.3,84.6,16.034,100,12.5,rain,0,0,25.6,14.8,95.8,1006.4,90.7,8.9,120.3,10.3,5,,2015-06-12T05:14:42,2015-06-12T18:38:03,0.84,"Rain, Overcast",Cloudy skies throughout the day with a chance of rain throughout the day.,rain,"48820099999,48823099999,48825099999,48831099999,VVNB"
Hanoi,2015-06-13,36,26,30,44.1,26,35.4,24.8,75,0.1,100,4.17,rain,0,0,27,24.1,118.1,1003.8,80.8,10.3,255.3,21.9,9,,2015-06-13T05:14:47,2015-06-13T18:38:23,0.88,"Rain, Partially cloudy",Partly cloudy throughout the day with early morning rain.,rain,"48820099999,48823099999,48825099999,48831099999,VVNB"
Hanoi,2015-06-14,35,24.5,29.6,44.1,24.5,35.7,25.7,80.5,0.983,100,4.17,rain,0,0,25.9,25.9,100.8,1003.9,78.6,9.4,236.4,20.5,9,,2015-06-14T05:14:53,2015-06-14T18:38:41,0.91,"Rain, Partially cloudy",Partly cloudy throughout the day with early morning rain.,rain,"48820099999,48823099999,48825099999,48831099999,VVNB"
Hanoi,2015-06-15,32.9,25,28.8,42.2,25,33.9,25.4,82.9,6.948,100,4.17,rain,0,0,24.5,18.5,104.7,1005.9,81.6,9.6,129.9,11.1,5,,2015-06-15T05:15:00,2015-06-15T18:38:59,0.95,"Rain, Partially cloudy",Partly cloudy throughout the day with early morning rain.,rain,"48820099999,48823099999,48825099999,48831099999,VVNB"
Hanoi,2015-06-16,35,28,30.8,43.2,33.6,38.1,25.8,76.1,0.1,100,4.17,rain,0,0,36,27.7,128.4,1005.4,51.6,8.5,259.2,22.5,9,,2015-06-16T05:15:08,2015-06-16T18:39:16,0,"Rain, Partially cloudy",Partly cloudy throughout the day with afternoon rain.,rain,"48820099999,48823099999,48825099999,48831099999,VVNB"
Hanoi,2015-06-17,35.8,28,31.2,44.8,32.7,38.6,25.7,73.7,0,0,0,,0,0,32.4,25,125.3,1003.2,47.9,10.9,289.8,25.2,9,,2015-06-17T05:15:17,2015-06-17T18:39:33,0.02,Partially cloudy,Partly cloudy throughout the day.,partly-cloudy-day,"48820099999,48823099999,48825099999,48831099999,VVNB"
Hanoi,2015-06-18,35.3,28,31.4,44.1,34.5,39.2,26,74.1,1,100,8.33,rain,0,0,25.6,18.5,117.1,1002.7,59.4,11.3,274.3,23.6,9,,2015-06-18T05:15:26,2015-06-18T18:39:49,0.05,"Rain, Partially cloudy",Partly cloudy throughout the day with late afternoon rain.,rain,"48820099999,48823099999,48825099999,48831099999,VVNB"
Hanoi,2015-06-19,35,28.7,31.3,44.2,34.2,39.3,26,74.3,4.3,100,33.33,rain,0,0,28.1,18.5,121,1003.8,72.6,10.4,213.5,18.4,7,,2015-06-19T05:15:37,2015-06-19T18:40:04,0.08,"Rain, Partially cloudy",Partly cloudy throughout the day with a chance of rain throughout the day.,rain,"48820099999,48823099999,48825099999,48831099999,VVNB"
Hanoi,2015-06-20,31.6,25.5,29.1,41.6,25.5,35,25.5,81.5,1.3,100,12.5,rain,0,0,23.4,17.5,97.6,1004.3,62.7,9.5,239.6,20.7,8,,2015-06-20T05:15:48,2015-06-20T18:40:18,0.12,"Rain, Partially cloudy",Partly cloudy throughout the day with rain in the morning and afternoon.,rain,"48820099999,48823099999,48825099999,48831099999,VVNB"
Hanoi,2015-06-21,34,28,30.9,42.1,33.6,38.2,25.7,74.9,8.7,100,50,rain,0,0,18,13.9,107.3,1002.6,69.1,8.9,225.3,19.5,7,,2015-06-21T05:16:00,2015-06-21T18:40:32,0.15,"Rain, Partially cloudy",Partly cloudy throughout the day with a chance of rain throughout the day.,rain,"48820099999,48823099999,48825099999,48831099999,VVNB"
Hanoi,2015-06-22,33.6,25,30,41.2,25,35.6,25,75.9,5.7,100,33.33,rain,0,0,18,16.6,0.9,1000.5,84.8,9.9,233.4,20.2,8,,2015-06-22T05:16:13,2015-06-22T18:40:45,0.18,"Rain, Partially cloudy",Partly cloudy throughout the day with a chance of rain throughout the day.,rain,"48820099999,48823099999,48825099999,48831099999,VVNB"
Hanoi,2015-06-23,35.5,27,30.8,44,30.1,37.4,25.2,72.9,0.898,100,8.33,rain,0,0,30.2,16.7,1.1,997.7,89.1,9.9,224,19.2,8,,2015-06-23T05:16:27,2015-06-23T18:40:57,0.21,"Rain, Partially cloudy",Partly cloudy throughout the day with rain.,rain,"48820099999,48823099999,48825099999,48831099999,VVNB"
Hanoi,2015-06-24,30.1,26,27.8,35.9,26,31.8,25.1,85.5,30.568,100,16.67,rain,0,0,34.2,30.6,303.1,996.4,91.6,8.4,27.2,2.4,1,,2015-06-24T05:16:41,2015-06-24T18:41:08,0.25,"Rain, Overcast",Cloudy skies throughout the day with a chance of rain throughout the day.,rain,"48820099999,48823099999,48825099999,48831099999,VVNB"
Hanoi,2015-06-25,33.6,25.5,29.3,40.8,25.5,33,24.6,77.4,77.131,100,12.5,rain,0,0,33.1,23.2,196.4,998.9,91.3,10.5,170.7,14.9,8,,2015-06-25T05:16:56,2015-06-25T18:41:18,0.28,"Rain, Overcast",Cloudy skies throughout the day with a chance of rain throughout the day.,rain,"48820099999,48823099999,48825099999,48831099999,VVNB"
Hanoi,2015-06-26,36,28,32,42.9,33.6,38.4,24.7,67.3,0,0,0,,0,0,34.2,21.4,133.1,1000.8,59,11.5,289.9,25.1,9,,2015-06-26T05:17:12,2015-06-26T18:41:27,0.31,Partially cloudy,Partly cloudy throughout the day.,partly-cloudy-day,"48820099999,48823099999,48825099999,48831099999,VVNB"
Hanoi,2015-06-27,37,29,32.9,42.8,35.6,39.2,24.2,62.3,0,0,0,,0,0,31.7,21.4,150.6,1003.2,21.3,10.3,309.7,26.7,10,,2015-06-27T05:17:28,2015-06-27T18:41:36,0.34,Partially cloudy,Partly cloudy throughout the day.,partly-cloudy-day,"48820099999,48823099999,48825099999,48831099999,VVNB"
Hanoi,2015-06-28,37.5,29,33,44.5,35.6,40.3,24.9,64.4,0,0,0,,0,0,32,18.5,131,1005.4,34.4,11.3,315.6,27.5,10,,2015-06-28T05:17:45,2015-06-28T18:41:43,0.37,Partially cloudy,Partly cloudy throughout the day.,partly-cloudy-day,"48820099999,48823099999,48825099999,48831099999,VVNB"
Hanoi,2015-06-29,38.4,29,33.9,44,36.2,40.5,24.1,59.4,0,0,0,,0,0,29.5,15.7,179.2,1003.7,16.1,12.2,315.5,27.4,10,,2015-06-29T05:18:02,2015-06-29T18:41:50,0.41,Clear,Clear conditions throughout the day.,clear-day,"48820099999,48823099999,48825099999,48831099999,VVNB"
Hanoi,2015-06-30,38.8,29.5,34.4,43.6,36,40,23.1,53.8,0,0,0,,0,0,29.5,13,219.5,1001.5,10.7,12,313.3,27.1,10,,2015-06-30T05:18:20,2015-06-30T18:41:56,0.44,Clear,Clear conditions throughout the day.,clear-day,"48820099999,48823099999,48825099999,48831099999,VVNB"
Hanoi,2015-07-01,39.2,30,34.7,44.9,36.5,41,23.6,54.7,0,0,0,,0,0,28.1,17.5,241.2,1000.1,47.2,11.5,310,26.7,10,,2015-07-01T05:18:38,2015-07-01T18:41:59,0.47,Partially cloudy,Partly cloudy throughout the day.,partly-cloudy-day,"48820099999,48823099999,48825099999,48831099999,VVNB"
Hanoi,2015-07-02,38.1,30,34.5,44.2,38.1,41.6,24.2,57.3,0,0,0,,0,0,29.2,18.9,231.4,998.8,67.6,10.7,303,26.2,10,,2015-07-02T05:18:57,2015-07-02T18:42:03,0.5,Partially cloudy,Partly cloudy throughout the day.,partly-cloudy-day,"48820099999,48823099999,48825099999,48831099999,VVNB"
Hanoi,2015-07-03,39.5,30,34.6,46.5,38.3,42,24.4,57.9,0,0,0,,0,0,25.2,16.6,117.5,998.1,67.5,11.3,311.6,26.9,10,,2015-07-03T05:19:16,2015-07-03T18:42:06,0.54,Partially cloudy,Partly cloudy throughout the day.,partly-cloudy-day,"48820099999,48823099999,48825099999,48831099999,VVNB"
Hanoi,2015-07-04,34.8,27,31.4,46.2,30.1,38.6,25.2,70.1,0.8,100,8.33,rain,0,0,28.8,20.5,32.4,999.7,92.1,9.7,201.6,17.5,7,,2015-07-04T05:19:36,2015-07-04T18:42:07,0.58,"Rain, Overcast",Cloudy skies throughout the day with late afternoon rain.,rain,"48820099999,48823099999,48825099999,48831099999,VVNB"
Hanoi,2015-07-05,30,24,27.4,33.3,24,29.6,23,78.1,47.163,100,12.5,rain,0,0,25.2,18.4,342.4,1003.7,92.3,9.6,92.3,7.9,6,,2015-07-05T05:19:57,2015-07-05T18:42:08,0.61,"Rain, Overcast",Cloudy skies throughout the day with a chance of rain throughout the day.,rain,"48820099999,48823099999,48825099999,48831099999,VVNB"
Hanoi,2015-07-06,32,25.7,28.7,35.8,25.7,31.1,22.7,70.9,0.116,100,4.17,rain,0,0,25.6,14.8,299.2,1003.9,92.7,10.1,131.1,11.4,5,,2015-07-06T05:20:17,2015-07-06T18:42:07,0.65,"Rain, Overcast",Cloudy skies throughout the day with early morning rain.,rain,"48820099999,48823099999,48825099999,48831099999,VVNB"
Hanoi,2015-07-07,33.5,26.1,29.9,36.8,26.1,32.6,22,64.4,0.983,100,4.17,rain,0,0,24.5,15.7,311.3,1003.3,62.8,9.8,248.8,21.7,8,,2015-07-07T05:20:39,2015-07-07T18:42:06,0.68,"Rain, Partially cloudy",Partly cloudy throughout the day with morning rain.,rain,"48820099999,48823099999,48825099999,48831099999,VVNB"
Hanoi,2015-07-08,34.5,25,29.9,37.1,25,32.1,21.3,61.7,0,0,0,,0,0,19.4,19.4,307.4,1003.1,30,10.3,291.3,25.2,10,,2015-07-08T05:21:00,2015-07-08T18:42:03,0.72,Partially cloudy,Partly cloudy throughout the day.,partly-cloudy-day,"48820099999,48823099999,48825099999,48831099999,VVNB"
Hanoi,2015-07-09,34.7,26.5,30.7,37.6,26.5,33,20.9,57.5,0,0,0,,0,0,27,13.9,354.6,1002.6,20.9,9.3,283,24.5,9,,2015-07-09T05:21:22,2015-07-09T18:41:59,0.75,Partially cloudy,Partly cloudy throughout the day.,partly-cloudy-day,"48820099999,48823099999,48825099999,48831099999,VVNB"
Hanoi,2015-07-10,34,28,30.4,35.3,29.4,32.5,20,55,0.295,100,4.17,rain,0,0,34.6,23,353.3,1002.7,64,10.1,220.7,19.1,8,,2015-07-10T05:21:44,2015-07-10T18:41:55,0.79,"Rain, Partially cloudy",Partly cloudy throughout the day with late afternoon rain.,rain,"48820099999,48823099999,48825099999,48831099999,VVNB"
Hanoi,2015-07-11,32.3,24,28,36.3,24,30.4,22.5,73,3.174,100,8.33,rain,0,0,26.3,19.4,342.6,1003,58.6,9.2,183.2,15.8,7,,2015-07-11T05:22:06,2015-07-11T18:41:49,0.83,"Rain, Partially cloudy",Partly cloudy throughout the day with rain in the morning and afternoon.,rain,"48820099999,48823099999,48825099999,48831099999,VVNB"
Hanoi,2015-07-12,36,25,31.1,41.3,25,35.1,23.3,65.3,0,0,0,,0,0,17.6,19.4,70.6,1001.1,27.8,10.8,290.1,25,9,,2015-07-12T05:22:29,2015-07-12T18:41:42,0.86,Partially cloudy,Partly cloudy throughout the day.,partly-cloudy-day,"48820099999,48823099999,48825099999,48831099999,VVNB"
Hanoi,2015-07-13,36,28,32,44,33.1,38.6,24.7,66.8,0,0,0,,0,0,20.5,16.7,98.8,1001.1,29,9.3,291.3,25.3,9,,2015-07-13T05:22:52,2015-07-13T18:41:34,0.9,Partially cloudy,Partly cloudy throughout the day.,partly-cloudy-day,"48820099999,48823099999,48825099999,48831099999,VVNB"
Hanoi,2015-07-14,36,28.7,32.1,43.7,35.6,38.9,24.9,67.7,0.2,100,4.17,rain,0,0,30.2,22.3,115.5,1000.6,44.4,8.4,288.1,24.9,9,,2015-07-14T05:23:15,2015-07-14T18:41:24,0.93,"Rain, Partially cloudy",Partly cloudy throughout the day with afternoon rain.,rain,"48820099999,48823099999,48825099999,48831099999,VVNB"
Hanoi,2015-07-15,35.1,28.5,31.3,45.9,33.2,38.8,25.6,72.8,0.157,100,4.17,rain,0,0,27.4,14.8,110.9,999.3,68.5,9.2,245.8,21.3,9,,2015-07-15T05:23:38,2015-07-15T18:41:14,0.97,"Rain, Partially cloudy",Partly cloudy throughout the day with late afternoon rain.,rain,"48820099999,48823099999,48825099999,48831099999,VVNB"
Hanoi,2015-07-16,32.5,26,29.2,39.2,26,33.7,24.5,76.4,5.402,100,12.5,rain,0,0,36.7,15.7,290.9,1000.5,88.3,9.7,201.2,17.4,7,,2015-07-16T05:24:01,2015-07-16T18:41:02,0,"Rain, Partially cloudy",Partly cloudy throughout the day with rain.,rain,"48820099999,48823099999,48825099999,48831099999,VVNB"
Hanoi,2015-07-17,34.3,26.9,29.9,41.5,30.3,35.2,24.5,74,0.122,100,4.17,rain,0,0,22.7,20.5,336.6,1001.1,83.9,9.7,166.9,14.3,7,,2015-07-17T05:24:25,2015-07-17T18:40:50,0.04,"Rain, Partially cloudy",Partly cloudy throughout the day with early morning rain.,rain,"48820099999,48823099999,48825099999,48831099999,VVNB"
Hanoi,2015-07-18,32.5,27,29.6,39.3,30.3,35.4,25.1,77.7,0.015,100,8.33,rain,0,0,25.6,15.7,289.3,1001.8,76.9,9.1,115,9.8,4,,2015-07-18T05:24:48,2015-07-18T18:40:36,0.07,"Rain, Partially cloudy",Partly cloudy throughout the day with rain.,rain,"48820099999,48823099999,48825099999,48831099999,VVNB"
Hanoi,2015-07-19,34,25.5,29.6,40,25.5,34.8,24.8,76.4,6.892,100,4.17,rain,0,0,28.1,18.1,352.6,1001.7,72.2,8.4,190.9,16.3,7,,2015-07-19T05:25:12,2015-07-19T18:40:21,0.1,"Rain, Partially cloudy",Partly cloudy throughout the day with late afternoon rain.,rain,"48820099999,48823099999,48825099999,48831099999,VVNB"
Hanoi,2015-07-20,32,26,28.9,39.2,26,34.1,25.7,83.3,0.988,100,8.33,rain,0,0,25.2,12.1,212.7,1003,83.6,6.9,175,15.2,7,,2015-07-20T05:25:35,2015-07-20T18:40:05,0.13,"Rain, Partially cloudy",Partly cloudy throughout the day with rain clearing later.,rain,"48820099999,48823099999,48825099999,48831099999,VVNB"
Hanoi,2015-07-21,34,25.6,28.6,41.8,25.6,33.2,25.3,83.4,9.923,100,4.17,rain,0,0,27.7,22.1,92.4,1005,69.7,9.1,130,11.2,4,,2015-07-21T05:25:59,2015-07-21T18:39:48,0.17,"Rain, Partially cloudy",Partly cloudy throughout the day with late afternoon rain.,rain,"48820099999,48823099999,48825099999,48831099999,VVNB"
Hanoi,2015-07-22,35.1,26,30.9,45.1,26,36.6,25,72.4,0.1,100,4.17,rain,0,0,42.5,18.4,147.7,1004,72.4,9.7,225.5,19.3,9,,2015-07-22T05:26:22,2015-07-22T18:39:30,0.2,"Rain, Partially cloudy",Partly cloudy throughout the day with afternoon rain.,rain,"48820099999,48823099999,48825099999,48831099999,VVNB"
Hanoi,2015-07-23,34,26,30.4,40.5,26,35.7,24.3,71.2,0,0,0,,0,0,32,13.9,71.9,1003.4,92,10.1,214.2,18.5,7,,2015-07-23T05:26:46,2015-07-23T18:39:10,0.23,Overcast,Cloudy skies throughout the day.,cloudy,"48820099999,48823099999,48825099999,48831099999,VVNB"
Hanoi,2015-07-24,32,26,28.3,37.2,26,31.6,24.6,81,2.133,100,12.5,rain,0,0,20.5,17.5,263.7,1004.2,87.5,9.3,102,8.8,4,,2015-07-24T05:27:09,2015-07-24T18:38:50,0.25,"Rain, Partially cloudy",Partly cloudy throughout the day with rain.,rain,"48820099999,48823099999,48825099999,48831099999,VVNB"
Hanoi,2015-07-25,31.5,25,27.8,37.8,25,31,24.8,84.3,17.923,100,16.67,rain,0,0,26.6,16.6,252.4,1003.5,89.9,8.8,94.6,8.2,4,,2015-07-25T05:27:33,2015-07-25T18:38:28,0.3,"Rain, Partially cloudy",Partly cloudy throughout the day with a chance of rain throughout the day.,rain,"48820099999,48823099999,48825099999,48831099999,VVNB"
Hanoi,2015-07-26,31.5,24.9,27.7,37.8,24.9,30.6,24.4,82.8,6.93,100,12.5,rain,0,0,28.8,12.1,240.9,1004,80.4,8.9,132,11.4,7,,2015-07-26T05:27:56,2015-07-26T18:38:06,0.33,"Rain, Partially cloudy",Partly cloudy throughout the day with rain.,rain,"48820099999,48823099999,48825099999,48831099999,VVNB"
Hanoi,2015-07-27,32,26,28.4,38.5,26,32.1,24.9,82.1,3.9,100,41.67,rain,0,0,33.5,19.4,109.2,1004.7,87.7,8.7,159.1,13.6,7,,2015-07-27T05:28:20,2015-07-27T18:37:42,0.36,"Rain, Partially cloudy",Partly cloudy throughout the day with a chance of rain throughout the day.,rain,"48820099999,48823099999,48825099999,48831099999,VVNB"
Hanoi,2015-07-28,32,25,27.9,37.3,25,31.2,24,80.3,0.788,100,4.17,rain,0,0,31.7,21.4,139.7,1005.9,90.9,9.9,81,7,4,,2015-07-28T05:28:43,2015-07-28T18:37:17,0.39,"Rain, Overcast",Cloudy skies throughout the day with morning rain.,rain,"48820099999,48823099999,48825099999,48831099999,VVNB"
Hanoi,2015-07-29,29,24.9,26.1,33.6,24.9,26.9,24.3,90.1,18.913,100,16.67,rain,0,0,27.4,15.7,155.4,1006.1,91.1,9.7,101.5,8.7,5,,2015-07-29T05:29:06,2015-07-29T18:36:51,0.43,"Rain, Overcast",Cloudy skies throughout the day with a chance of rain throughout the day.,rain,"48820099999,48823099999,48825099999,48831099999,VVNB"
Hanoi,2015-07-30,30.5,24.7,26.8,36.4,24.7,28.6,24.1,85.7,6.289,100,12.5,rain,0,0,31,19.4,116.9,1006.1,91.3,8.4,121,10.3,6,,2015-07-30T05:29:29,2015-07-30T18:36:24,0.46,"Rain, Overcast",Cloudy skies throughout the day with rain.,rain,"48820099999,48823099999,48825099999,48831099999,VVNB"
Hanoi,2015-07-31,29.5,24.9,26.6,34.9,24.9,28.4,24.4,88.1,2.458,100,12.5,rain,0,0,30.2,15.7,142.7,1006.3,91.1,8.3,108.3,9.3,6,,2015-07-31T05:29:52,2015-07-31T18:35:56,0.5,"Rain, Overcast",Cloudy skies throughout the day with a chance of rain throughout the day.,rain,"48820099999,48823099999,48825099999,48831099999,VVNB"
Hanoi,2015-08-01,26.3,23,25,26.3,23,25,24,94.3,30.86,100,16.67,rain,0,0,26.3,23.2,110.8,1006.7,91.7,7.4,76.4,6.5,4,,2015-08-01T05:30:14,2015-08-01T18:35:27,0.53,"Rain, Overcast",Cloudy skies throughout the day with a chance of rain throughout the day.,rain,"48820099999,48823099999,48825099999,48831099999,VVNB"
Hanoi,2015-08-02,25.5,23.9,24.8,25.5,23.9,24.8,23.9,95.2,52.479,100,16.67,rain,0,0,33.8,19.4,100.9,1008.2,91.9,7.8,74.4,6.4,3,,2015-08-02T05:30:37,2015-08-02T18:34:57,0.56,"Rain, Overcast",Cloudy skies throughout the day with a chance of rain throughout the day.,rain,"48820099999,48823099999,48825099999,48831099999,VVNB"
Hanoi,2015-08-03,27.1,24,25.4,30.5,24,25.6,24,92.2,2.412,100,16.67,rain,0,0,34.9,25,97.2,1008.9,91.6,9.6,79.5,6.8,3,,2015-08-03T05:30:59,2015-08-03T18:34:26,0.6,"Rain, Overcast",Cloudy skies throughout the day with a chance of rain throughout the day.,rain,"48820099999,48823099999,48825099999,48831099999,VVNB"
Hanoi,2015-08-04,27.5,24,25.5,31.5,24,26,24.1,92.1,9.703,100,16.67,rain,0,0,24.8,18.4,105,1007.5,91,9,83.7,7.2,3,,2015-08-04T05:31:21,2015-08-04T18:33:53,0.63,"Rain, Overcast",Cloudy skies throughout the day with a chance of rain throughout the day.,rain,"48820099999,48823099999,48825099999,48831099999,VVNB"
Hanoi,2015-08-05,30,24.7,26.9,35.6,24.7,29,24.2,85.8,1.348,100,8.33,rain,0,0,21.2,19.4,105.9,1005.5,71.3,9.2,109,9.3,5,,2015-08-05T05:31:43,2015-08-05T18:33:20,0.67,"Rain, Partially cloudy",Partly cloudy throughout the day with rain.,rain,"48820099999,48823099999,48825099999,48831099999,VVNB"
Hanoi,2015-08-06,31.2,25.9,27.8,38,25.9,31.3,25,85,6.978,100,8.33,rain,0,0,19.1,16.7,111.7,1005,71.9,9,118.8,10.1,6,,2015-08-06T05:32:04,2015-08-06T18:32:46,0.7,"Rain, Partially cloudy",Partly cloudy throughout the day with rain.,rain,"48820099999,48823099999,48825099999,48831099999,VVNB"
Hanoi,2015-08-07,33.5,25,29.2,39.9,25,33,24.6,77.6,3.2,100,37.5,rain,0,0,18.4,8.5,11.1,1005.7,37.7,8.1,247.2,21.4,9,,2015-08-07T05:32:26,2015-08-07T18:32:11,0.75,"Rain, Partially cloudy",Partly cloudy throughout the day with a chance of rain throughout the day.,rain,"48820099999,48823099999,48825099999,48831099999,VVNB"
Hanoi,2015-08-08,35.1,26,30.6,41.9,26,36.2,25,74.1,0,0,0,,0,0,18,13.9,300.3,1003.1,7.9,8.4,290.5,24.9,9,,2015-08-08T05:32:47,2015-08-08T18:31:35,0.77,Clear,Clear conditions throughout the day.,clear-day,"48820099999,48823099999,48825099999,48831099999,VVNB"
Hanoi,2015-08-09,36,27,30.5,44.2,30.6,36.9,25.2,74.4,0.1,100,4.17,rain,0,0,20.5,19.4,324.1,1001.2,24.9,9,283.9,24.5,9,,2015-08-09T05:33:08,2015-08-09T18:30:58,0.81,"Rain, Partially cloudy",Becoming cloudy in the afternoon with late afternoon rain.,rain,"48820099999,48823099999,48825099999,48831099999,VVNB"
Hanoi,2015-08-10,36,27.5,31.2,44.7,32.4,38.2,25.5,73.3,2,100,25,rain,0,0,22,17.5,350.9,1003.6,37.5,8,265.6,22.9,9,,2015-08-10T05:33:29,2015-08-10T18:30:20,0.84,"Rain, Partially cloudy",Partly cloudy throughout the day with a chance of rain throughout the day.,rain,"48820099999,48823099999,48825099999,48831099999,VVNB"
Hanoi,2015-08-11,34.4,27,30.5,45.1,30.3,37.7,25.7,76.2,0.297,100,4.17,rain,0,0,19.4,16.6,95.8,1006,65.2,8.4,193,16.6,7,,2015-08-11T05:33:49,2015-08-11T18:29:41,0.88,"Rain, Partially cloudy",Partly cloudy throughout the day with late afternoon rain.,rain,"48820099999,48823099999,48825099999,48831099999,VVNB"
Hanoi,2015-08-12,34,27.5,30.5,42,32.4,36.9,25.3,75.3,2.8,100,29.17,rain,0,0,27,25,114.2,1006,33.1,8.6,249.9,21.4,8,,2015-08-12T05:34:09,2015-08-12T18:29:02,0.91,"Rain, Partially cloudy",Partly cloudy throughout the day with rain.,rain,"48820099999,48823099999,48825099999,48831099999,VVNB"
Hanoi,2015-08-13,32.4,26.5,29.2,41.1,26.5,34.9,25.3,80.1,7.8,100,25,rain,0,0,23.8,14.8,99.1,1005.4,69.7,9.2,210.6,18.2,7,,2015-08-13T05:34:29,2015-08-13T18:28:21,0.95,"Rain, Partially cloudy",Partly cloudy throughout the day with rain.,rain,"48820099999,48823099999,48825099999,48831099999,VVNB"
Hanoi,2015-08-14,35,27.5,30.9,44.4,31.3,37.6,25.4,73.9,0.2,100,8.33,rain,0,0,29.2,13,92.5,1004.1,74.2,8.8,213.5,18.4,7,,2015-08-14T05:34:49,2015-08-14T18:27:40,0,"Rain, Partially cloudy",Partly cloudy throughout the day with rain in the morning and afternoon.,rain,"48820099999,48823099999,48825099999,48831099999,VVNB"
Hanoi,2015-08-15,36,28.9,31.9,42.6,35.6,38.8,25,68.9,0.1,100,4.17,rain,0,0,34.6,14.8,146.1,1004.3,64.7,9,253.3,21.8,8,,2015-08-15T05:35:08,2015-08-15T18:26:58,0.02,"Rain, Partially cloudy",Partly cloudy throughout the day with morning rain.,rain,"48820099999,48823099999,48825099999,48831099999,VVNB"
Hanoi,2015-08-16,37,28,32.3,45.1,33.6,39.2,24.9,67.4,0,0,0,,0,0,29.9,15.7,126.8,1004.1,60.8,11.3,257.6,22.2,9,,2015-08-16T05:35:28,2015-08-16T18:26:15,0.05,Partially cloudy,Partly cloudy throughout the day.,partly-cloudy-day,"48820099999,48823099999,48825099999,48831099999,VVNB"
Hanoi,2015-08-17,37.5,28,32.7,45.1,34.5,39.9,25,66.7,0.1,100,4.17,rain,0,0,30.6,16.6,141.9,1003.5,60.6,11.1,283.4,24.5,9,,2015-08-17T05:35:46,2015-08-17T18:25:31,0.09,"Rain, Partially cloudy",Partly cloudy throughout the day with afternoon rain.,rain,"48820099999,48823099999,48825099999,48831099999,VVNB"
Hanoi,2015-08-18,36,28.5,32.2,44.5,35.7,39.7,25.3,68.7,0,0,0,,0,0,27.4,20.5,116.1,1003.1,72.5,11,275.3,23.7,9,,2015-08-18T05:36:05,2015-08-18T18:24:46,0.12,Partially cloudy,Partly cloudy throughout the day.,partly-cloudy-day,"48820099999,48823099999,48825099999,48831099999,VVNB"
Hanoi,2015-08-19,34.5,25,30.5,45.8,25,38.4,26.3,79,9.6,100,33.33,rain,0,0,21.2,18.4,84.2,1004.8,83.1,9.4,228.7,19.7,8,,2015-08-19T05:36:24,2015-08-19T18:24:01,0.15,"Rain, Partially cloudy",Partly cloudy throughout the day with rain.,rain,"48820099999,48823099999,48825099999,48831099999,VVNB"
Hanoi,2015-08-20,32.1,25,28.6,38.4,25,31.8,23.8,76.1,20.633,100,4.17,rain,0,0,29.9,20.5,310.5,1007.9,74.2,10,173.7,15,7,,2015-08-20T05:36:42,2015-08-20T18:23:15,0.18,"Rain, Partially cloudy",Partly cloudy throughout the day with early morning rain.,rain,"48820099999,48823099999,48825099999,48831099999,VVNB"
Hanoi,2015-08-21,35.3,26.5,31,41.3,26.5,36.4,24.3,69.5,0,0,0,,0,0,20.9,13.2,310.8,1005.1,66.5,11,260.7,22.6,9,,2015-08-21T05:37:00,2015-08-21T18:22:29,0.22,Partially cloudy,Partly cloudy throughout the day.,partly-cloudy-day,"48820099999,48823099999,48825099999,48831099999,VVNB"
Hanoi,2015-08-22,36,27,31.4,42.6,30.1,36.8,24.1,66.8,0,0,0,,0,0,19.8,13.9,316.6,1003,51.1,11.9,269.2,23,9,,2015-08-22T05:37:17,2015-08-22T18:21:41,0.25,Partially cloudy,Partly cloudy throughout the day.,partly-cloudy-day,"48820099999,48823099999,48825099999,48831099999,VVNB"
Hanoi,2015-08-23,36.9,27,31.8,42.5,30.1,37.2,23.9,64.9,0,0,0,,0,0,16.9,11.2,354.8,1002.1,22,10.1,257.7,22.3,9,,2015-08-23T05:37:35,2015-08-23T18:20:53,0.25,Partially cloudy,Partly cloudy throughout the day.,partly-cloudy-day,"48820099999,48823099999,48825099999,48831099999,VVNB"
Hanoi,2015-08-24,36,28,31.7,44.1,33.6,38.9,25.2,70.1,0.1,100,4.17,rain,0,0,16.2,15.7,91.8,1002.8,28,8.3,269.3,23.3,9,,2015-08-24T05:37:52,2015-08-24T18:20:04,0.32,"Rain, Partially cloudy",Partly cloudy throughout the day with morning rain.,rain,"48820099999,48823099999,48825099999,48831099999,VVNB"
Hanoi,2015-08-25,36,29,31.6,43.4,36.4,39.1,25.5,71.5,5.2,100,37.5,rain,0,0,24.8,22.3,113.3,1004,55.6,9.4,237.3,20.4,8,,2015-08-25T05:38:09,2015-08-25T18:19:15,0.35,"Rain, Partially cloudy",Partly cloudy throughout the day with rain.,rain,"48820099999,48823099999,48825099999,48831099999,VVNB"
Hanoi,2015-08-26,33.5,25.1,29.5,41.6,25.1,34.8,24.8,76.5,0.852,100,8.33,rain,0,0,23,25,150.7,1006.3,67.6,8.4,247.3,21.5,9,,2015-08-26T05:38:26,2015-08-26T18:18:25,0.38,"Rain, Partially cloudy",Partly cloudy throughout the day with rain.,rain,"48820099999,48823099999,48825099999,48831099999,VVNB"
Hanoi,2015-08-27,34,25.6,29.7,41.7,25.6,34.4,24.5,74.7,96.287,100,4.17,rain,0,0,21.2,17.5,116.3,1006.1,72.7,9.3,184.9,16,7,,2015-08-27T05:38:42,2015-08-27T18:17:35,0.42,"Rain, Partially cloudy",Partly cloudy throughout the day with early morning rain.,rain,"48820099999,48823099999,48825099999,48831099999,VVNB"
Hanoi,2015-08-28,32.3,27,29.6,40.6,30.9,35.8,25.5,79.7,6.9,100,33.33,rain,0,0,24.5,13.9,131.1,1004.1,84.8,9.8,155.7,13.4,6,,2015-08-28T05:38:59,2015-08-28T18:16:44,0.45,"Rain, Partially cloudy",Partly cloudy throughout the day with a chance of rain throughout the day.,rain,"48820099999,48823099999,48825099999,48831099999,VVNB"
Hanoi,2015-08-29,30.9,25.1,27.9,38.1,25.1,31.7,25.2,85.7,0.1,100,8.33,rain,0,0,24.1,13.9,0.5,1003.8,91.2,8.3,90.2,7.8,5,,2015-08-29T05:39:15,2015-08-29T18:15:52,0.48,"Rain, Overcast",Cloudy skies throughout the day with rain.,rain,"48820099999,48823099999,48825099999,48831099999,VVNB"
Hanoi,2015-08-30,31,25.6,27.4,34.5,25.6,29,22.5,75.8,53.458,100,12.5,rain,0,0,27.7,20.5,330.7,1005.8,90.3,10,202.9,17.4,8,,2015-08-30T05:39:31,2015-08-30T18:15:00,0.5,"Rain, Overcast",Cloudy skies throughout the day with a chance of rain throughout the day.,rain,"48820099999,48823099999,48825099999,48831099999,VVNB"
Hanoi,2015-08-31,32,25,28.5,37.7,25,32,23.8,76.2,1.081,100,4.17,rain,0,0,26.6,10.8,37.3,1005.4,76.6,9.4,240.3,20.6,8,,2015-08-31T05:39:46,2015-08-31T18:14:08,0.55,"Rain, Partially cloudy",Partly cloudy throughout the day with late afternoon rain.,rain,"48820099999,48823099999,48825099999,48831099999,VVNB"
Hanoi,2015-09-01,33.4,26,28.7,40.8,26,32.4,24,76.3,0.4,100,12.5,rain,0,0,25.9,15.8,339.5,1005,63.2,9.5,226.7,19.6,8,,2015-09-01T05:40:02,2015-09-01T18:13:15,0.58,"Rain, Partially cloudy",Partly cloudy throughout the day with rain in the morning and afternoon.,rain,"48820099999,48823099999,48825099999,48831099999,VVNB"
Hanoi,2015-09-02,33,26,28.6,40.3,26,32.6,24.7,80.9,0.332,100,4.17,rain,0,0,23.8,16.7,333.2,1006.2,81.6,8.8,179.3,15.4,7,,2015-09-02T05:40:17,2015-09-02T18:12:21,0.62,"Rain, Partially cloudy",Partly cloudy throughout the day with late afternoon rain.,rain,"48820099999,48823099999,48825099999,48831099999,VVNB"
Hanoi,2015-09-03,29,25,26.5,35.1,25,27.9,25.2,92.7,16.245,100,16.67,rain,0,0,18.7,13,90,1008.7,90.2,7.6,20.9,1.8,1,,2015-09-03T05:40:33,2015-09-03T18:11:28,0.65,"Rain, Overcast",Cloudy skies throughout the day with a chance of rain throughout the day.,rain,"48820099999,48823099999,48825099999,48831099999,VVNB"
Hanoi,2015-09-04,29.7,26,27.4,37,26,30.7,25.3,88.6,6.115,100,12.5,rain,0,0,23.4,19.4,95.6,1010.1,79.1,8.3,134.2,11.6,7,,2015-09-04T05:40:48,2015-09-04T18:10:33,0.69,"Rain, Partially cloudy",Partly cloudy throughout the day with a chance of rain throughout the day.,rain,"48820099999,48823099999,48825099999,48831099999,VVNB"
Hanoi,2015-09-05,34,27,30.1,43.5,31.2,36.9,26,79.9,0.8,100,20.83,rain,0,0,24.1,20.3,131.3,1008.7,61.1,8.9,215.5,18.6,8,,2015-09-05T05:41:03,2015-09-05T18:09:39,0.75,"Rain, Partially cloudy",Partly cloudy throughout the day with rain in the morning and afternoon.,rain,"48820099999,48823099999,48825099999,48831099999,VVNB"
Hanoi,2015-09-06,35,28,31.2,43.1,34.5,38.9,26,75.9,0,0,0,,0,0,28.1,13.9,120.5,1006.1,73.2,8.8,261.3,22.7,9,,2015-09-06T05:41:18,2015-09-06T18:08:44,0.76,Partially cloudy,Partly cloudy throughout the day.,partly-cloudy-day,"48820099999,48823099999,48825099999,48831099999,VVNB"
Hanoi,2015-09-07,32.4,28,30.1,41.8,33.6,38,26.4,81.1,1.9,100,12.5,rain,0,0,32.4,13,66.6,1005,54.8,8.5,195.3,16.9,7,,2015-09-07T05:41:32,2015-09-07T18:07:49,0.79,"Rain, Partially cloudy",Partly cloudy throughout the day with rain.,rain,"48820099999,48823099999,48825099999,48831099999,VVNB"
Hanoi,2015-09-08,29,24,26.5,37.3,24,28.8,24.8,90.3,21.525,100,8.33,rain,0,0,22.3,25,71,1006.4,76.8,8.1,75.6,6.5,3,,2015-09-08T05:41:47,2015-09-08T18:06:53,0.83,"Rain, Partially cloudy",Partly cloudy throughout the day with rain in the morning and afternoon.,rain,"48820099999,48823099999,48825099999,48831099999,VVNB"
Hanoi,2015-09-09,29.5,25.9,26.9,35.1,25.9,29,24.9,89.1,2.5,100,8.33,rain,0,0,22,19.4,80,1009.7,72.5,7.8,63.2,5.4,4,,2015-09-09T05:42:01,2015-09-09T18:05:57,0.86,"Rain, Partially cloudy",Partly cloudy throughout the day with rain.,rain,"48820099999,48823099999,48825099999,48831099999,VVNB"
Hanoi,2015-09-10,31.5,25,27.7,38.5,25,31,24.6,83.7,11.793,100,8.33,rain,0,0,23.8,13,5.8,1012,54.4,8.7,152.5,13.1,6,,2015-09-10T05:42:16,2015-09-10T18:05:01,0.89,"Rain, Partially cloudy",Partly cloudy throughout the day with rain in the morning and afternoon.,rain,"48820099999,48823099999,48825099999,48831099999,VVNB"
Hanoi,2015-09-11,33.4,25.1,29.2,38.5,25.1,32.7,23.9,74.6,0.5,100,16.67,rain,0,0,16.6,12.1,106.3,1010,36.2,8.5,231.7,20,8,,2015-09-11T05:42:30,2015-09-11T18:04:05,0.93,"Rain, Partially cloudy",Partly cloudy throughout the day with rain in the morning and afternoon.,rain,"48820099999,48823099999,48825099999,48831099999,VVNB"
Hanoi,2015-09-12,32,26.7,28.4,37.8,27.7,31.9,22.9,73.1,0.192,100,4.17,rain,0,0,32.4,18.5,15.7,1011.5,60.9,8.4,133.7,11.5,5,,2015-09-12T05:42:45,2015-09-12T18:03:09,0.96,"Rain, Partially cloudy",Partly cloudy throughout the day with afternoon rain.,rain,"48820099999,48823099999,48825099999,48831099999,VVNB"
Hanoi,2015-09-13,27,24.5,25.4,27.9,24.5,25.5,18.5,65.7,0.498,100,8.33,rain,0,0,27.7,21.4,29.7,1014,89.7,10.1,111.1,9.6,6,,2015-09-13T05:42:59,2015-09-13T18:02:12,0,"Rain, Partially cloudy",Partly cloudy throughout the day with rain in the morning and afternoon.,rain,"48820099999,48823099999,48825099999,48831099999,VVNB"
Hanoi,2015-09-14,31,23,27.1,33,23,28,19.4,63.5,0.1,100,4.17,rain,0,0,25.9,15.7,4.7,1011.8,44.6,10.2,249.9,21.6,9,,2015-09-14T05:43:13,2015-09-14T18:01:15,0.03,"Rain, Partially cloudy",Partly cloudy throughout the day with afternoon rain.,rain,"48820099999,48823099999,48825099999,48831099999,VVNB"
Hanoi,2015-09-15,27,24,25.4,28.2,24,25.5,21.2,78.1,10.928,100,12.5,rain,0,0,31.3,16.6,325.7,1010.4,82.1,7.7,55.1,4.8,2,,2015-09-15T05:43:28,2015-09-15T18:00:18,0.07,"Rain, Partially cloudy",Partly cloudy throughout the day with rain.,rain,"48820099999,48823099999,48825099999,48831099999,VVNB"
Hanoi,2015-09-16,31,24.7,27.1,34.2,24.7,28.7,22.5,76.8,0.319,100,12.5,rain,0,0,40,15.7,22.3,1009.2,64.3,7.6,89.6,7.7,4,,2015-09-16T05:43:42,2015-09-16T17:59:22,0.1,"Rain, Partially cloudy",Partly cloudy throughout the day with a chance of rain throughout the day.,rain,"48820099999,48823099999,48825099999,48831099999,VVNB"
Hanoi,2015-09-17,29.5,25.9,27.4,34,25.9,30.1,23.7,80.7,4.136,100,8.33,rain,0,0,29.9,23.2,47.4,1010.8,87.4,9,44.9,3.9,2,,2015-09-17T05:43:56,2015-09-17T17:58:24,0.13,"Rain, Partially cloudy",Partly cloudy throughout the day with rain in the morning and afternoon.,rain,"48820099999,48823099999,48825099999,48831099999,VVNB"
Hanoi,2015-09-18,27.5,24,25.8,31.7,24,26.4,24.4,91.9,59.109,100,12.5,rain,0,0,28.4,13,61.8,1013.4,81.3,8.7,94.2,8.1,4,,2015-09-18T05:44:10,2015-09-18T17:57:27,0.17,"Rain, Partially cloudy",Partly cloudy throughout the day with a chance of rain throughout the day.,rain,"48820099999,48823099999,48825099999,48831099999,VVNB"
Hanoi,2015-09-19,34,25,28.7,40.6,25,32.8,24.8,80.9,1.1,100,16.67,rain,0,0,22.7,14.8,111.9,1011.1,59.9,8.2,214.2,18.6,7,,2015-09-19T05:44:25,2015-09-19T17:56:30,0.2,"Rain, Partially cloudy",Partly cloudy throughout the day with a chance of rain throughout the day.,rain,"48820099999,48823099999,48825099999,48831099999,VVNB"
Hanoi,2015-09-20,33,26.7,29.3,41.7,30.5,35.4,25.7,81.5,1.4,100,4.17,rain,0,0,19.4,15.7,94.8,1007.6,72.2,7.9,142.1,12.2,5,,2015-09-20T05:44:39,2015-09-20T17:55:33,0.23,"Rain, Partially cloudy",Partly cloudy throughout the day with late afternoon rain.,rain,"48820099999,48823099999,48825099999,48831099999,VVNB"
Hanoi,2015-09-21,29.5,25,26.8,34.4,25,29.2,24.3,86.3,9.105,100,12.5,rain,0,0,23,17.6,82.4,1006.2,91.6,9.3,68.1,5.8,3,,2015-09-21T05:44:54,2015-09-21T17:54:36,0.25,"Rain, Overcast",Cloudy skies throughout the day with a chance of rain throughout the day.,rain,"48820099999,48823099999,48825099999,48831099999,VVNB"
Hanoi,2015-09-22,28.5,25,25.9,32.8,25,26.5,24.2,90.5,31.003,100,12.5,rain,0,0,20.5,18.4,56.7,1006.3,90.7,8.4,81.7,7.2,3,,2015-09-22T05:45:08,2015-09-22T17:53:39,0.3,"Rain, Overcast",Cloudy skies throughout the day with a chance of rain throughout the day.,rain,"48820099999,48823099999,48825099999,48831099999,VVNB"
Hanoi,2015-09-23,31.3,25.5,28,39.7,25.5,32,25.4,86.2,0.365,100,12.5,rain,0,0,25.2,17.5,85.9,1007,67.3,9,139.3,12.1,5,,2015-09-23T05:45:23,2015-09-23T17:52:42,0.33,"Rain, Partially cloudy",Partly cloudy throughout the day with a chance of rain throughout the day.,rain,"48820099999,48823099999,48825099999,48831099999,VVNB"
Hanoi,2015-09-24,34.5,26.5,29.9,43.5,26.5,36.4,25.9,80.4,0.1,100,4.17,rain,0,0,23.4,17.5,117.7,1004.2,61.1,9,223.5,19.5,8,,2015-09-24T05:45:38,2015-09-24T17:51:45,0.37,"Rain, Partially cloudy",Partly cloudy throughout the day with afternoon rain.,rain,"48820099999,48823099999,48825099999,48831099999,VVNB"
Hanoi,2015-09-25,34.5,27.4,30.5,44,32.4,38.5,26.4,79.9,2.3,100,16.67,rain,0,0,24.8,16.6,100.4,1003.1,63.4,9.8,226.1,19.6,8,,2015-09-25T05:45:53,2015-09-25T17:50:48,0.4,"Rain, Partially cloudy",Partly cloudy throughout the day with rain.,rain,"48820099999,48823099999,48825099999,48831099999,VVNB"
Hanoi,2015-09-26,30.9,27,28.6,40.9,31,34.3,25.6,84.2,4.225,100,8.33,rain,0,0,28.1,16.7,75.5,1005.9,61.8,8.6,135.8,12,6,,2015-09-26T05:46:08,2015-09-26T17:49:52,0.44,"Rain, Partially cloudy",Partly cloudy throughout the day with rain.,rain,"48820099999,48823099999,48825099999,48831099999,VVNB"
Hanoi,2015-09-27,34.1,26.3,29.6,42.1,26.3,35.4,25.6,80.5,4.3,100,45.83,rain,0,0,16.6,13.9,127.5,1007.6,30,8.1,149.6,12.9,6,,2015-09-27T05:46:23,2015-09-27T17:48:55,0.47,"Rain, Partially cloudy",Partly cloudy throughout the day with a chance of rain throughout the day.,rain,"48820099999,48823099999,48825099999,48831099999,VVNB"
Hanoi,2015-09-28,34.1,27,30.3,40.9,31.2,36.5,25.3,76.5,0.8,100,20.83,rain,0,0,20.9,14.8,110.9,1007.9,19.2,8.2,215,18.6,8,,2015-09-28T05:46:39,2015-09-28T17:47:59,0.5,Rain,Clear conditions throughout the day with a chance of rain throughout the day.,rain,"48820099999,48823099999,48825099999,48831099999,VVNB"
Hanoi,2015-09-29,35.5,27,30.8,41.6,31.2,37,25.2,74,1.2,100,16.67,rain,0,0,17.6,13,44,1007.8,20.2,6.9,221.3,19,7,,2015-09-29T05:46:54,2015-09-29T17:47:03,0.54,"Rain, Partially cloudy",Partly cloudy throughout the day with rain.,rain,"48820099999,48823099999,48825099999,48831099999,VVNB"
Hanoi,2015-09-30,34,25.5,29.9,39.3,25.5,34.8,24.3,73.1,1.462,100,12.5,rain,0,0,20.9,14.8,97.7,1010.4,48.7,8,189.3,16.2,7,,2015-09-30T05:47:10,2015-09-30T17:46:07,0.57,"Rain, Partially cloudy",Partly cloudy throughout the day with rain.,rain,"48820099999,48823099999,48825099999,48831099999,VVNB"
Hanoi,2015-10-01,34.1,24,29.6,39.7,24,34.3,24.1,73.8,5.6,100,29.17,rain,0,0,20.2,27.9,37,1012.6,42.2,6.8,213.8,18.4,8,,2015-10-01T05:47:26,2015-10-01T17:45:12,0.6,"Rain, Partially cloudy",Partly cloudy throughout the day with rain.,rain,"48820099999,48823099999,48825099999,48831099999,VVNB"
Hanoi,2015-10-02,32.1,24.5,27.6,36.6,24.5,30.2,23.6,79.9,11.14,100,12.5,rain,0,0,21.6,17.6,297.5,1012,54.8,8.2,150,12.9,7,,2015-10-02T05:47:42,2015-10-02T17:44:17,0.64,"Rain, Partially cloudy",Partly cloudy throughout the day with rain.,rain,"48820099999,48823099999,48825099999,48831099999,VVNB"
Hanoi,2015-10-03,32.1,25.7,28.6,37.5,25.7,31.6,23.8,76.7,0.11,100,4.17,rain,0,0,25.6,13,29.7,1011.5,39.2,7.1,158.7,13.7,7,,2015-10-03T05:47:59,2015-10-03T17:43:22,0.67,"Rain, Partially cloudy",Partly cloudy throughout the day with afternoon rain.,rain,"48820099999,48823099999,48825099999,48831099999,VVNB"
Hanoi,2015-10-04,32,25.5,28.9,35.8,25.5,31.2,22.1,68.2,2.4,100,8.33,rain,0,0,52.2,17.5,333.3,1010.2,55.9,8.6,194.8,16.9,8,,2015-10-04T05:48:16,2015-10-04T17:42:27,0.7,"Rain, Partially cloudy",Partly cloudy throughout the day with afternoon rain.,rain,"48820099999,48823099999,48825099999,48831099999,VVNB"
Hanoi,2015-10-05,31.2,24,27.4,36.1,24,28.8,20.9,68.1,0,0,0,,0,0,24.1,20.3,36.4,1010.8,83.8,9.9,121.2,10.5,6,,2015-10-05T05:48:33,2015-10-05T17:41:33,0.75,Partially cloudy,Partly cloudy throughout the day.,partly-cloudy-day,"48820099999,48823099999,48825099999,48831099999,VVNB"
Hanoi,2015-10-06,31,24,27.4,33.1,24,28.5,20.1,65.8,0,0,0,,0,0,15.8,12.1,93.4,1012.2,53,10.2,234.5,20.3,9,,2015-10-06T05:48:50,2015-10-06T17:40:39,0.77,Partially cloudy,Partly cloudy throughout the day.,partly-cloudy-day,"48820099999,48823099999,48825099999,48831099999,VVNB"
Hanoi,2015-10-07,33.5,25.9,29,37.2,25.9,31.5,22.6,69.6,0,0,0,,0,0,19.4,13.9,105.9,1011.9,39.6,8.7,185.7,16.1,7,,2015-10-07T05:49:08,2015-10-07T17:39:46,0.81,Partially cloudy,Partly cloudy throughout the day.,partly-cloudy-day,"48820099999,48823099999,48825099999,48831099999,VVNB"
Hanoi,2015-10-08,29.4,24.5,26.8,33,24.5,28.1,22.3,77,40.493,100,8.33,rain,0,0,24.1,23.2,16.7,1011.7,70,8.6,161.1,13.8,6,,2015-10-08T05:49:26,2015-10-08T17:38:53,0.84,"Rain, Partially cloudy",Partly cloudy throughout the day with rain in the morning and afternoon.,rain,"48820099999,48823099999,48825099999,48831099999,VVNB"
Hanoi,2015-10-09,26.5,20.5,24.4,26.5,20.5,24.4,21,81.7,4.42,100,12.5,rain,0,0,32,25,8.7,1011.7,89.1,8.8,62.1,5.4,4,,2015-10-09T05:49:45,2015-10-09T17:38:01,0.87,"Rain, Partially cloudy",Partly cloudy throughout the day with rain.,rain,"48820099999,48823099999,48825099999,48831099999,VVNB"
Hanoi,2015-10-10,21.1,19.5,20.2,21.1,19.5,20.2,17.3,83.8,25.878,100,16.67,rain,0,0,30.2,18.4,350.7,1015.8,91.6,9.3,26.7,2.2,1,,2015-10-10T05:50:03,2015-10-10T17:37:09,0.91,"Rain, Overcast",Cloudy skies throughout the day with a chance of rain throughout the day.,rain,"48820099999,48823099999,48825099999,48831099999,VVNB"
Hanoi,2015-10-11,25.4,20.3,23,25.4,20.3,23,15.4,63,9.04,100,8.33,rain,0,0,25.9,13,341.9,1019.5,95.1,10,70.1,6.1,3,,2015-10-11T05:50:22,2015-10-11T17:36:18,0.94,"Rain, Overcast",Cloudy skies throughout the day with rain.,rain,"48820099999,48823099999,48825099999,48831099999,VVNB"
Hanoi,2015-10-12,26.1,20,22.6,26.1,20,22.6,15.4,64.7,0.2,100,4.17,rain,0,0,27.7,14.8,15,1019.7,70.4,10,185.2,16,8,,2015-10-12T05:50:42,2015-10-12T17:35:28,0.97,"Rain, Partially cloudy",Partly cloudy throughout the day with early morning rain.,rain,"48820099999,48823099999,48825099999,48831099999,VVNB"
Hanoi,2015-10-13,27,21,23.7,27.4,21,23.7,16.4,65.1,0,0,0,,0,0,24.1,13.9,358.1,1019.3,59.3,9.5,203,17.5,8,,2015-10-13T05:51:02,2015-10-13T17:34:37,0,Partially cloudy,Partly cloudy throughout the day.,partly-cloudy-day,"48820099999,48823099999,48825099999,48831099999,VVNB,remote"
Hanoi,2015-10-14,28,20,23.9,28.4,20,24.1,18,70.6,0.2,100,4.17,rain,0,0,19.8,12.1,299.2,1017.9,34.7,8.4,193,16.7,8,,2015-10-14T05:51:22,2015-10-14T17:33:48,0.04,"Rain, Partially cloudy",Partly cloudy throughout the day with early morning rain.,rain,"48820099999,48823099999,48825099999,48831099999,VVNB"
Hanoi,2015-10-15,31.5,22,26.4,32.8,22,27,19.6,68.1,0,0,0,,0,0,18.7,9.4,335.8,1015.4,21.3,9,230.4,19.9,8,,2015-10-15T05:51:43,2015-10-15T17:32:59,0.08,Partially cloudy,Partly cloudy throughout the day.,partly-cloudy-day,"48820099999,48823099999,48825099999,48831099999,VVNB"
Hanoi,2015-10-16,31.5,22.7,27,33.6,22.7,28,20.8,70.6,0,0,0,,0,0,15.8,10.5,40.4,1014,13.3,6.3,205.8,17.7,8,,2015-10-16T05:52:04,2015-10-16T17:32:11,0.11,Clear,Clear conditions throughout the day.,clear-day,"48820099999,48823099999,48825099999,48831099999,VVNB"
Hanoi,2015-10-17,31.5,23,27.2,33.7,23,28.1,20.6,69.2,0.1,100,4.17,rain,0,0,15.1,13,67.6,1013.3,11.1,6.1,208.3,17.9,8,,2015-10-17T05:52:26,2015-10-17T17:31:24,0.14,Rain,Clear conditions throughout the day with morning rain.,rain,"48820099999,48823099999,48825099999,48831099999,VVNB"
Hanoi,2015-10-18,31.9,23,27.2,33.9,23,28.1,20.8,70,0,0,0,,0,0,14,9,51.4,1013.3,17.4,6.3,225.8,19.4,8,,2015-10-18T05:52:48,2015-10-18T17:30:37,0.18,Clear,Clear conditions throughout the day.,clear-day,"48820099999,48823099999,48825099999,48831099999,VVNB"
Hanoi,2015-10-19,33,22,26.9,33.5,22,27.5,20,68.4,0,0,0,,0,0,18,10.3,9.1,1011.4,6.6,5.7,229.5,19.7,8,,2015-10-19T05:53:10,2015-10-19T17:29:51,0.21,Clear,Clear conditions throughout the day.,clear-day,"48820099999,48823099999,48825099999,48831099999,VVNB"
Hanoi,2015-10-20,32.4,23,27.3,34.1,23,28.4,20.8,69.8,0,0,0,,0,0,15.1,11.2,59.7,1009.4,6.8,5.2,222.2,19.1,8,,2015-10-20T05:53:33,2015-10-20T17:29:06,0.25,Clear,Clear conditions throughout the day.,clear-day,"48820099999,48823099999,48825099999,48831099999,VVNB"
Hanoi,2015-10-21,31.8,24,27.4,34.4,24,28.6,21.4,70.8,0.3,100,8.33,rain,0,0,18,13,74.3,1010.5,7.6,5.7,190.7,16.3,7,,2015-10-21T05:53:57,2015-10-21T17:28:22,0.25,Rain,Clear conditions throughout the day with late afternoon rain.,rain,"48820099999,48823099999,48825099999,48831099999,VVNB"
Hanoi,2015-10-22,31.5,24.5,27.5,32.4,24.5,28,19.9,65,0.8,100,12.5,rain,0,0,15.8,13,77.5,1012.2,21.8,6.4,210.7,18.3,7,,2015-10-22T05:54:21,2015-10-22T17:27:38,0.32,"Rain, Partially cloudy",Partly cloudy throughout the day with early morning rain.,rain,"48820099999,48823099999,48825099999,48831099999,VVNB"
Hanoi,2015-10-23,31.5,24,26.9,32,24,27.4,20,67.8,0,0,0,,0,0,18.7,13,85.2,1012.9,16.5,5.8,223,19.3,8,,2015-10-23T05:54:45,2015-10-23T17:26:56,0.35,Clear,Clear conditions throughout the day.,clear-day,"48820099999,48823099999,48825099999,48831099999,VVNB"
Hanoi,2015-10-24,31,22.9,26.7,32.4,22.9,27.5,20.2,69.6,0,0,0,,0,0,20.5,13,89.6,1014,8.5,5.9,221.6,19.1,8,,2015-10-24T05:55:10,2015-10-24T17:26:14,0.39,Clear,Clear conditions throughout the day.,clear-day,"48820099999,48823099999,48825099999,48831099999,VVNB"
Hanoi,2015-10-25,31,23,26.8,33.2,23,27.8,20.9,71.6,0.035,100,4.17,rain,0,0,24.1,9.4,101,1015,21.1,5.7,193,16.6,7,,2015-10-25T05:55:36,2015-10-25T17:25:33,0.42,"Rain, Partially cloudy",Partly cloudy throughout the day with late afternoon rain.,rain,"48820099999,48823099999,48825099999,48831099999,VVNB"
Hanoi,2015-10-26,31.5,23,27.3,34.1,23,28.6,21.5,72.1,0,0,0,,0,0,19.4,13,110,1014.4,17.4,5.9,213,18.2,8,,2015-10-26T05:56:02,2015-10-26T17:24:53,0.46,Clear,Clear conditions throughout the day.,clear-day,"48820099999,48823099999,48825099999,48831099999,VVNB"
Hanoi,2015-10-27,32.2,24,27.8,35.4,24,29.4,22.3,74.1,0,0,0,,0,0,19.4,13.9,121,1014.3,26.2,7.3,188.6,16.3,7,,2015-10-27T05:56:28,2015-10-27T17:24:14,0.5,Partially cloudy,Partly cloudy throughout the day.,partly-cloudy-day,"48820099999,48823099999,48825099999,48831099999,VVNB"
Hanoi,2015-10-28,32.7,24,28.3,35.5,24,30,22.2,71.6,0,0,0,,0,0,28.4,18.4,130.9,1014.1,19.4,7.7,213.7,18.3,8,,2015-10-28T05:56:55,2015-10-28T17:23:36,0.52,Clear,Clear conditions throughout the day.,clear-day,"48820099999,48823099999,48825099999,48831099999,VVNB"
Hanoi,2015-10-29,33,25,28.3,36.5,25,30,22.1,70.8,0,0,0,,0,0,32.4,19.4,128.5,1014.9,21.9,8.6,198.1,17.1,7,,2015-10-29T05:57:23,2015-10-29T17:22:59,0.56,Partially cloudy,Partly cloudy throughout the day.,partly-cloudy-day,"48820099999,48823099999,48825099999,48831099999,VVNB"
Hanoi,2015-10-30,32.7,24,27.9,39.1,24,30.6,23.6,78.9,1.6,100,29.17,rain,0,0,23.8,10.8,117.4,1015.3,48.3,9.5,175.3,15.2,6,,2015-10-30T05:57:51,2015-10-30T17:22:23,0.59,"Rain, Partially cloudy",Partly cloudy throughout the day with rain.,rain,"48820099999,48823099999,48825099999,48831099999,VVNB,remote"
Hanoi,2015-10-31,29,22.4,25.4,32.4,22.4,25.9,21.8,81,11.693,100,12.5,rain,0,0,37.4,18.7,54.1,1018.6,92.4,10.1,88.7,7.7,5,,2015-10-31T05:58:19,2015-10-31T17:21:48,0.62,"Rain, Overcast",Cloudy skies throughout the day with rain.,rain,"48823099999,48825099999,48831099999,remote"
Hanoi,2015-11-01,22,18.7,20.8,22,18.7,20.8,16,74.3,0.295,100,4.17,rain,0,0,33.8,17.8,358.2,1022.9,99.6,10.1,38.2,3.3,2,,2015-11-01T05:58:49,2015-11-01T17:21:15,0.65,"Rain, Overcast",Cloudy skies throughout the day with afternoon rain.,rain,"48823099999,48825099999,48831099999,remote"
Hanoi,2015-11-02,27.1,19.8,22.7,26.9,19.8,22.7,15.1,63,0,0,0,,0,0,22.7,14.3,350.1,1020.3,70.6,9.4,200.8,17.3,7,,2015-11-02T05:59:18,2015-11-02T17:20:42,0.69,Partially cloudy,Partly cloudy throughout the day.,partly-cloudy-day,"48823099999,48820099999,48825099999,48831099999,remote"
Hanoi,2015-11-03,27.1,20.6,23.7,27.9,20.6,23.8,17.5,68.8,0,0,0,,0,0,16.6,11.2,66.8,1017.8,42.8,7.1,137.5,11.9,6,,2015-11-03T05:59:49,2015-11-03T17:20:10,0.75,Partially cloudy,Partly cloudy throughout the day.,partly-cloudy-day,"48820099999,48823099999,48825099999,48831099999,VVNB"
Hanoi,2015-11-04,28.1,21.1,24.7,29.8,21.1,25,19.9,75.8,2.555,100,4.17,rain,0,0,16.6,16.6,58.3,1016.3,56,7,118.5,10.2,5,,2015-11-04T06:00:19,2015-11-04T17:19:40,0.75,"Rain, Partially cloudy",Partly cloudy throughout the day with late afternoon rain.,rain,"48820099999,48823099999,48825099999,48831099999,remote,VVNB"
Hanoi,2015-11-05,27.5,24,25.5,30.1,24,26.1,21.5,79.2,0.098,100,4.17,rain,0,0,20.2,10.3,119.9,1014.4,62.3,6.4,107.8,9.3,5,,2015-11-05T06:00:50,2015-11-05T17:19:11,0.79,"Rain, Partially cloudy",Partly cloudy throughout the day with afternoon rain.,rain,"48820099999,48823099999,48825099999,48831099999,VVNB"
Hanoi,2015-11-06,31.5,24,26.8,34.3,24,28.1,22.4,78.1,0.349,100,8.33,rain,0,0,33.1,18.4,127.4,1012.8,55.2,7.6,160.4,13.8,6,,2015-11-06T06:01:22,2015-11-06T17:18:42,0.82,"Rain, Partially cloudy",Partly cloudy throughout the day with rain.,rain,"48820099999,48823099999,48825099999,48831099999,VVNB"
Hanoi,2015-11-07,30,23.5,25.8,33.3,23.5,26.7,23.2,85.6,2.959,100,8.33,rain,0,0,27,14.9,83.4,1013.9,72.9,7.6,110,9.5,5,,2015-11-07T06:01:54,2015-11-07T17:18:15,0.85,"Rain, Partially cloudy",Partly cloudy throughout the day with rain.,rain,"48820099999,48823099999,48825099999,48831099999,VVNB"
Hanoi,2015-11-08,29.7,24,25.7,35.2,24,26.7,23.7,88.7,0.493,100,8.33,rain,0,0,21.6,16.6,71.8,1014.8,70.2,6.8,126.6,10.8,5,,2015-11-08T06:02:27,2015-11-08T17:17:50,0.88,"Rain, Partially cloudy",Partly cloudy throughout the day with rain.,rain,"48820099999,48823099999,48825099999,48831099999,VVNB"
Hanoi,2015-11-09,27.9,25,25.8,31.5,25,26.3,23.4,86.8,9.35,100,8.33,rain,0,0,17.3,11.2,68.3,1014.5,76.9,7.6,119.9,10.3,5,,2015-11-09T06:03:00,2015-11-09T17:17:25,0.92,"Rain, Partially cloudy",Partly cloudy throughout the day with rain.,rain,"48820099999,48823099999,48825099999,48831099999,VVNB"
Hanoi,2015-11-10,27.9,24,25.8,31.7,24,26.6,22.9,84.3,6.976,100,8.33,rain,0,0,22,16.6,87.7,1013.9,86.1,9.3,90.4,7.8,4,,2015-11-10T06:03:34,2015-11-10T17:17:02,0.95,"Rain, Partially cloudy",Partly cloudy throughout the day with rain in the morning and afternoon.,rain,"48820099999,48823099999,48825099999,48831099999,VVNB"
Hanoi,2015-11-11,29.8,24,26.3,34.2,24,27.6,23,82.7,0.272,100,12.5,rain,0,0,31.7,14.8,97.6,1013.2,75,8.3,143.3,12.3,6,,2015-11-11T06:04:08,2015-11-11T17:16:40,0.98,"Rain, Partially cloudy",Partly cloudy throughout the day with a chance of rain throughout the day.,rain,"48820099999,48823099999,48825099999,48831099999,VVNB"
Hanoi,2015-11-12,31.7,22,27.2,36.7,22,29.4,23.3,80,0.087,100,4.17,rain,0,0,33.1,21.4,118.1,1013,57.5,8.3,137.6,11.8,6,,2015-11-12T06:04:43,2015-11-12T17:16:19,0,"Rain, Partially cloudy",Partly cloudy throughout the day with morning rain.,rain,"48820099999,48823099999,48825099999,48831099999,VVNB"
Hanoi,2015-11-13,24,20,21.9,24,20,21.9,18.5,80.9,4.158,100,12.5,rain,0,0,34.2,24.1,46.8,1014.3,89.7,10,28.6,2.4,1,,2015-11-13T06:05:18,2015-11-13T17:16:00,0.05,"Rain, Partially cloudy",Partly cloudy throughout the day with a chance of rain throughout the day.,rain,"48820099999,48823099999,48825099999,48831099999,VVNB"
Hanoi,2015-11-14,23.4,20.3,21.9,23.4,20.3,21.9,18.8,82.5,0.1,100,8.33,rain,0,0,13.3,15.7,65.9,1013.3,91.2,8.7,60,5.2,3,,2015-11-14T06:05:53,2015-11-14T17:15:42,0.09,"Rain, Overcast",Cloudy skies throughout the day with rain.,rain,"48820099999,48823099999,48825099999,48831099999,VVNB"
Hanoi,2015-11-15,30.5,22,25.9,34.8,22,27.2,22.4,82.1,0,0,0,,0,0,26.3,21.4,113.1,1011,83,8.1,140.7,12.1,5,,2015-11-15T06:06:29,2015-11-15T17:15:25,0.12,Partially cloudy,Partly cloudy throughout the day.,partly-cloudy-day,"48820099999,48823099999,48825099999,48831099999,VVNB"
Hanoi,2015-11-16,33,25,28.3,39.3,25,31.4,24.1,79,0,0,0,,0,0,29.2,22.3,145.7,1008.9,38.2,9.8,158.2,13.7,6,,2015-11-16T06:07:06,2015-11-16T17:15:09,0.16,Partially cloudy,Partly cloudy throughout the day.,partly-cloudy-day,"48820099999,48823099999,48825099999,48831099999,VVNB"
Hanoi,2015-11-17,33.8,25,29,37.1,25,31.2,22.8,72.1,0,0,0,,0,0,30.6,17.5,145,1009.5,25.4,10.3,193.9,16.7,7,,2015-11-17T06:07:42,2015-11-17T17:14:55,0.19,Partially cloudy,Partly cloudy throughout the day.,partly-cloudy-day,"48820099999,48823099999,48825099999,48831099999,VVNB"
Hanoi,2015-11-18,32,25.5,28.1,36.5,25.5,30.8,23.9,79.1,0.098,100,4.17,rain,0,0,24.8,20.5,136.9,1013.2,44.5,9.7,141.7,12.5,5,,2015-11-18T06:08:19,2015-11-18T17:14:42,0.23,"Rain, Partially cloudy",Partly cloudy throughout the day with late afternoon rain.,rain,"48820099999,48823099999,48825099999,48831099999,VVNB"
Hanoi,2015-11-19,30.4,25,27.5,34.6,25,29.5,23.4,79.1,0.098,100,4.17,rain,0,0,25.9,15.7,108.5,1014.5,67.5,9.4,142.9,12.6,6,,2015-11-19T06:08:57,2015-11-19T17:14:31,0.25,"Rain, Partially cloudy",Partly cloudy throughout the day with early morning rain.,rain,"48820099999,48823099999,48825099999,48831099999,VVNB"
Hanoi,2015-11-20,29.5,23,25.4,33,23,26,22.1,82.3,0.151,100,4.17,rain,0,0,24.1,16.6,85.8,1014.3,71.2,9,104.4,8.9,4,,2015-11-20T06:09:34,2015-11-20T17:14:21,0.3,"Rain, Partially cloudy",Partly cloudy throughout the day with late afternoon rain.,rain,"48820099999,48823099999,48825099999,48831099999,VVNB"
Hanoi,2015-11-21,27,22.3,24.2,28.9,22.3,24.4,21,82.8,37.685,100,12.5,rain,0,0,16.9,15.7,52.3,1015.6,65.5,9.4,100.9,8.7,5,,2015-11-21T06:10:12,2015-11-21T17:14:12,0.33,"Rain, Partially cloudy",Partly cloudy throughout the day with a chance of rain throughout the day.,rain,"48820099999,48823099999,48825099999,48831099999,VVNB"
Hanoi,2015-11-22,28.5,22.9,25.4,30.9,22.9,26,21.1,77.4,0.789,100,8.33,rain,0,0,18.7,16.6,59,1015.6,71.8,9.1,102.5,9,4,,2015-11-22T06:10:50,2015-11-22T17:14:05,0.37,"Rain, Partially cloudy",Partly cloudy throughout the day with rain.,rain,"48820099999,48823099999,48825099999,48831099999,VVNB"
Hanoi,2015-11-23,28.5,23,25.6,30.5,23,26.1,21.7,79.4,0.209,100,8.33,rain,0,0,20.5,14.8,53.8,1015.5,49.2,7.9,93.4,8,4,,2015-11-23T06:11:29,2015-11-23T17:13:59,0.4,"Rain, Partially cloudy",Partly cloudy throughout the day with rain in the morning and afternoon.,rain,"48820099999,48823099999,48825099999,48831099999,VVNB"
Hanoi,2015-11-24,27,23,24.8,29.2,23,24.8,21.7,83.5,0.698,100,8.33,rain,0,0,25.9,14.8,73.2,1014.7,66.2,7,122.1,10.5,5,,2015-11-24T06:12:07,2015-11-24T17:13:54,0.44,"Rain, Partially cloudy",Partly cloudy throughout the day with rain.,rain,"48820099999,48823099999,48825099999,48831099999,VVNB"
Hanoi,2015-11-25,25,17,21.9,25,17,21.9,18.9,83.2,27.366,100,16.67,rain,0,0,51.8,26.8,44.9,1017.2,82.4,8.5,44.6,3.8,2,,2015-11-25T06:12:46,2015-11-25T17:13:51,0.47,"Rain, Partially cloudy",Partly cloudy throughout the day with a chance of rain throughout the day.,rain,"48820099999,48823099999,48825099999,48831099999,VVNB"
Hanoi,2015-11-26,19,15,17,19,15,17,10.5,66.8,0.098,100,4.17,rain,0,0,24.5,20.5,13.1,1021.6,94.2,9.6,38,3.3,2,,2015-11-26T06:13:25,2015-11-26T17:13:49,0.5,"Rain, Overcast",Cloudy skies throughout the day with early morning rain.,rain,"48820099999,48823099999,48825099999,48831099999,VVNB"
Hanoi,2015-11-27,27,17.5,19.5,26.5,17.5,19.4,10.2,56,0,0,0,,0,0,19.4,13,43.4,1020.6,92.6,10.1,91.9,8,5,,2015-11-27T06:14:04,2015-11-27T17:13:48,0.54,Overcast,Cloudy skies throughout the day.,cloudy,"48820099999,48823099999,48825099999,48831099999,VVNB"
Hanoi,2015-11-28,21.2,19,19.9,21.2,19,19.9,14.3,70.5,0.2,100,8.33,rain,0,0,15.5,11.2,340.1,1020.5,91.6,9.4,40.7,3.7,2,,2015-11-28T06:14:43,2015-11-28T17:13:49,0.57,"Rain, Overcast",Cloudy skies throughout the day with afternoon rain.,rain,"48820099999,48823099999,48825099999,48831099999,VVNB"
Hanoi,2015-11-29,22,19.9,20.8,22,19.9,20.8,16.7,77.4,0.4,100,16.67,rain,0,0,23.4,14.8,358.9,1020.8,90.8,8,56.4,4.7,3,,2015-11-29T06:15:22,2015-11-29T17:13:52,0.61,"Rain, Overcast",Cloudy skies throughout the day with rain.,rain,"48820099999,48823099999,48825099999,48831099999,VVNB"
Hanoi,2015-11-30,23.1,20,21.2,23.1,20,21.2,16.6,75.5,0,0,0,,0,0,17.6,14.8,59.3,1017.8,91,9.2,70.5,6.1,3,,2015-11-30T06:16:01,2015-11-30T17:13:55,0.64,Overcast,Cloudy skies throughout the day.,cloudy,"48820099999,48823099999,48825099999,48831099999,VVNB"
Hanoi,2015-12-01,29,21,24.4,31.1,21,24.9,20.2,78,0.4,100,16.67,rain,0,0,32.4,14.8,117,1013.5,85,7,142,12.1,6,,2015-12-01T06:16:41,2015-12-01T17:14:00,0.67,"Rain, Partially cloudy",Partly cloudy throughout the day with rain clearing later.,rain,"48820099999,48823099999,48825099999,48831099999,VVNB"
Hanoi,2015-12-02,30,22.7,25.7,32.6,22.7,26.4,21.8,80.6,0.012,100,4.17,rain,0,0,48.6,28.6,62.5,1014.1,61.9,6.4,119,10.3,5,,2015-12-02T06:17:20,2015-12-02T17:14:06,0.7,"Rain, Partially cloudy",Partly cloudy throughout the day with morning rain.,rain,"48820099999,48823099999,48825099999,48831099999,VVNB"
Hanoi,2015-12-03,22.3,19,20.6,22.3,19,20.6,14.7,69.3,0.097,100,8.33,rain,0,0,20.9,28.6,55.7,1018.1,87.5,10.1,34.7,3,2,,2015-12-03T06:17:59,2015-12-03T17:14:14,0.75,"Rain, Partially cloudy",Partly cloudy throughout the day with rain.,rain,"48820099999,48823099999,48825099999,48831099999,VVNB"
Hanoi,2015-12-04,19,15.5,16.7,19,15.5,16.7,14.3,86.3,8.16,100,16.67,rain,0,0,23.4,16.6,30.7,1019.4,91.8,8,20.1,1.9,1,,2015-12-04T06:18:38,2015-12-04T17:14:23,0.77,"Rain, Overcast",Cloudy skies throughout the day with a chance of rain throughout the day.,rain,"48820099999,48823099999,48825099999,48831099999,VVNB"
Hanoi,2015-12-05,18.3,15,16.4,18.3,15,16.4,14.1,86.5,10.895,100,12.5,rain,0,0,22.3,13,24.7,1019.7,85.3,9.8,38.7,3.4,2,,2015-12-05T06:19:16,2015-12-05T17:14:33,0.8,"Rain, Partially cloudy",Partly cloudy throughout the day with a chance of rain throughout the day.,rain,"48820099999,48823099999,48825099999,48831099999,VVNB"
Hanoi,2015-12-06,22,14,17.3,22,14,17.3,10.8,66.8,0,0,0,,0,0,29.9,15.7,24.8,1022.8,30.3,10,185.7,16.1,7,,2015-12-06T06:19:55,2015-12-06T17:14:45,0.83,Partially cloudy,Partly cloudy throughout the day.,partly-cloudy-day,"48820099999,48823099999,48825099999,48831099999,VVNB"
Hanoi,2015-12-07,21.5,12,16.7,21.5,12,16.7,10.5,68,0,0,0,,0,0,22.7,13.9,57.2,1023.3,21.9,9.9,188,16.3,7,,2015-12-07T06:20:33,2015-12-07T17:14:57,0.86,Partially cloudy,Clearing in the afternoon.,partly-cloudy-day,"48820099999,48823099999,48825099999,48831099999,VVNB"
Hanoi,2015-12-08,18.5,15,16.8,18.5,15,16.8,11.3,70.6,0.098,100,4.17,rain,0,0,23,20.5,54.6,1021.8,65.8,9.2,130.6,11.2,6,,2015-12-08T06:21:11,2015-12-08T17:15:12,0.9,"Rain, Partially cloudy",Partly cloudy throughout the day with late afternoon rain.,rain,"48820099999,48823099999,48825099999,48831099999,VVNB"
Hanoi,2015-12-09,21.5,15,18.1,21.5,15,18.1,13,72.7,0.197,100,4.17,rain,0,0,40.7,11.2,20.4,1017.8,86.5,8.7,129.5,11.2,6,,2015-12-09T06:21:49,2015-12-09T17:15:27,0.93,"Rain, Partially cloudy",Partly cloudy throughout the day with early morning rain.,rain,"48820099999,48823099999,48825099999,48831099999,VVNB"
Hanoi,2015-12-10,20.9,17,18.9,20.9,17,18.9,14.9,77.6,0,0,0,,0,0,17.6,15.7,39.2,1016.4,83.4,9.9,81,7,3,,2015-12-10T06:22:26,2015-12-10T17:15:44,0.96,Partially cloudy,Partly cloudy throughout the day.,partly-cloudy-day,"48820099999,48823099999,48825099999,48831099999,VVNB,remote"
Hanoi,2015-12-11,21,17,18.9,21,17,18.9,16.2,84.8,0.793,100,12.5,rain,0,0,16.9,13,70.4,1014.4,89.7,8.8,31.2,2.7,1,,2015-12-11T06:23:04,2015-12-11T17:16:01,0,"Rain, Partially cloudy",Partly cloudy throughout the day with a chance of rain throughout the day.,rain,"48820099999,48823099999,48825099999,48831099999,VVNB"
Hanoi,2015-12-12,24.6,18,20.1,24.6,18,20.1,18.1,88.6,1.1,100,25,rain,0,0,19.1,12.6,30.1,1012,90,6.6,70.2,6,3,,2015-12-12T06:23:40,2015-12-12T17:16:20,0.03,"Rain, Partially cloudy",Partly cloudy throughout the day with rain clearing later.,rain,"48820099999,48823099999,48825099999,48831099999,VVNB"
Hanoi,2015-12-13,28,19.9,23.2,30.4,19.9,23.6,20.6,86.1,0,0,0,,0,0,28.4,11.2,300.6,1012.6,57.1,5.7,89.2,7.6,4,,2015-12-13T06:24:16,2015-12-13T17:16:41,0.06,Partially cloudy,Clearing in the afternoon.,partly-cloudy-day,"48820099999,48823099999,48825099999,48831099999,VVNB"
Hanoi,2015-12-14,24,19,20.7,24,19,20.7,16.7,78.1,0.133,100,8.33,rain,0,0,33.1,21.4,55.3,1015.5,80.4,9.6,35.7,3.1,2,,2015-12-14T06:24:52,2015-12-14T17:17:02,0.1,"Rain, Partially cloudy",Partly cloudy throughout the day with rain.,rain,"48820099999,48823099999,48825099999,48831099999,VVNB"
Hanoi,2015-12-15,19,16.9,17.4,19,16.9,17.4,13.1,75.7,0.112,100,8.33,rain,0,0,26.3,21.4,35.2,1019.6,91.9,9.9,27,2.3,1,,2015-12-15T06:25:27,2015-12-15T17:17:24,0.13,"Rain, Overcast",Cloudy skies throughout the day with rain.,rain,"48820099999,48823099999,48825099999,48831099999,VVNB"
Hanoi,2015-12-16,17,13,15.1,17,13,15.1,8,62.9,0.098,100,4.17,rain,0,0,33.5,24.1,5.1,1025.2,73.8,10.1,30,2.6,1,,2015-12-16T06:26:02,2015-12-16T17:17:48,0.17,"Rain, Partially cloudy",Partly cloudy throughout the day with late afternoon rain.,rain,"48820099999,48823099999,48825099999,48831099999,VVNB"
Hanoi,2015-12-17,16.8,13.7,14.9,16.8,13.7,14.9,6.1,56.4,0,0,0,,0,0,27.7,18.4,0.3,1026.6,74,10,72.5,6.3,3,,2015-12-17T06:26:36,2015-12-17T17:18:12,0.21,Partially cloudy,Partly cloudy throughout the day.,partly-cloudy-day,"48820099999,48823099999,48825099999,48831099999,VVNB"
Hanoi,2015-12-18,16.1,13,14.8,16.1,13,14.8,8.9,68.7,0,0,0,,0,0,19.8,13,22.3,1024.9,81,9.7,102.8,8.8,4,,2015-12-18T06:27:09,2015-12-18T17:18:38,0.25,Partially cloudy,Partly cloudy throughout the day.,partly-cloudy-day,"48820099999,48823099999,48825099999,48831099999,VVNB"
Hanoi,2015-12-19,18,14,16.1,18,14,16.1,10.3,69.3,0,0,0,,0,0,18.4,12.1,354.4,1024.1,79.8,9.2,141.1,12.1,6,,2015-12-19T06:27:41,2015-12-19T17:19:05,0.28,Partially cloudy,Partly cloudy throughout the day.,partly-cloudy-day,"48820099999,48823099999,48825099999,48831099999,VVNB"
Hanoi,2015-12-20,21,16,17.6,21,16,17.6,12.3,71.7,0,0,0,,0,0,20.5,9.8,10.6,1021.8,52,8.8,133.5,11.4,6,,2015-12-20T06:28:13,2015-12-20T17:19:32,0.31,Partially cloudy,Partly cloudy throughout the day.,partly-cloudy-day,"48820099999,48823099999,48825099999,48831099999,VVNB"
Hanoi,2015-12-21,23.4,15.9,19.4,23.4,15.9,19.4,15.1,77.3,0,0,0,,0,0,15.5,8.5,32.2,1019.7,33.6,5.4,161.6,14,6,,2015-12-21T06:28:45,2015-12-21T17:20:01,0.35,Partially cloudy,Partly cloudy throughout the day.,partly-cloudy-day,"48820099999,48823099999,48825099999,48831099999,VVNB"
Hanoi,2015-12-22,24.5,18,20.6,24.5,18,20.6,17.6,83.6,6.879,100,4.17,rain,0,0,50,13,96,1018.6,47.6,4.9,151.4,13.1,7,,2015-12-22T06:29:15,2015-12-22T17:20:30,0.38,"Rain, Partially cloudy",Partly cloudy throughout the day with morning rain.,rain,"48820099999,48823099999,48825099999,48831099999,VVNB"
Hanoi,2015-12-23,24.7,19.4,21.4,24.7,19.4,21.4,19.9,91.2,0,0,0,,0,0,23.8,11.2,100.5,1015.3,65.6,3.7,115.8,10.1,5,,2015-12-23T06:29:44,2015-12-23T17:21:01,0.42,Partially cloudy,Partly cloudy throughout the day.,partly-cloudy-day,"48820099999,48823099999,48825099999,48831099999,VVNB"
Hanoi,2015-12-24,26,20.7,22.9,26,20.7,22.9,20.8,88.9,0.3,100,8.33,rain,0,0,41,9.8,86.4,1015.1,70.8,3.9,104.6,8.9,4,,2015-12-24T06:30:13,2015-12-24T17:21:32,0.46,"Rain, Partially cloudy",Partly cloudy throughout the day with late afternoon rain.,rain,"48820099999,48823099999,48825099999,48831099999,VVNB"
Hanoi,2015-12-25,22.8,13,17.9,22.8,13,17.9,12.7,73.7,0.255,100,12.5,rain,0,0,26.3,25.9,28,1021,93,8.1,28,2.4,2,,2015-12-25T06:30:41,2015-12-25T17:22:04,0.5,"Rain, Overcast",Cloudy skies throughout the day with rain.,rain,"48820099999,48823099999,48825099999,48831099999,VVNB"
Hanoi,2015-12-26,15,13,14.1,15,13,14.1,12.6,91.1,5.117,100,12.5,rain,0,0,18.7,11.2,13.4,1021.2,91.8,8.4,49.1,4.3,2,,2015-12-26T06:31:08,2015-12-26T17:22:37,0.52,"Rain, Overcast",Cloudy skies throughout the day with rain.,rain,"48820099999,48823099999,48825099999,48831099999,VVNB"
Hanoi,2015-12-27,18.3,14.7,16.6,18.3,14.7,16.6,13.9,84.8,0.1,100,4.17,rain,0,0,23.8,12.1,325.5,1023.2,89.6,9.2,102.3,8.8,5,,2015-12-27T06:31:34,2015-12-27T17:23:11,0.56,"Rain, Partially cloudy",Partly cloudy throughout the day with afternoon rain.,rain,"48820099999,48823099999,48825099999,48831099999,VVNB"
Hanoi,2015-12-28,19,16.9,17.8,19,16.9,17.8,14.6,82.1,0.6,100,20.83,rain,0,0,19.1,14.8,32,1025,90.6,8.2,42.7,3.7,2,,2015-12-28T06:31:59,2015-12-28T17:23:45,0.59,"Rain, Overcast",Cloudy skies throughout the day with rain.,rain,"48820099999,48823099999,48825099999,48831099999,VVNB"
Hanoi,2015-12-29,16.1,15,15.5,16.1,15,15.5,14.4,93.1,2.281,100,12.5,rain,0,0,22,14.8,20.5,1024.3,91.8,7.1,19.6,1.7,1,,2015-12-29T06:32:22,2015-12-29T17:24:20,0.62,"Rain, Overcast",Cloudy skies throughout the day with a chance of rain throughout the day.,rain,"48820099999,48823099999,48825099999,48831099999,VVNB"
Hanoi,2015-12-30,17,13.9,15.5,17,13.9,15.5,12.3,81.7,0.406,100,8.33,rain,0,0,20.9,20.5,13.9,1025.7,92.4,9.5,23.7,2.1,1,,2015-12-30T06:32:45,2015-12-30T17:24:55,0.65,"Rain, Overcast",Cloudy skies throughout the day with rain.,rain,"48820099999,48823099999,48825099999,48831099999,VVNB,remote"
Hanoi,2015-12-31,19.5,15,16.7,19.5,15,16.7,10.9,69.3,0.052,100,8.33,rain,0,0,22.3,16.6,19.8,1027.1,84,9.7,43.6,3.8,2,,2015-12-31T06:33:07,2015-12-31T17:25:32,0.68,"Rain, Partially cloudy",Partly cloudy throughout the day with rain clearing later.,rain,"48820099999,48823099999,48825099999,48831099999,VVNB"
Hanoi,2016-01-01,19.3,15,17.4,19.3,15,17.4,13.4,77.6,0,0,0,,0,0,14.8,11.2,49.8,1025.5,82.2,9.3,125.1,10.8,6,,2016-01-01T06:33:28,2016-01-01T17:26:09,0.72,Partially cloudy,Partly cloudy throughout the day.,partly-cloudy-day,"48820099999,48823099999,48825099999,48831099999,VVNB"
Hanoi,2016-01-02,23,16.9,19.2,23,16.9,19.2,15.4,79.1,0,0,0,,0,0,14.4,11.2,72.9,1022,83.8,7.1,114.5,9.9,6,,2016-01-02T06:33:48,2016-01-02T17:26:46,0.75,Partially cloudy,Partly cloudy throughout the day.,partly-cloudy-day,"48820099999,48823099999,48825099999,48831099999,VVNB"
Hanoi,2016-01-03,25,17,20.6,25,17,20.6,17,80.9,0,0,0,,0,0,19.4,16.6,129.4,1018.3,64.6,5.9,133.3,11.5,6,,2016-01-03T06:34:06,2016-01-03T17:27:24,0.78,Partially cloudy,Partly cloudy throughout the day.,partly-cloudy-day,"48820099999,48823099999,48825099999,48831099999,VVNB"
Hanoi,2016-01-04,25,18,21.1,25,18,21.1,18,83.1,0,0,0,,0,0,14,13,107.3,1016.9,72.5,6,82,7,4,,2016-01-04T06:34:23,2016-01-04T17:28:02,0.81,Partially cloudy,Partly cloudy throughout the day.,partly-cloudy-day,"48820099999,48823099999,48825099999,48831099999,VVNB"
Hanoi,2016-01-05,26,19,21.8,26,19,21.8,19.1,85.4,0.1,100,4.17,rain,0,0,20.5,11.2,83.3,1014.9,50.4,5.4,141.5,12.4,5,,2016-01-05T06:34:39,2016-01-05T17:28:41,0.84,"Rain, Partially cloudy",Partly cloudy throughout the day with morning rain.,rain,"48820099999,48823099999,48825099999,48831099999,VVNB"
Hanoi,2016-01-06,26,20,22.4,26,20,22.4,19.5,85.1,0.3,100,12.5,rain,0,0,37.1,18.4,108.2,1017,60.4,5.8,86.3,7.5,3,,2016-01-06T06:34:54,2016-01-06T17:29:20,0.88,"Rain, Partially cloudy",Partly cloudy throughout the day with rain in the morning and afternoon.,rain,"48820099999,48823099999,48825099999,48831099999,VVNB"
Hanoi,2016-01-07,25,20,21.7,25,20,21.7,18.9,84.7,1.9,100,45.83,rain,0,0,24.5,20.5,123.5,1018.5,76.6,6.8,69.3,5.7,3,,2016-01-07T06:35:08,2016-01-07T17:29:59,0.91,"Rain, Partially cloudy",Partly cloudy throughout the day with a chance of rain throughout the day.,rain,"48820099999,48823099999,48825099999,48831099999,VVNB"
Hanoi,2016-01-08,24,19,21.2,24,19,21.2,18.6,85.4,0.098,100,4.17,rain,0,0,23.8,22.3,108.7,1017.3,78.8,7.6,37.1,3.2,1,,2016-01-08T06:35:21,2016-01-08T17:30:39,0.94,"Rain, Partially cloudy",Partly cloudy throughout the day with afternoon rain.,rain,"48820099999,48823099999,48825099999,48831099999,VVNB"
Hanoi,2016-01-09,24.1,20,21.5,24.1,20,21.5,19.7,89.5,0.007,100,4.17,rain,0,0,32.4,25.9,112.8,1014.7,74.9,6.6,97.5,8.4,4,,2016-01-09T06:35:32,2016-01-09T17:31:19,0.97,"Rain, Partially cloudy",Partly cloudy throughout the day with late afternoon rain.,rain,"48820099999,48823099999,48825099999,48831099999,VVNB"
Hanoi,2016-01-10,29.2,21,24.3,30.6,21,24.7,20.8,82.8,0.035,100,4.17,rain,0,0,19.8,18.4,128,1011.9,51.6,8.4,122.3,10.5,5,,2016-01-10T06:35:42,2016-01-10T17:31:59,0,"Rain, Partially cloudy",Partly cloudy throughout the day with early morning rain.,rain,"48820099999,48823099999,48825099999,48831099999,VVNB"
Hanoi,2016-01-11,24,18,21.5,24,18,21.5,17.8,80.1,0.7,100,25,rain,0,0,33.1,25.9,62.8,1014.9,73.7,8.5,84.4,7.3,4,,2016-01-11T06:35:51,2016-01-11T17:32:39,0.04,"Rain, Partially cloudy",Partly cloudy throughout the day with rain clearing later.,rain,"48820099999,48823099999,48825099999,48831099999,VVNB"
Hanoi,2016-01-12,19.1,16,17.8,19.1,16,17.8,13.7,76.7,0,0,0,,0,0,16.9,18.4,68.6,1018.2,91.8,9.3,62.8,5.5,3,,2016-01-12T06:35:58,2016-01-12T17:33:20,0.08,Overcast,Cloudy skies throughout the day.,cloudy,"48820099999,48823099999,48825099999,48831099999,VVNB"
Hanoi,2016-01-13,18.5,16,17.2,18.5,16,17.2,14.7,85.2,0.098,100,4.17,rain,0,0,16.2,16.6,45.2,1018.1,91.9,8.1,38.9,3.4,2,,2016-01-13T06:36:04,2016-01-13T17:34:00,0.11,"Rain, Overcast",Cloudy skies throughout the day with early morning rain.,rain,"48820099999,48823099999,48825099999,48831099999,VVNB"
Hanoi,2016-01-14,17.1,16,16.3,17.1,16,16.3,15.6,95.9,7.882,100,16.67,rain,0,0,31,13,41.3,1016,91.9,5.3,26.3,2.1,1,,2016-01-14T06:36:09,2016-01-14T17:34:41,0.15,"Rain, Overcast",Cloudy skies throughout the day with a chance of rain throughout the day.,rain,"48820099999,48823099999,48825099999,48831099999,VVNB"
Hanoi,2016-01-15,18,15,16,18,15,16,13.9,87.5,1.091,100,8.33,rain,0,0,25.9,16.6,49.8,1013.4,91.9,8.5,36.9,3.1,2,,2016-01-15T06:36:12,2016-01-15T17:35:22,0.18,"Rain, Overcast",Cloudy skies throughout the day with rain.,rain,"48820099999,48823099999,48825099999,48831099999,VVNB"
Hanoi,2016-01-16,17.3,14,15.8,17.3,14,15.8,15.3,97.2,0.593,100,12.5,rain,0,0,16.6,14.8,53.3,1011.1,91.9,3.9,64,5.5,3,,2016-01-16T06:36:14,2016-01-16T17:36:03,0.22,"Rain, Overcast",Cloudy skies throughout the day with a chance of rain throughout the day.,rain,"48820099999,48823099999,48825099999,48831099999,VVNB"
Hanoi,2016-01-17,23,16.7,19.4,23,16.7,19.4,16.1,82.2,0.2,100,4.17,rain,0,0,34.9,18.4,8.3,1012.2,72.3,8,133.9,11.7,6,,2016-01-17T06:36:15,2016-01-17T17:36:43,0.25,"Rain, Partially cloudy",Partly cloudy throughout the day with early morning rain.,rain,"48820099999,48823099999,48825099999,48831099999,VVNB"
Hanoi,2016-01-18,20,15.9,18.1,20,15.9,18.1,12.1,68.4,0,0,0,,0,0,19.1,18.4,83,1015.7,89.1,9.4,130.9,11.3,6,,2016-01-18T06:36:15,2016-01-18T17:37:24,0.29,Partially cloudy,Partly cloudy throughout the day.,partly-cloudy-day,"48820099999,48823099999,48825099999,48831099999,VVNB"
Hanoi,2016-01-19,18.3,16,17.2,18.3,16,17.2,13.8,80.1,0,0,0,,0,0,18,18.4,53.2,1017.7,80.4,8.6,61.9,5.4,3,,2016-01-19T06:36:13,2016-01-19T17:38:05,0.33,Partially cloudy,Partly cloudy throughout the day.,partly-cloudy-day,"48820099999,48823099999,48825099999,48831099999,VVNB"
Hanoi,2016-01-20,18.7,16,17.6,18.7,16,17.6,15.1,85.5,0.1,100,4.17,rain,0,0,13,11.2,47.9,1017.1,91.9,6.1,61.3,5.3,3,,2016-01-20T06:36:10,2016-01-20T17:38:45,0.36,"Rain, Overcast",Cloudy skies throughout the day with morning rain.,rain,"48820099999,48823099999,48825099999,48831099999,VVNB"
Hanoi,2016-01-21,20,17,18.3,20,17,18.3,17.5,95.2,0.198,100,8.33,rain,0,0,19.4,16.6,31,1015.5,91.9,2.7,58.6,5.2,2,,2016-01-21T06:36:05,2016-01-21T17:39:25,0.4,"Rain, Overcast",Cloudy skies throughout the day with rain.,rain,"48820099999,48823099999,48825099999,48831099999,VVNB"
Hanoi,2016-01-22,17.3,14,15.6,17.3,14,15.6,14.7,94.4,1.091,100,8.33,rain,0,0,28.1,24.1,61.9,1017.4,91.9,6.5,33.2,2.8,2,,2016-01-22T06:35:59,2016-01-22T17:40:06,0.43,"Rain, Overcast",Cloudy skies throughout the day with rain.,rain,"48820099999,48823099999,48825099999,48831099999,VVNB"
Hanoi,2016-01-23,14,8,11.1,14,5,10.6,5.4,68.2,2.037,100,8.33,rain,0,0,41,31.7,38.1,1028.1,90.7,10,36,3,2,,2016-01-23T06:35:52,2016-01-23T17:40:46,0.47,"Rain, Overcast",Cloudy skies throughout the day with rain.,rain,"48820099999,48823099999,48825099999,48831099999,VVNB"
Hanoi,2016-01-24,8,5.9,7,8,2.1,4.6,2.8,75.2,2.473,100,12.5,rain,0,0,43.6,22.3,18.9,1037.2,89.7,9.3,35.7,2.9,1,,2016-01-24T06:35:44,2016-01-24T17:41:25,0.5,"Rain, Partially cloudy",Partly cloudy throughout the day with rain.,rain,"48820099999,48823099999,48825099999,48831099999,VVNB"
Hanoi,2016-01-25,11.4,7.7,9.2,11.4,6.5,8.8,4.1,72.2,0.1,100,8.33,rain,0,0,29.9,16.6,348.8,1033.4,63.8,9.1,158.6,13.7,7,,2016-01-25T06:35:34,2016-01-25T17:42:05,0.54,"Rain, Partially cloudy",Partly cloudy throughout the day with rain.,rain,"48820099999,48823099999,48825099999,48831099999,VVNB"
Hanoi,2016-01-26,9,6.7,7.2,8.5,4.5,5.8,6.2,93.7,35.983,100,16.67,rain,0,0,19.1,13,40.4,1028.4,91.9,6.7,31.9,2.7,2,,2016-01-26T06:35:23,2016-01-26T17:42:44,0.57,"Rain, Overcast",Cloudy skies throughout the day with a chance of rain throughout the day.,rain,"48820099999,48823099999,48825099999,48831099999,VVNB"
Hanoi,2016-01-27,12,7,9.7,12,5.6,9.4,8.3,91.6,16.016,100,16.67,rain,0,0,27.7,9.4,57,1022.4,91.9,6.9,138,11.9,6,,2016-01-27T06:35:10,2016-01-27T17:43:23,0.6,"Rain, Overcast",Cloudy skies throughout the day with a chance of rain throughout the day.,rain,"48820099999,48823099999,48825099999,48831099999,VVNB"
Hanoi,2016-01-28,15.9,10.6,12.6,15.9,10.6,12.6,11.6,93.8,20.997,100,12.5,rain,0,0,20.2,9.5,1.9,1017.1,87.6,5.4,102.5,8.7,5,,2016-01-28T06:34:57,2016-01-28T17:44:02,0.63,"Rain, Partially cloudy",Partly cloudy throughout the day with a chance of rain throughout the day.,rain,"48820099999,48823099999,48825099999,48831099999,VVNB"
Hanoi,2016-01-29,19,13.5,15.8,19,13.5,15.8,14.1,90.4,0.101,100,8.33,rain,0,0,19.1,11.2,301.7,1017.2,90.3,6,70.2,6.2,3,,2016-01-29T06:34:41,2016-01-29T17:44:40,0.67,"Rain, Overcast",Cloudy skies throughout the day with rain in the morning and afternoon.,rain,"48820099999,48823099999,48825099999,48831099999,VVNB"
Hanoi,2016-01-30,16,14,15.3,16,14,15.3,14.4,94.1,0.326,100,8.33,rain,0,0,18,16.6,37.6,1018.3,91.9,6.6,41.1,3.5,2,,2016-01-30T06:34:25,2016-01-30T17:45:18,0.7,"Rain, Overcast",Cloudy skies throughout the day with rain.,rain,"48820099999,48823099999,48825099999,48831099999,VVNB"
Hanoi,2016-01-31,17,14.5,15.6,17,14.5,15.6,14.9,95.7,0.805,100,12.5,rain,0,0,30.6,16.6,22,1016.6,91.9,6.5,36.6,3,2,,2016-01-31T06:34:08,2016-01-31T17:45:56,0.73,"Rain, Overcast",Cloudy skies throughout the day with rain.,rain,"48820099999,48823099999,48825099999,48831099999,VVNB"
Hanoi,2016-02-01,16.1,13,14.6,16.1,13,14.6,9.7,73,2.992,100,8.33,rain,0,0,27.7,22.3,32.5,1022.5,93.9,9.7,30.5,2.6,1,,2016-02-01T06:33:49,2016-02-01T17:46:33,0.75,"Rain, Overcast",Cloudy skies throughout the day with rain.,rain,"48820099999,48823099999,48825099999,48831099999,VVNB"
Hanoi,2016-02-02,16.1,11.9,13.4,16.1,11.9,13.4,6.1,62,0,0,0,,0,0,24.8,18.4,43.1,1024.9,84.3,10.1,73.3,6.5,3,,2016-02-02T06:33:29,2016-02-02T17:47:10,0.79,Partially cloudy,Partly cloudy throughout the day.,partly-cloudy-day,"48820099999,48823099999,48825099999,48831099999,VVNB"
Hanoi,2016-02-03,15.5,11,13.3,15.5,11,13.3,6.9,65.4,0,0,0,,0,0,17.3,16.6,70.3,1022.3,82.2,8.1,105.2,9.2,3,,2016-02-03T06:33:07,2016-02-03T17:47:46,0.83,Partially cloudy,Partly cloudy throughout the day.,partly-cloudy-day,"48820099999,48823099999,48825099999,48831099999,VVNB"
Hanoi,2016-02-04,14,12,12.7,14,12,12.7,10.4,85.7,0.098,100,4.17,rain,0,0,26.6,16.6,11.7,1022.7,91.9,6.9,56.1,4.8,3,,2016-02-04T06:32:45,2016-02-04T17:48:22,0.86,"Rain, Overcast",Cloudy skies throughout the day with afternoon rain.,rain,"48820099999,48823099999,48825099999,48831099999,VVNB"
Hanoi,2016-02-05,16.1,12.7,14.4,16.1,12.7,14.4,10.4,78.1,0,0,0,,0,0,25.9,16.6,347.1,1023.4,72.1,7.5,107.3,9.3,5,,2016-02-05T06:32:21,2016-02-05T17:48:58,0.89,Partially cloudy,Partly cloudy throughout the day.,partly-cloudy-day,"48820099999,48823099999,48825099999,48831099999,VVNB"
Hanoi,2016-02-06,20,13,16.3,20,13,16.3,5.5,50.9,0,0,0,,0,0,44.6,24.1,27.4,1027.2,33.3,9.4,207.8,18,8,,2016-02-06T06:31:56,2016-02-06T17:49:33,0.92,Partially cloudy,Clearing in the afternoon.,partly-cloudy-day,"48820099999,48823099999,48825099999,48831099999,VVNB"
Hanoi,2016-02-07,21,9,14.8,21,8.5,14.8,6.8,62.6,0,0,0,,0,0,27.7,13,342.3,1027.4,0.8,8.4,232.3,20,8,,2016-02-07T06:31:30,2016-02-07T17:50:07,0.95,Clear,Clear conditions throughout the day.,clear-day,"48820099999,48823099999,48825099999,48831099999,VVNB"
Hanoi,2016-02-08,21.3,8.7,15,21.3,8.7,15,7.4,65.3,0,0,0,,0,0,16.2,13,97.4,1023.3,1.1,7.8,237.9,20.5,8,,2016-02-08T06:31:02,2016-02-08T17:50:41,0,Clear,Clear conditions throughout the day.,clear-day,"48820099999,48823099999,48825099999,48831099999,VVNB"
Hanoi,2016-02-09,22,9,15.5,22,8.5,15.5,9.3,69.1,0,0,0,,0,0,29.2,14.8,115.9,1019.2,0.5,10.3,230,19.9,8,,2016-02-09T06:30:34,2016-02-09T17:51:15,0.02,Clear,Clear conditions throughout the day.,clear-day,"48820099999,48823099999,48825099999,48831099999,VVNB"
Hanoi,2016-02-10,22.5,13,17.4,22.5,13,17.4,15,86.7,0,0,0,,0,0,29.2,20.5,106,1014.5,42.7,6.9,172.9,14.9,6,,2016-02-10T06:30:04,2016-02-10T17:51:48,0.06,Partially cloudy,Partly cloudy throughout the day.,partly-cloudy-day,"48820099999,48823099999,48825099999,48831099999,VVNB"
Hanoi,2016-02-11,25,17.7,20.3,25,17.7,20.3,17.6,85,0,0,0,,0,0,23,18.4,115.6,1011,70.6,7.8,172.4,14.9,7,,2016-02-11T06:29:34,2016-02-11T17:52:21,0.09,Partially cloudy,Partly cloudy throughout the day.,partly-cloudy-day,"48820099999,48823099999,48825099999,48831099999,VVNB"
Hanoi,2016-02-12,28.5,18.7,22.2,30,18.7,22.4,18.6,81.8,0,0,0,,0,0,26.6,13,110.7,1008.5,36.2,7.6,223.2,19.3,8,,2016-02-12T06:29:02,2016-02-12T17:52:53,0.13,Partially cloudy,Clearing in the afternoon.,partly-cloudy-day,"48820099999,48823099999,48825099999,48831099999,VVNB"
Hanoi,2016-02-13,33,17.1,23.8,32,17.1,23.9,17.5,71.8,0,0,0,,0,0,27,13,84,1008,0,7.8,238.7,20.7,8,,2016-02-13T06:28:29,2016-02-13T17:53:25,0.16,Clear,Clear conditions throughout the day.,clear-day,"48820099999,48823099999,48825099999,48831099999,VVNB"
Hanoi,2016-02-14,30,18,23.4,31.3,18,23.8,18,73,0,0,0,,0,0,47.5,27.7,68.3,1011.1,19.1,7.4,225.3,19.6,8,,2016-02-14T06:27:55,2016-02-14T17:53:56,0.2,Clear,Clear conditions throughout the day.,clear-day,"48820099999,48823099999,48825099999,48831099999,VVNB"
Hanoi,2016-02-15,19,13,15.5,19,13,15.5,7,57.3,0.002,100,4.17,rain,0,0,33.5,29.5,45.5,1023.6,87.4,10.1,77,6.7,4,,2016-02-15T06:27:21,2016-02-15T17:54:27,0.25,"Rain, Partially cloudy",Partly cloudy throughout the day with afternoon rain.,rain,"48820099999,48823099999,48825099999,48831099999,VVNB"
Hanoi,2016-02-16,16.1,12,14,16.1,12,14,7,62.8,0.005,100,4.17,rain,0,0,21.6,20.5,27.5,1025.6,85.3,9.7,90.9,7.9,3,,2016-02-16T06:26:45,2016-02-16T17:54:57,0.27,"Rain, Partially cloudy",Partly cloudy throughout the day with morning rain.,rain,"48820099999,48823099999,48825099999,48831099999,VVNB"
Hanoi,2016-02-17,17,14,15.3,17,14,15.3,9,67.2,0.098,100,4.17,rain,0,0,16.9,10.5,35.5,1023.4,85,9.1,106.8,9.3,4,,2016-02-17T06:26:08,2016-02-17T17:55:27,0.3,"Rain, Partially cloudy",Partly cloudy throughout the day with afternoon rain.,rain,"48820099999,48823099999,48825099999,48831099999,VVNB"
Hanoi,2016-02-18,18.7,14,16.4,18.7,14,16.4,10.7,69.2,0,0,0,,0,0,17.6,11.2,295,1020.8,77.7,7.5,108.6,9.4,4,,2016-02-18T06:25:30,2016-02-18T17:55:56,0.34,Partially cloudy,Partly cloudy throughout the day.,partly-cloudy-day,"48820099999,48823099999,48825099999,48831099999,VVNB"
Hanoi,2016-02-19,18,15,16.7,18,15,16.7,13.1,79.7,0.2,100,8.33,rain,0,0,20.5,16.6,3.5,1020.2,68.6,6.1,37.9,3.3,2,,2016-02-19T06:24:52,2016-02-19T17:56:25,0.37,"Rain, Partially cloudy",Partly cloudy throughout the day with late afternoon rain.,rain,"48820099999,48823099999,48825099999,48831099999,VVNB"
Hanoi,2016-02-20,21,16,18.3,21,16,18.3,10.6,63,0.005,100,4.17,rain,0,0,21.2,14.8,6.3,1024,59.9,8.3,60.8,5.3,3,,2016-02-20T06:24:12,2016-02-20T17:56:53,0.41,"Rain, Partially cloudy",Partly cloudy throughout the day with morning rain.,rain,"48820099999,48823099999,48825099999,48831099999,VVNB"
Hanoi,2016-02-21,22,15,18.3,22,15,18.3,12,67.9,0,0,0,,0,0,33.1,22.3,122.7,1018.3,36.1,8.6,190.7,16.6,7,,2016-02-21T06:23:32,2016-02-21T17:57:21,0.45,Partially cloudy,Partly cloudy throughout the day.,partly-cloudy-day,"48820099999,48823099999,48825099999,48831099999,VVNB"
Hanoi,2016-02-22,20.4,15,18,20.4,15,18,15.9,87.9,0.4,100,12.5,rain,0,0,23.8,16.6,52.9,1018.3,61,6,88.3,7.5,4,,2016-02-22T06:22:51,2016-02-22T17:57:48,0.48,"Rain, Partially cloudy",Partly cloudy throughout the day with rain.,rain,"48820099999,48823099999,48825099999,48831099999,VVNB"
Hanoi,2016-02-23,18,15,16.2,18,15,16.2,13.5,84.6,0.445,100,8.33,rain,0,0,26.6,22.3,31,1021.9,86.3,8.8,38.3,3.2,2,,2016-02-23T06:22:09,2016-02-23T17:58:15,0.5,"Rain, Partially cloudy",Partly cloudy throughout the day with rain.,rain,"48820099999,48823099999,48825099999,48831099999,VVNB"
Hanoi,2016-02-24,16,12,14.2,16,12,14.2,9.1,72.1,0.105,100,8.33,rain,0,0,28.1,20.5,22.6,1028.4,90.5,9.9,34.3,2.8,2,,2016-02-24T06:21:26,2016-02-24T17:58:41,0.55,"Rain, Overcast",Cloudy skies throughout the day with rain clearing later.,rain,"48820099999,48823099999,48825099999,48831099999,VVNB"
Hanoi,2016-02-25,15.1,12,13.9,15.1,12,13.9,8.1,68.8,0,0,0,,0,0,25.6,20.5,8.5,1030.1,92.9,10,49.6,4.3,2,,2016-02-25T06:20:42,2016-02-25T17:59:07,0.58,Overcast,Cloudy skies throughout the day.,cloudy,"48820099999,48823099999,48825099999,48831099999,VVNB"
Hanoi,2016-02-26,15,13,13.9,15,13,13.9,9.2,73.5,0.197,100,4.17,rain,0,0,31.7,18.4,350.5,1029.6,78.5,9.9,49.5,4.4,2,,2016-02-26T06:19:58,2016-02-26T17:59:33,0.61,"Rain, Partially cloudy",Partly cloudy throughout the day with late afternoon rain.,rain,"48820099999,48823099999,48825099999,48831099999,VVNB"
Hanoi,2016-02-27,18.7,11,14.9,18.7,11,14.9,11.1,79.3,0.002,100,4.17,rain,0,0,23.8,18.4,304.7,1025.8,43.8,8.4,194.9,16.8,9,,2016-02-27T06:19:13,2016-02-27T17:59:58,0.65,"Rain, Partially cloudy",Partly cloudy throughout the day with early morning rain.,rain,"48820099999,48823099999,48825099999,48831099999,VVNB"
Hanoi,2016-02-28,23,14,17.7,23,14,17.7,12.2,72.4,0,0,0,,0,0,20.2,11.2,17.8,1024,23,8.9,195.7,16.8,9,,2016-02-28T06:18:27,2016-02-28T18:00:22,0.68,Partially cloudy,Partly cloudy throughout the day.,partly-cloudy-day,"48820099999,48823099999,48825099999,48831099999,VVNB"
Hanoi,2016-02-29,27,12,19.3,26.3,12,19.3,10.9,64.7,0,0,0,,0,0,22,11.2,29.1,1024.5,0.2,7.2,266.5,23.1,9,,2016-02-29T06:17:41,2016-02-29T18:00:47,0.71,Clear,Clear conditions throughout the day.,clear-day,"48820099999,48823099999,48825099999,48831099999,VVNB,remote"
Hanoi,2016-03-01,26,11.9,19.1,26,11.9,19.1,10.9,62.8,0,0,0,,0,0,33.8,20.5,125.6,1022.2,31.3,9.4,264.8,22.8,9,,2016-03-01T06:16:53,2016-03-01T18:01:10,0.74,Partially cloudy,Partly cloudy throughout the day.,partly-cloudy-day,"48820099999,48823099999,48825099999,48831099999,VVNB"
Hanoi,2016-03-02,24.1,15,19.6,24.1,15,19.6,15.3,78,0.2,100,8.33,rain,0,0,26.3,22.3,118.4,1020.9,39.8,7.6,144,12.4,6,,2016-03-02T06:16:06,2016-03-02T18:01:34,0.75,"Rain, Partially cloudy",Partly cloudy throughout the day with rain in the morning and afternoon.,rain,"48820099999,48823099999,48825099999,48831099999,VVNB"
Hanoi,2016-03-03,23.1,18.9,20.5,23.1,18.9,20.5,17.2,82,0.2,100,8.33,rain,0,0,28.4,18.4,138,1018.5,82.4,7.1,106,9,4,,2016-03-03T06:15:18,2016-03-03T18:01:57,0.81,"Rain, Partially cloudy",Partly cloudy throughout the day with rain in the morning and afternoon.,rain,"48820099999,48823099999,48825099999,48831099999,VVNB"
Hanoi,2016-03-04,22,17.9,20,22,17.9,20,17.7,87,0.8,100,20.83,rain,0,0,31,20.5,131.2,1015.4,82.7,6.9,78.2,6.9,3,,2016-03-04T06:14:29,2016-03-04T18:02:20,0.84,"Rain, Partially cloudy",Partly cloudy throughout the day with rain in the morning and afternoon.,rain,"48820099999,48823099999,48825099999,48831099999,VVNB"
Hanoi,2016-03-05,20.1,18.9,19.6,20.1,18.9,19.6,18.8,95.3,0.414,100,8.33,rain,0,0,19.8,13,112,1015.2,91.9,4.1,52.6,4.5,2,,2016-03-05T06:13:39,2016-03-05T18:02:42,0.87,"Rain, Overcast",Cloudy skies throughout the day with rain in the morning and afternoon.,rain,"48820099999,48823099999,48825099999,48831099999,VVNB"
Hanoi,2016-03-06,22.3,19,20.9,22.3,19,20.9,19.4,91.7,0.296,100,8.33,rain,0,0,24.8,14.8,117.8,1015.1,90.3,5.1,77.6,6.6,4,,2016-03-06T06:12:50,2016-03-06T18:03:04,0.91,"Rain, Overcast",Cloudy skies throughout the day with rain.,rain,"48820099999,48823099999,48825099999,48831099999,VVNB"
Hanoi,2016-03-07,23,19,20.7,23,19,20.7,19.7,94.5,0,0,0,,0,0,36,18.4,114.5,1011.1,86.8,4.7,107.8,9.3,4,,2016-03-07T06:11:59,2016-03-07T18:03:26,0.94,Partially cloudy,Partly cloudy throughout the day.,partly-cloudy-day,"48820099999,48823099999,48825099999,48831099999,VVNB,remote"
Hanoi,2016-03-08,23.6,20.9,21.9,23.6,20.9,21.9,21.3,96.7,0.312,100,8.33,rain,0,0,23,14.8,101.3,1008.6,91.9,3.9,194.4,16.7,7,,2016-03-08T06:11:08,2016-03-08T18:03:47,0.97,"Rain, Overcast",Cloudy skies throughout the day with rain.,rain,"48820099999,48823099999,48825099999,48831099999,VVNB"
Hanoi,2016-03-09,26,21,22.9,26,21,22.9,21.9,94.7,0.301,100,8.33,rain,0,0,24.8,22.3,109.8,1008.1,91.8,4.6,198.5,17.2,8,,2016-03-09T06:10:17,2016-03-09T18:04:08,0,"Rain, Overcast",Cloudy skies throughout the day with rain.,rain,"48820099999,48823099999,48825099999,48831099999,VVNB"
Hanoi,2016-03-10,22.1,17,20.2,22.1,17,20.2,15.8,77.4,0.402,100,8.33,rain,0,0,37.4,35.3,73.2,1016.2,92.6,7.7,78.2,6.7,3,,2016-03-10T06:09:26,2016-03-10T18:04:29,0.04,"Rain, Overcast",Cloudy skies throughout the day with rain.,rain,"48820099999,48823099999,48825099999,48831099999,VVNB"
Hanoi,2016-03-11,18,15,16.2,18,15,16.2,8.9,62.5,0.6,100,4.17,rain,0,0,25.2,20.5,100.8,1021.1,80.3,9.9,166.1,14.6,6,,2016-03-11T06:08:34,2016-03-11T18:04:49,0.07,"Rain, Partially cloudy",Partly cloudy throughout the day with afternoon rain.,rain,"48820099999,48823099999,48825099999,48831099999,VVNB"
Hanoi,2016-03-12,16.1,14,15.3,16.1,14,15.3,12.4,83.4,0.098,100,4.17,rain,0,0,23.4,18.4,127.5,1015.4,89.9,6.7,82.9,7.1,4,,2016-03-12T06:07:41,2016-03-12T18:05:10,0.11,"Rain, Partially cloudy",Partly cloudy throughout the day with late afternoon rain.,rain,"48820099999,48823099999,48825099999,48831099999,VVNB"
Hanoi,2016-03-13,20,15,16.9,20,15,16.9,15.1,89.5,0.201,100,12.5,rain,0,0,28.4,16.6,4.7,1014.6,75.9,5.7,91.9,7.8,4,,2016-03-13T06:06:49,2016-03-13T18:05:30,0.14,"Rain, Partially cloudy",Partly cloudy throughout the day with a chance of rain throughout the day.,rain,"48820099999,48823099999,48825099999,48831099999,VVNB"
Hanoi,2016-03-14,22.2,16,19,22.2,16,19,13.3,72.1,0,0,0,,0,0,25.6,22.3,95,1017.5,52.7,8.8,217.3,18.7,8,,2016-03-14T06:05:56,2016-03-14T18:05:49,0.18,Partially cloudy,Partly cloudy throughout the day.,partly-cloudy-day,"48820099999,48823099999,48825099999,48831099999,VVNB"
Hanoi,2016-03-15,20,16,18,20,16,18,14.8,81.9,0,0,0,,0,0,25.6,18.4,121.6,1014,87.6,6.7,159.6,14,6,,2016-03-15T06:05:03,2016-03-15T18:06:09,0.21,Partially cloudy,Partly cloudy throughout the day.,partly-cloudy-day,"48820099999,48823099999,48825099999,48831099999,VVNB"
Hanoi,2016-03-16,21,17.5,19.1,21,17.5,19.1,17.3,89.6,0.098,100,4.17,rain,0,0,23.8,9.4,118.2,1011.3,91.9,5.5,101.9,8.9,4,,2016-03-16T06:04:09,2016-03-16T18:06:28,0.25,"Rain, Overcast",Cloudy skies throughout the day with early morning rain.,rain,"48820099999,48823099999,48825099999,48831099999,VVNB"
Hanoi,2016-03-17,22.7,18.9,20.5,22.7,18.9,20.5,19.1,92,0.103,100,12.5,rain,0,0,18,9.4,93.8,1010.2,90.3,4.6,79,6.8,3,,2016-03-17T06:03:16,2016-03-17T18:06:47,0.28,"Rain, Overcast",Cloudy skies throughout the day with a chance of rain throughout the day.,rain,"48820099999,48823099999,48825099999,48831099999,VVNB"
Hanoi,2016-03-18,25,20,22.3,25,20,22.3,21,92.7,0.1,100,8.33,rain,0,0,22.3,14.8,74.2,1008.9,91.9,3.5,153.6,13.4,7,,2016-03-18T06:02:22,2016-03-18T18:07:06,0.32,"Rain, Overcast",Cloudy skies throughout the day with rain.,rain,"48820099999,48823099999,48825099999,48831099999,VVNB"
Hanoi,2016-03-19,23,21.6,22.4,23,21.6,22.4,22.1,97.7,0.79,100,8.33,rain,0,0,23.8,11.2,148.6,1009.7,91.8,2.9,85.1,7.4,4,,2016-03-19T06:01:28,2016-03-19T18:07:25,0.35,"Rain, Overcast",Cloudy skies throughout the day with rain.,rain,"48820099999,48823099999,48825099999,48831099999,VVNB"
Hanoi,2016-03-20,26,22,23.5,26,22,23.5,22.4,93.8,0.003,100,4.17,rain,0,0,27,18.4,117.3,1009.1,91.2,4.7,107.5,9.3,4,,2016-03-20T06:00:34,2016-03-20T18:07:44,0.39,"Rain, Overcast",Cloudy skies throughout the day with early morning rain.,rain,"48820099999,48823099999,48825099999,48831099999,VVNB"
Hanoi,2016-03-21,24.6,22,23.3,24.6,22,23.3,22.5,95.3,0.335,100,12.5,rain,0,0,32.4,18.4,120.5,1008.6,91.8,4.7,97.5,8.3,4,,2016-03-21T05:59:39,2016-03-21T18:08:02,0.42,"Rain, Overcast",Cloudy skies throughout the day with a chance of rain throughout the day.,rain,"48820099999,48823099999,48825099999,48831099999,VVNB"
Hanoi,2016-03-22,24,22,22.9,24,22,22.9,22.5,97.6,0.214,100,8.33,rain,0,0,23.8,14.8,122,1008.3,91.9,3.9,76.4,6.6,4,,2016-03-22T05:58:45,2016-03-22T18:08:21,0.46,"Rain, Overcast",Cloudy skies throughout the day with rain.,rain,"48820099999,48823099999,48825099999,48831099999,VVNB"
Hanoi,2016-03-23,27,22,23.9,29.6,22,24.2,22.5,92.1,0.196,100,8.33,rain,0,0,32.8,20.5,74.2,1010.1,90.6,4.8,102.7,9,5,,2016-03-23T05:57:51,2016-03-23T18:08:39,0.5,"Rain, Overcast",Cloudy skies throughout the day with rain.,rain,"48820099999,48823099999,48825099999,48831099999,VVNB"
Hanoi,2016-03-24,22,16,18,22,16,18,15.4,85.2,15.948,100,12.5,rain,0,0,30.6,25.9,23,1019.6,87.7,9.4,49.5,4.3,2,,2016-03-24T05:56:56,2016-03-24T18:08:57,0.52,"Rain, Partially cloudy",Partly cloudy throughout the day with a chance of rain throughout the day.,rain,"48820099999,48823099999,48825099999,48831099999,VVNB"
Hanoi,2016-03-25,22.1,15.9,18.5,22.1,15.9,18.5,12.5,68.8,0.954,100,12.5,rain,0,0,25.6,18.4,94,1024.2,61.2,9.8,205.3,17.8,8,,2016-03-25T05:56:02,2016-03-25T18:09:16,0.56,"Rain, Partially cloudy",Partly cloudy throughout the day with a chance of rain throughout the day.,rain,"48820099999,48823099999,48825099999,48831099999,VVNB"
Hanoi,2016-03-26,20.1,15.6,18.2,20.1,15.6,18.2,13.7,75.7,0.2,100,8.33,rain,0,0,23.8,16.6,118.3,1022.8,73.7,7.6,177.6,15.2,8,,2016-03-26T05:55:08,2016-03-26T18:09:34,0.59,"Rain, Partially cloudy",Partly cloudy throughout the day with rain.,rain,"48820099999,48823099999,48825099999,48831099999,VVNB"
Hanoi,2016-03-27,20,17,18.5,20,17,18.5,14.2,76.7,0,0,0,,0,0,18,11.2,349.9,1024,33,6.5,80.7,6.9,3,,2016-03-27T05:54:13,2016-03-27T18:09:52,0.62,Partially cloudy,Partly cloudy throughout the day.,partly-cloudy-day,"48820099999,48823099999,48825099999,48831099999,VVNB"
Hanoi,2016-03-28,21,17,18.5,21,17,18.5,15.1,80.8,0,0,0,,0,0,28.1,24.1,80.6,1021.3,44.4,5.6,177.3,15.2,9,,2016-03-28T05:53:19,2016-03-28T18:10:10,0.66,Partially cloudy,Partly cloudy throughout the day.,partly-cloudy-day,"48820099999,48823099999,48825099999,48831099999,VVNB"
Hanoi,2016-03-29,21,17,18.9,21,17,18.9,16.5,85.8,0.4,100,16.67,rain,0,0,28.1,16.6,88.4,1018.8,84.7,4.5,94.9,8.3,4,,2016-03-29T05:52:25,2016-03-29T18:10:28,0.69,"Rain, Partially cloudy",Partly cloudy throughout the day with rain.,rain,"48820099999,48823099999,48825099999,48831099999,VVNB"
Hanoi,2016-03-30,22.3,18.9,20.5,22.3,18.9,20.5,18.4,88,0.196,100,8.33,rain,0,0,25.9,11.2,109.8,1016.7,91.5,5.6,90.4,7.8,3,,2016-03-30T05:51:31,2016-03-30T18:10:46,0.72,"Rain, Overcast",Cloudy skies throughout the day with rain.,rain,"48820099999,48823099999,48825099999,48831099999,VVNB"
Hanoi,2016-03-31,22.1,19.7,20.8,22.1,19.7,20.8,20,95.1,0.493,100,12.5,rain,0,0,27.7,14.8,136.9,1014.7,91.9,3.9,68.6,5.8,3,,2016-03-31T05:50:37,2016-03-31T18:11:04,0.75,"Rain, Overcast",Cloudy skies throughout the day with a chance of rain throughout the day.,rain,"48820099999,48823099999,48825099999,48831099999,VVNB"
Hanoi,2016-04-01,23.5,20,21.4,23.5,20,21.4,20.9,97.4,0.105,100,8.33,rain,0,0,25.2,13,105.1,1011.7,91.9,2.8,86.5,7.5,3,,2016-04-01T05:49:43,2016-04-01T18:11:22,0.79,"Rain, Overcast",Cloudy skies throughout the day with rain in the morning and afternoon.,rain,"48820099999,48823099999,48825099999,48831099999,VVNB"
Hanoi,2016-04-02,23.3,21,22.4,23.3,21,22.4,22.2,99.2,0.717,100,8.33,rain,0,0,28.8,16.6,114.9,1011.7,91.9,3.1,79.7,6.9,3,,2016-04-02T05:48:50,2016-04-02T18:11:41,0.82,"Rain, Overcast",Cloudy skies throughout the day with rain.,rain,"48820099999,48823099999,48825099999,48831099999,VVNB"
Hanoi,2016-04-03,27,21.7,23.9,29.6,21.7,24,22.4,91.8,0.196,100,8.33,rain,0,0,29.5,18.4,120.6,1011.1,90.1,6.1,157,13.5,6,,2016-04-03T05:47:56,2016-04-03T18:11:59,0.86,"Rain, Overcast",Cloudy skies throughout the day with rain.,rain,"48820099999,48823099999,48825099999,48831099999,VVNB"
Hanoi,2016-04-04,28.2,22.9,24.9,31.9,22.9,25.7,23.1,90.5,0.006,100,8.33,rain,0,0,25.9,24.1,112.8,1008.5,89.7,6.9,157,13.5,6,,2016-04-04T05:47:03,2016-04-04T18:12:17,0.89,"Rain, Partially cloudy",Partly cloudy throughout the day with rain in the morning and afternoon.,rain,"48820099999,48823099999,48825099999,48831099999,VVNB,remote"
Hanoi,2016-04-05,26.1,23,24.3,26.1,23,24.3,23.3,94.3,0.196,100,8.33,rain,0,0,31,20.5,122.7,1007.9,91.9,5.8,217,18.8,8,,2016-04-05T05:46:10,2016-04-05T18:12:35,0.92,"Rain, Overcast",Cloudy skies throughout the day with rain.,rain,"48820099999,48823099999,48825099999,48831099999,VVNB"
Hanoi,2016-04-06,25,23,24.1,25,23,24.1,23.2,95,0.688,100,4.17,rain,0,0,29.5,20.5,118.1,1008.1,90.3,6.1,215.8,18.6,9,,2016-04-06T05:45:18,2016-04-06T18:12:54,0.96,"Rain, Overcast",Cloudy skies throughout the day with early morning rain.,rain,"48820099999,48823099999,48825099999,48831099999,VVNB"
Hanoi,2016-04-07,26.9,22.9,24.5,29.4,22.9,24.6,23.1,91.9,0.295,100,4.17,rain,0,0,25.2,16.6,103.9,1009.1,89.5,6.3,211.1,18,8,,2016-04-07T05:44:26,2016-04-07T18:13:12,0,"Rain, Partially cloudy",Partly cloudy throughout the day with morning rain.,rain,"48820099999,48823099999,48825099999,48831099999,VVNB"
Hanoi,2016-04-08,25.5,23,24.1,25.5,23,24.1,23.6,96.8,0.103,100,8.33,rain,0,0,31.3,18.4,113.3,1010.8,91.9,4.9,112.7,9.9,5,,2016-04-08T05:43:34,2016-04-08T18:13:31,0.02,"Rain, Overcast",Cloudy skies throughout the day with rain.,rain,"48820099999,48823099999,48825099999,48831099999,VVNB"
Hanoi,2016-04-09,27,21,24.6,30.1,21,24.7,23.3,92.4,10.914,100,12.5,rain,0,0,76,46.4,126.7,1009.2,89.6,7.8,122.5,10.5,4,,2016-04-09T05:42:42,2016-04-09T18:13:50,0.06,"Rain, Partially cloudy",Partly cloudy throughout the day with a chance of rain throughout the day.,rain,"48820099999,48823099999,48825099999,48831099999,VVNB"
Hanoi,2016-04-10,30,23,25.9,36.2,23,27.7,23.6,88.1,1.8,100,4.17,rain,0,0,24.1,22.3,112.5,1005.3,53.4,6.3,245.4,21.2,9,,2016-04-10T05:41:51,2016-04-10T18:14:09,0.09,"Rain, Partially cloudy",Partly cloudy throughout the day with late afternoon rain.,rain,"48820099999,48823099999,48825099999,48831099999,VVNB"
Hanoi,2016-04-11,29.3,24,26.4,33.6,24,28.2,23.1,82.7,1.9,100,20.83,rain,0,0,20.9,16.6,96.3,1006.9,79.2,7.6,88.9,7.7,3,,2016-04-11T05:41:01,2016-04-11T18:14:28,0.13,"Rain, Partially cloudy",Partly cloudy throughout the day with rain clearing later.,rain,"48820099999,48823099999,48825099999,48831099999,VVNB"
Hanoi,2016-04-12,29.5,24.9,26.6,34,24.9,28.4,23.5,83.3,0,0,0,,0,0,28.8,20.5,128.7,1004,77.5,7.1,191.4,16.6,6,,2016-04-12T05:40:10,2016-04-12T18:14:47,0.16,Partially cloudy,Partly cloudy throughout the day.,partly-cloudy-day,"48820099999,48823099999,48825099999,48831099999,VVNB"
Hanoi,2016-04-13,30,24,26.7,36.2,24,28.7,24.2,87.1,0,0,0,,0,0,21.6,16.6,106.1,1002.1,75.4,5.6,201.3,17.3,9,,2016-04-13T05:39:21,2016-04-13T18:15:06,0.19,Partially cloudy,Partly cloudy throughout the day.,partly-cloudy-day,"48820099999,48823099999,48825099999,48831099999,VVNB"
Hanoi,2016-04-14,30.1,24,27,36.7,24,29.8,24.9,88.9,0.295,100,8.33,rain,0,0,23,16.6,107.1,1004.2,82.7,5.1,251.4,21.8,9,,2016-04-14T05:38:31,2016-04-14T18:15:26,0.25,"Rain, Partially cloudy",Partly cloudy throughout the day with rain.,rain,"48820099999,48823099999,48825099999,48831099999,VVNB"
Hanoi,2016-04-15,29.5,25,26.9,35.8,25,29.2,25.1,90.4,0.393,100,8.33,rain,0,0,27,16.6,103,1005.1,91.2,5.5,271.1,23.5,9,,2016-04-15T05:37:42,2016-04-15T18:15:46,0.26,"Rain, Overcast",Cloudy skies throughout the day with rain.,rain,"48820099999,48823099999,48825099999,48831099999,VVNB"
Hanoi,2016-04-16,31,25,27.2,39.1,25,30.1,24.7,86.5,0,0,0,,0,0,24.8,20.5,107.1,1005.8,76.1,6.2,290.4,25,10,,2016-04-16T05:36:54,2016-04-16T18:16:06,0.3,Partially cloudy,Partly cloudy throughout the day.,partly-cloudy-day,"48820099999,48823099999,48825099999,48831099999,VVNB"
Hanoi,2016-04-17,28.1,25.4,26.5,33.6,25.4,28,24.6,89.1,1.965,100,4.17,rain,0,0,60.5,25.9,105.4,1007.1,81.1,6,263.3,22.7,9,,2016-04-17T05:36:06,2016-04-17T18:16:26,0.33,"Rain, Partially cloudy",Partly cloudy throughout the day with afternoon rain.,rain,"48820099999,48823099999,48825099999,48831099999,VVNB,remote"
Hanoi,2016-04-18,26,20,22.5,26,20,22.5,16.9,71.7,10.878,100,12.5,rain,0,0,38.5,33.5,40.5,1014.2,69.5,10,236.7,20.5,10,,2016-04-18T05:35:19,2016-04-18T18:16:46,0.36,"Rain, Partially cloudy",Partly cloudy throughout the day with a chance of rain throughout the day.,rain,"48820099999,48823099999,48825099999,48831099999,VVNB"
Hanoi,2016-04-19,26.3,21,23.8,26.3,21,23.8,20.5,81.9,0,0,0,,0,0,29.5,20.5,129.7,1012.7,49.5,8,134.3,11.5,5,,2016-04-19T05:34:33,2016-04-19T18:17:06,0.4,Partially cloudy,Partly cloudy throughout the day.,partly-cloudy-day,"48820099999,48823099999,48825099999,48831099999,VVNB"
Hanoi,2016-04-20,27.2,21,24.2,29.7,21,24.6,22.3,89.7,10.982,100,8.33,rain,0,0,35.6,20.5,117.1,1011.1,78.7,8.4,131.2,11.3,5,,2016-04-20T05:33:47,2016-04-20T18:17:27,0.43,"Rain, Partially cloudy",Partly cloudy throughout the day with rain in the morning and afternoon.,rain,"48820099999,48823099999,48825099999,48831099999,VVNB"
Hanoi,2016-04-21,26,22.1,24.5,26,22.1,24.5,23.1,92.1,4.913,100,4.17,rain,0,0,27.4,18.4,106.5,1009.9,85.4,8,109.9,9.6,7,,2016-04-21T05:33:02,2016-04-21T18:17:48,0.47,"Rain, Partially cloudy",Partly cloudy throughout the day with early morning rain.,rain,"48820099999,48823099999,48825099999,48831099999,VVNB"
Hanoi,2016-04-22,24.1,21,22.8,24.1,21,22.8,21.4,92.2,12.227,100,8.33,rain,0,0,41.4,20.5,72.5,1007.2,75.3,8.9,153.2,13.3,6,,2016-04-22T05:32:17,2016-04-22T18:18:09,0.5,"Rain, Partially cloudy",Partly cloudy throughout the day with rain.,rain,"48820099999,48823099999,48825099999,48831099999,VVNB"
Hanoi,2016-04-23,29.1,21,24.9,33.6,21,26,22.4,86.7,5.314,100,8.33,rain,0,0,29.2,22.3,99.6,1004.9,66.7,7.4,230.3,20,9,,2016-04-23T05:31:33,2016-04-23T18:18:31,0.53,"Rain, Partially cloudy",Partly cloudy throughout the day with rain clearing later.,rain,"48820099999,48823099999,48825099999,48831099999,VVNB"
Hanoi,2016-04-24,29.2,22.9,26,33.6,22.9,27.4,23.4,86.2,28.437,100,8.33,rain,0,0,22,18.4,103.9,1005.8,66.5,8.6,154.6,13.4,5,,2016-04-24T05:30:50,2016-04-24T18:18:52,0.57,"Rain, Partially cloudy",Partly cloudy throughout the day with rain in the morning and afternoon.,rain,"48820099999,48823099999,48825099999,48831099999,VVNB"
Hanoi,2016-04-25,31.5,22.9,26.4,36.4,22.9,28.6,23.3,84,19.755,100,4.17,rain,0,0,27.7,24.1,103.7,1006.5,45.3,10.2,210,18,8,,2016-04-25T05:30:07,2016-04-25T18:19:14,0.6,"Rain, Partially cloudy",Partly cloudy throughout the day with early morning rain.,rain,"48820099999,48823099999,48825099999,48831099999,VVNB"
Hanoi,2016-04-26,32.5,24,27.8,42.3,24,32.1,25.2,86.1,0,0,0,,0,0,22.3,22.3,107.6,1006.1,57.6,7.5,275.7,23.7,10,,2016-04-26T05:29:25,2016-04-26T18:19:36,0.64,Partially cloudy,Partly cloudy throughout the day.,partly-cloudy-day,"48820099999,48823099999,48825099999,48831099999,VVNB"
Hanoi,2016-04-27,29,26,27.4,33.6,26,30.2,24.3,84,0.502,100,4.17,rain,0,0,30.6,24.1,88.7,1007.6,82.9,7.7,82.3,7.2,3,,2016-04-27T05:28:44,2016-04-27T18:19:58,0.67,"Rain, Partially cloudy",Partly cloudy throughout the day with afternoon rain.,rain,"48820099999,48823099999,48825099999,48831099999,VVNB"
Hanoi,2016-04-28,30.5,25.6,27.9,36.2,25.6,30.8,23.9,79.4,0.098,100,4.17,rain,0,0,26.6,14.8,122.7,1009.2,87.9,7.3,132.9,11.7,5,,2016-04-28T05:28:04,2016-04-28T18:20:21,0.71,"Rain, Partially cloudy",Partly cloudy throughout the day with late afternoon rain.,rain,"48820099999,48823099999,48825099999,48831099999,VVNB"
Hanoi,2016-04-29,28,24.9,26,31.9,24.9,26.5,24,88.8,1.157,100,4.17,rain,0,0,21.2,14.8,116.5,1010.8,83.4,6,115.3,9.9,5,,2016-04-29T05:27:25,2016-04-29T18:20:43,0.74,"Rain, Partially cloudy",Partly cloudy throughout the day with afternoon rain.,rain,"48820099999,48823099999,48825099999,48831099999,VVNB"
Hanoi,2016-04-30,31,24,26.9,36.5,24,29,23.7,83.5,0.295,100,4.17,rain,0,0,30.6,24.1,132.4,1007.7,74.6,7.6,165.2,14.4,6,,2016-04-30T05:26:46,2016-04-30T18:21:06,0.75,"Rain, Partially cloudy",Partly cloudy throughout the day with early morning rain.,rain,"48820099999,48823099999,48825099999,48831099999,VVNB"
Hanoi,2016-05-01,31,24,26.8,39.1,24,29.4,24.3,86.5,0,0,0,,0,0,28.4,22.3,114.4,1006.3,82,8.8,236.1,20.4,8,,2016-05-01T05:26:08,2016-05-01T18:21:29,0.81,Partially cloudy,Partly cloudy throughout the day.,partly-cloudy-day,"48820099999,48823099999,48825099999,48831099999,VVNB"
Hanoi,2016-05-02,32.6,25,28.3,42.7,25,32.9,25.7,86.7,0,0,0,,0,0,22,20.5,110.2,1006.4,71.2,7.7,259.8,22.5,9,,2016-05-02T05:25:31,2016-05-02T18:21:52,0.84,Partially cloudy,Partly cloudy throughout the day.,partly-cloudy-day,"48820099999,48823099999,48825099999,48831099999,VVNB"
Hanoi,2016-05-03,32,26,28.3,42.3,26,33.2,26.1,88.5,0.098,100,4.17,rain,0,0,25.6,22.3,103.5,1008.1,84.1,8.1,241.3,20.8,9,,2016-05-03T05:24:55,2016-05-03T18:22:16,0.88,"Rain, Partially cloudy",Partly cloudy throughout the day with late afternoon rain.,rain,"48820099999,48823099999,48825099999,48831099999,VVNB"
Hanoi,2016-05-04,32,26,28.7,39.2,26,33.9,25.6,83.7,0.098,100,4.17,rain,0,0,29.5,22.3,133.9,1007.5,65.2,8.9,220.1,19,7,,2016-05-04T05:24:20,2016-05-04T18:22:40,0.91,"Rain, Partially cloudy",Partly cloudy throughout the day with early morning rain.,rain,"48820099999,48823099999,48825099999,48831099999,VVNB"
Hanoi,2016-05-05,34,26.5,29.4,47.3,26.5,36.2,26.5,85.2,0,0,0,,0,0,33.1,25.9,112.4,1005.4,67.2,8.5,296.1,25.6,10,,2016-05-05T05:23:46,2016-05-05T18:23:04,0.95,Partially cloudy,Partly cloudy throughout the day.,partly-cloudy-day,"48820099999,48823099999,48825099999,48831099999,VVNB"
Hanoi,2016-05-06,34.5,27,29.6,47.3,31.2,37.6,26.9,85.8,0.2,100,4.17,rain,0,0,27.4,22.3,106.2,1004.9,69,9,290.4,25.2,10,,2016-05-06T05:23:12,2016-05-06T18:23:28,0.98,"Rain, Partially cloudy",Partly cloudy throughout the day with afternoon rain.,rain,"48820099999,48823099999,48825099999,48831099999,VVNB"
Hanoi,2016-05-07,33.2,27,29.4,43.8,31.2,36.5,26.5,85.2,0.1,100,4.17,rain,0,0,32,27.7,114.4,1005.3,68.5,10,291.4,25.3,10,,2016-05-07T05:22:40,2016-05-07T18:23:52,0,"Rain, Partially cloudy",Partly cloudy throughout the day with afternoon rain.,rain,"48820099999,48823099999,48825099999,48831099999,VVNB"
Hanoi,2016-05-08,32,26.9,28.8,42.4,30.5,35.3,26.3,86.7,0.007,100,4.17,rain,0,0,32,24.1,119.8,1006.8,75.8,9.9,250.8,21.7,9,,2016-05-08T05:22:09,2016-05-08T18:24:17,0.05,"Rain, Partially cloudy",Partly cloudy throughout the day with late afternoon rain.,rain,"48820099999,48823099999,48825099999,48831099999,VVNB"
Hanoi,2016-05-09,33,27.1,29.4,43.8,31.3,36.8,26.5,85.1,0.014,100,4.17,rain,0,0,28.4,20.5,115.3,1006,79.9,9.4,268.8,23.2,9,,2016-05-09T05:21:38,2016-05-09T18:24:41,0.08,"Rain, Partially cloudy",Partly cloudy throughout the day with early morning rain.,rain,"48820099999,48823099999,48825099999,48831099999,VVNB"
Hanoi,2016-05-10,30.2,23,27.5,34.5,23,30.6,24,82,0.07,100,4.17,rain,0,0,48.6,25.9,56.4,1008.2,68.8,9.5,153.7,13.2,7,,2016-05-10T05:21:09,2016-05-10T18:25:06,0.11,"Rain, Partially cloudy",Partly cloudy throughout the day with afternoon rain.,rain,"48820099999,48823099999,48825099999,48831099999,VVNB"
Hanoi,2016-05-11,32.5,26,28.4,37.3,26,31.4,23.7,76.5,0,0,0,,0,0,25.6,14.8,136.9,1007.4,54,8.6,191.7,16.6,7,,2016-05-11T05:20:40,2016-05-11T18:25:31,0.15,Partially cloudy,Partly cloudy throughout the day.,partly-cloudy-day,"48820099999,48823099999,48825099999,48831099999,VVNB,remote"
Hanoi,2016-05-12,30.3,25,27.4,35.8,25,30.6,24.7,85.4,0.3,100,8.33,rain,0,0,29.9,16.6,96.6,1005.4,88.3,8.5,160.3,13.8,5,,2016-05-12T05:20:12,2016-05-12T18:25:56,0.18,"Rain, Partially cloudy",Partly cloudy throughout the day with rain.,rain,"48820099999,48823099999,48825099999,48831099999,VVNB"
Hanoi,2016-05-13,30,25,27.7,37.4,25,31.4,25.2,86.8,3.048,100,8.33,rain,0,0,32,25.9,115.6,1008.5,79,8.6,119.6,10.4,6,,2016-05-13T05:19:46,2016-05-13T18:26:21,0.21,"Rain, Partially cloudy",Partly cloudy throughout the day with rain.,rain,"48820099999,48823099999,48825099999,48831099999,VVNB"
Hanoi,2016-05-14,32,25,28,37.9,25,31,24.4,82.1,0.8,100,29.17,rain,0,0,39.6,22.3,128.7,1010.8,58.5,10.1,204.5,17.5,7,,2016-05-14T05:19:21,2016-05-14T18:26:46,0.25,"Rain, Partially cloudy",Partly cloudy throughout the day with a chance of rain throughout the day.,rain,"48820099999,48823099999,48825099999,48831099999,VVNB"
Hanoi,2016-05-15,32,24,27.4,40.7,24,30.3,23.1,78.8,0.003,100,4.17,rain,0,0,51.1,24.1,57.3,1011.7,48.2,8.6,136.7,11.9,5,,2016-05-15T05:18:56,2016-05-15T18:27:12,0.28,"Rain, Partially cloudy",Partly cloudy throughout the day with afternoon rain.,rain,"48820099999,48823099999,48825099999,48831099999,VVNB"
Hanoi,2016-05-16,30.5,23,26.9,29.8,23,26.6,15.4,51.2,0,0,0,,0,0,25.6,20.5,12.8,1013,48,12.2,296.4,25.6,10,,2016-05-16T05:18:33,2016-05-16T18:27:37,0.31,Partially cloudy,Partly cloudy throughout the day.,partly-cloudy-day,"48820099999,48823099999,48825099999,48831099999,VVNB"
Hanoi,2016-05-17,30,22,26.2,32.8,22,27.2,20.8,73.1,0,0,0,,0,0,32.4,22.3,113,1009.9,33.3,11.6,250.3,21.5,9,,2016-05-17T05:18:10,2016-05-17T18:28:03,0.34,Partially cloudy,Partly cloudy throughout the day.,partly-cloudy-day,"48820099999,48823099999,48825099999,48831099999,VVNB"
Hanoi,2016-05-18,32,23,27.3,39.2,23,30.2,23.3,79.3,0,0,0,,0,0,26.6,18.4,111.4,1008.1,60.8,10.8,253.3,21.9,9,,2016-05-18T05:17:49,2016-05-18T18:28:28,0.38,Partially cloudy,Partly cloudy throughout the day.,partly-cloudy-day,"48820099999,48823099999,48825099999,48831099999,VVNB"
Hanoi,2016-05-19,33,26.5,29.3,43.8,26.5,35.6,26.1,83.6,0.2,100,8.33,rain,0,0,34.2,24.1,120.8,1005.2,68.8,9.7,255.9,22.2,9,,2016-05-19T05:17:29,2016-05-19T18:28:54,0.41,"Rain, Partially cloudy",Partly cloudy throughout the day with late afternoon rain.,rain,"48820099999,48823099999,48825099999,48831099999,VVNB"
Hanoi,2016-05-20,35.8,26.9,30.3,44.9,30.3,36.5,25.3,76.4,0.9,100,16.67,rain,0,0,25.2,22.3,74.1,1002.4,57.4,9.2,119.7,10.5,5,,2016-05-20T05:17:10,2016-05-20T18:29:19,0.44,"Rain, Partially cloudy",Partly cloudy throughout the day with rain.,rain,"48820099999,48823099999,48825099999,48831099999,VVNB"
Hanoi,2016-05-21,33,25.9,29,39.3,25.9,33.1,24.9,79.8,1.017,100,4.17,rain,0,0,26.6,20.5,319.5,1006.6,49.5,8.5,184.6,16.1,7,,2016-05-21T05:16:52,2016-05-21T18:29:45,0.48,"Rain, Partially cloudy",Partly cloudy throughout the day with early morning rain.,rain,"48820099999,48823099999,48825099999,48831099999,VVNB"
Hanoi,2016-05-22,30,26.4,27.8,32.7,26.4,30.5,23.2,77,0.118,100,12.5,rain,0,0,17.3,16.6,108.3,1008.2,81.7,9.5,76.2,6.7,3,,2016-05-22T05:16:35,2016-05-22T18:30:11,0.5,"Rain, Partially cloudy",Partly cloudy throughout the day with rain.,rain,"48820099999,48823099999,48825099999,48831099999,VVNB"
Hanoi,2016-05-23,31,25.9,28.2,37.7,25.9,32,24.4,80.1,0.098,100,4.17,rain,0,0,23,18.4,113.6,1007.4,64.7,8.7,110,9.2,3,,2016-05-23T05:16:19,2016-05-23T18:30:36,0.55,"Rain, Partially cloudy",Partly cloudy throughout the day with morning rain.,rain,"48820099999,48823099999,48825099999,48831099999,VVNB"
Hanoi,2016-05-24,28.1,24,25.9,33.6,24,27.3,24.6,93,38.257,100,12.5,rain,0,0,30.6,24.1,59.3,1005.8,91.9,7.8,82.3,7,4,,2016-05-24T05:16:04,2016-05-24T18:31:01,0.58,"Rain, Overcast",Cloudy skies throughout the day with rain.,rain,"48820099999,48823099999,48825099999,48831099999,VVNB"
Hanoi,2016-05-25,31,23,26.8,42.4,23,31.2,25.8,94.6,333.117,100,12.5,rain,0,0,31,22.3,79.5,1003.5,87.9,7.7,93.6,8.3,4,,2016-05-25T05:15:50,2016-05-25T18:31:27,0.62,"Rain, Partially cloudy",Partly cloudy throughout the day with a chance of rain throughout the day.,rain,"48820099999,48823099999,48825099999,48831099999,VVNB"
Hanoi,2016-05-26,33,27,28.9,45.8,31.8,36.7,27.4,91.8,7.86,100,4.17,rain,0,0,24.1,22.3,114.2,1003.4,84.9,9.2,148,12.8,5,,2016-05-26T05:15:38,2016-05-26T18:31:52,0.65,"Rain, Partially cloudy",Partly cloudy throughout the day with afternoon rain.,rain,"48820099999,48823099999,48825099999,48831099999,VVNB"
Hanoi,2016-05-27,33.1,26,29,45.8,26,36.2,27,89.7,11.467,100,8.33,rain,0,0,21.6,20.5,112.3,1003.4,79.7,9.3,194.7,16.7,7,,2016-05-27T05:15:26,2016-05-27T18:32:17,0.69,"Rain, Partially cloudy",Partly cloudy throughout the day with rain.,rain,"48820099999,48823099999,48825099999,48831099999,VVNB"
Hanoi,2016-05-28,35,25.7,28.9,48.8,25.7,34.1,26.2,86.3,9.25,100,8.33,rain,0,0,24.5,16.6,94.5,1003,50.6,10.1,218.5,18.8,7,,2016-05-28T05:15:16,2016-05-28T18:32:42,0.72,"Rain, Partially cloudy",Partly cloudy throughout the day with rain.,rain,"48820099999,48823099999,48825099999,48831099999,VVNB"
Hanoi,2016-05-29,33,26,28.9,45.8,26,35.1,26.5,87.9,1.081,100,8.33,rain,0,0,25.6,24.1,84.9,1004,56.6,9.1,193.3,16.8,7,,2016-05-29T05:15:06,2016-05-29T18:33:07,0.75,"Rain, Partially cloudy",Partly cloudy throughout the day with rain.,rain,"48820099999,48823099999,48825099999,48831099999,VVNB"
Hanoi,2016-05-30,30.1,26,27.9,40.4,26,33.2,26.5,92.4,0.588,100,4.17,rain,0,0,25.2,14.8,46.6,1005.8,79.3,9.2,166.5,14.3,6,,2016-05-30T05:14:58,2016-05-30T18:33:31,0.79,"Rain, Partially cloudy",Partly cloudy throughout the day with afternoon rain.,rain,"48820099999,48823099999,48825099999,48831099999,VVNB"
Hanoi,2016-05-31,36,27,31,45.3,31.2,39.1,26.5,79,0.1,100,4.17,rain,0,0,27.7,22.3,140.8,1005.7,32.8,10.1,293.5,25.3,9,,2016-05-31T05:14:51,2016-05-31T18:33:55,0.83,"Rain, Partially cloudy",Partly cloudy throughout the day with afternoon rain.,rain,"48820099999,48823099999,48825099999,48831099999,VVNB"
Hanoi,2016-06-01,37.1,28,32.6,46,35.6,41.6,26.4,72.2,0,0,0,,0,0,29.9,18.4,163.6,1005,13.7,12,308.9,26.6,10,,2016-06-01T05:14:45,2016-06-01T18:34:19,0.86,Clear,Clear conditions throughout the day.,clear-day,"48820099999,48823099999,48825099999,48831099999,VVNB"
Hanoi,2016-06-02,38,28,33.3,47.3,35.6,43,26.6,70.8,0,0,0,,0,0,28.1,20.5,189.8,1002.8,10.2,11.8,314.4,27.1,10,,2016-06-02T05:14:39,2016-06-02T18:34:43,0.9,Clear,Clear conditions throughout the day.,clear-day,"48820099999,48823099999,48825099999,48831099999,VVNB"
Hanoi,2016-06-03,38,29,33.3,49,34.5,41.6,25.6,65.9,0,0,0,,0,0,28.8,16.6,214.2,1003.2,20.1,11.8,307.7,26.6,10,,2016-06-03T05:14:35,2016-06-03T18:35:06,0.93,Partially cloudy,Partly cloudy throughout the day.,partly-cloudy-day,"48820099999,48823099999,48825099999,48831099999,VVNB,remote"
Hanoi,2016-06-04,36.1,27,31.4,43.3,30.6,38.3,25.3,71.4,3.4,100,25,rain,0,0,32.4,16.6,130.5,1004.7,67.6,10.1,133.6,11.5,7,,2016-06-04T05:14:32,2016-06-04T18:35:29,0.97,"Rain, Partially cloudy",Partly cloudy throughout the day with rain in the morning and afternoon.,rain,"48820099999,48823099999,48825099999,48831099999,VVNB"
Hanoi,2016-06-05,36,27,30,48.1,31.2,37,25.9,79.5,0.014,100,4.17,rain,0,0,25.9,24.1,66.1,1005.4,50,10,264.9,22.9,9,,2016-06-05T05:14:31,2016-06-05T18:35:52,0,"Rain, Partially cloudy",Partly cloudy throughout the day with late afternoon rain.,rain,"48820099999,48823099999,48825099999,48831099999,VVNB"
Hanoi,2016-06-06,35,26,30.1,44.9,26,36.4,25.6,77.6,0.035,100,4.17,rain,0,0,24.1,18.4,101,1006.5,69.3,9.6,233,20.1,9,,2016-06-06T05:14:30,2016-06-06T18:36:14,0.04,"Rain, Partially cloudy",Partly cloudy throughout the day with afternoon rain.,rain,"48820099999,48823099999,48825099999,48831099999,VVNB"
Hanoi,2016-06-07,35,26,29.1,45.3,26,34.8,26.3,86.2,0.007,100,4.17,rain,0,0,32.4,31.7,122.7,1005.3,62.9,9,179.4,15.5,8,,2016-06-07T05:14:30,2016-06-07T18:36:36,0.07,"Rain, Partially cloudy",Partly cloudy throughout the day with late afternoon rain.,rain,"48820099999,48823099999,48825099999,48831099999,VVNB"
Hanoi,2016-06-08,33.2,26,28.2,41,26,32.9,26.1,89.3,0.459,100,8.33,rain,0,0,32.8,9.4,308.7,1004,62.8,9.1,129.9,11.1,6,,2016-06-08T05:14:31,2016-06-08T18:36:57,0.1,"Rain, Partially cloudy",Partly cloudy throughout the day with rain.,rain,"48820099999,48823099999,48825099999,48831099999,VVNB"
Hanoi,2016-06-09,35,26,30,44.9,26,36.8,26.2,81.8,0.308,100,8.33,rain,0,0,37.4,20.5,97.4,1003.4,54.8,8,119.3,10.3,5,,2016-06-09T05:14:33,2016-06-09T18:37:18,0.13,"Rain, Partially cloudy",Partly cloudy throughout the day with rain.,rain,"48820099999,48823099999,48825099999,48831099999,VVNB"
Hanoi,2016-06-10,34.3,27,30.1,45.3,31.2,38.2,26.9,84,0.133,100,8.33,rain,0,0,35.3,20.5,78.8,1003.1,65.6,8.6,168.4,14.5,7,,2016-06-10T05:14:36,2016-06-10T18:37:38,0.17,"Rain, Partially cloudy",Partly cloudy throughout the day with rain.,rain,"48820099999,48823099999,48825099999,48831099999,VVNB"
Hanoi,2016-06-11,37.2,28,32.3,50.2,33.6,41.5,26.5,74.1,0.2,100,4.17,rain,0,0,27.7,14.8,115.1,1001.6,55.8,10.1,237.5,20.3,8,,2016-06-11T05:14:40,2016-06-11T18:37:58,0.2,"Rain, Partially cloudy",Partly cloudy throughout the day with afternoon rain.,rain,"48820099999,48823099999,48825099999,48831099999,VVNB"
Hanoi,2016-06-12,37.7,29,32.9,46,35.6,39.9,24.8,64.9,0.098,100,4.17,rain,0,0,28.4,18.4,205.6,1001.4,62.7,11.5,272.3,23.6,8,,2016-06-12T05:14:45,2016-06-12T18:38:18,0.25,"Rain, Partially cloudy",Partly cloudy throughout the day with early morning rain.,rain,"48820099999,48823099999,48825099999,48831099999,VVNB"
Hanoi,2016-06-13,38,28,33.1,49,35.6,41.8,26,68.9,0,0,0,,0,0,36.4,16.6,220.1,1001.1,54.2,11.4,276.8,24.1,9,,2016-06-13T05:14:51,2016-06-13T18:38:36,0.26,Partially cloudy,Partly cloudy throughout the day.,partly-cloudy-day,"48820099999,48823099999,48825099999,48831099999,VVNB"
Hanoi,2016-06-14,38.5,29,33.9,45.8,37,42.4,25.5,64.2,0,0,0,,0,0,33.8,18.4,198.7,999.5,64,11.9,295.4,25.5,9,,2016-06-14T05:14:58,2016-06-14T18:38:54,0.3,Partially cloudy,Partly cloudy throughout the day.,partly-cloudy-day,"48820099999,48823099999,48825099999,48831099999,VVNB"
Hanoi,2016-06-15,39,29,34,45.8,36.8,42.2,25.2,62.6,0,0,0,,0,0,30.6,22.3,193.6,1000.1,58.6,11.7,305,26.2,10,,2016-06-15T05:15:06,2016-06-15T18:39:12,0.33,Partially cloudy,Partly cloudy throughout the day.,partly-cloudy-day,"48820099999,48823099999,48825099999,48831099999,VVNB"
Hanoi,2016-06-16,31,25,27.2,40.3,25,30.7,24.9,87.5,6.081,100,8.33,rain,0,0,34.2,27.7,4.7,1006,76.2,9.6,196.5,17.1,8,,2016-06-16T05:15:14,2016-06-16T18:39:28,0.36,"Rain, Partially cloudy",Partly cloudy throughout the day with rain in the morning and afternoon.,rain,"48820099999,48823099999,48825099999,48831099999,VVNB"
Hanoi,2016-06-17,33.4,26,29.2,42.1,26,33.9,25.2,80,1.965,100,4.17,rain,0,0,27.4,22.3,103.4,1006.4,68,9.9,265.9,22.9,8,,2016-06-17T05:15:24,2016-06-17T18:39:44,0.39,"Rain, Partially cloudy",Partly cloudy throughout the day with early morning rain.,rain,"48820099999,48823099999,48825099999,48831099999,VVNB"
Hanoi,2016-06-18,36.1,24,29.5,46.7,24,35.4,26,83.4,0.3,100,4.17,rain,0,0,31,20.5,119.9,1006.1,61.9,10.1,289.7,25.2,9,,2016-06-18T05:15:34,2016-06-18T18:40:00,0.43,"Rain, Partially cloudy",Partly cloudy throughout the day with afternoon rain.,rain,"48820099999,48823099999,48825099999,48831099999,VVNB"
Hanoi,2016-06-19,35,25,29.8,45.8,25,36.1,26.1,82.2,4.913,100,4.17,rain,0,0,32.4,18.4,121.4,1006.1,49.9,9.1,270,23.5,9,,2016-06-19T05:15:45,2016-06-19T18:40:14,0.46,"Rain, Partially cloudy",Partly cloudy throughout the day with early morning rain.,rain,"48820099999,48823099999,48825099999,48831099999,VVNB"
Hanoi,2016-06-20,35.4,28,30.8,47.3,35.4,40.2,27.3,82.7,0.983,100,4.17,rain,0,0,32.4,20.5,127.9,1004.6,58.6,9.1,255.6,22.2,9,,2016-06-20T05:15:57,2016-06-20T18:40:28,0.5,"Rain, Partially cloudy",Partly cloudy throughout the day with late afternoon rain.,rain,"48820099999,48823099999,48825099999,48831099999,VVNB"
Hanoi,2016-06-21,35,28,31.1,46.7,35.6,40,26.8,79.1,1.3,100,20.83,rain,0,0,32.8,29.5,130.1,1005.7,56,10.7,261.7,22.8,9,,2016-06-21T05:16:10,2016-06-21T18:40:41,0.53,"Rain, Partially cloudy",Partly cloudy throughout the day with rain.,rain,"48820099999,48823099999,48825099999,48831099999,VVNB"
Hanoi,2016-06-22,34,27,30.7,43.5,31.8,38.6,26.4,79.1,0.4,100,12.5,rain,0,0,27.7,20.5,126.4,1006.8,46.7,10.6,255.9,22.3,9,,2016-06-22T05:16:23,2016-06-22T18:40:53,0.56,"Rain, Partially cloudy",Partly cloudy throughout the day with rain in the morning and afternoon.,rain,"48820099999,48823099999,48825099999,48831099999,VVNB"
Hanoi,2016-06-23,33.4,27,29.4,43.8,31.8,36.1,26.3,84.2,0.22,100,8.33,rain,0,0,29.5,18.4,114.8,1006,43.4,9.7,273.4,23.7,9,,2016-06-23T05:16:37,2016-06-23T18:41:05,0.6,"Rain, Partially cloudy",Partly cloudy throughout the day with rain in the morning and afternoon.,rain,"48820099999,48823099999,48825099999,48831099999,VVNB"
Hanoi,2016-06-24,34.1,27,30.3,43.8,31.8,37.8,26.3,80.4,0.052,100,4.17,rain,0,0,26.6,20.5,109.1,1005.3,51.9,10.5,243.1,21.3,8,,2016-06-24T05:16:52,2016-06-24T18:41:15,0.63,"Rain, Partially cloudy",Partly cloudy throughout the day with morning rain.,rain,"48820099999,48823099999,48825099999,48831099999,VVNB"
Hanoi,2016-06-25,34,28,30.7,45.3,34.8,39.3,26.7,79.9,4.3,100,37.5,rain,0,0,29.9,18.4,109.2,1006.8,55.7,12,236.8,20.5,8,,2016-06-25T05:17:07,2016-06-25T18:41:25,0.67,"Rain, Partially cloudy",Partly cloudy throughout the day with rain.,rain,"48820099999,48823099999,48825099999,48831099999,VVNB"
Hanoi,2016-06-26,36,27,31.3,44.9,31.8,39.1,26,75.2,1.4,100,29.17,rain,0,0,22.3,20.5,103.9,1006.7,47,12.1,227.9,19.7,8,,2016-06-26T05:17:23,2016-06-26T18:41:33,0.71,"Rain, Partially cloudy",Partly cloudy throughout the day with a chance of rain throughout the day.,rain,"48820099999,48823099999,48825099999,48831099999,VVNB"
Hanoi,2016-06-27,33,26,29.6,45.8,26,38,27.1,86.9,23.75,100,8.33,rain,0,0,23,22.3,215.7,1005.4,48.1,11.2,205.1,17.7,7,,2016-06-27T05:17:40,2016-06-27T18:41:41,0.74,"Rain, Partially cloudy",Partly cloudy throughout the day with rain in the morning and afternoon.,rain,"48820099999,48823099999,48825099999,48831099999,VVNB"
Hanoi,2016-06-28,35,28,30.9,44.9,35.6,39.6,26.8,80.2,0.098,100,4.17,rain,0,0,22.3,27.7,97.6,1005.3,50.3,10.4,269.8,23.3,9,,2016-06-28T05:17:57,2016-06-28T18:41:48,0.75,"Rain, Partially cloudy",Partly cloudy throughout the day with afternoon rain.,rain,"48820099999,48823099999,48825099999,48831099999,VVNB"
Hanoi,2016-06-29,33,26.8,29.5,43.8,30.4,37.6,27,87.2,23.025,100,12.5,rain,0,0,23.4,16.6,88,1006.3,61.3,9.5,156.2,13.4,7,,2016-06-29T05:18:15,2016-06-29T18:41:54,0.81,"Rain, Partially cloudy",Partly cloudy throughout the day with rain.,rain,"48820099999,48823099999,48825099999,48831099999,VVNB"
Hanoi,2016-06-30,30.1,27,28.3,38.8,31.6,35.2,27.1,93,9.896,100,8.33,rain,0,0,28.1,18.4,105.1,1005.2,68.8,8.5,131.4,11.4,6,,2016-06-30T05:18:34,2016-06-30T18:41:59,0.85,"Rain, Partially cloudy",Partly cloudy throughout the day with rain in the morning and afternoon.,rain,"48820099999,48823099999,48825099999,48831099999,VVNB"
Hanoi,2016-07-01,32.1,27.9,30.1,42.3,34.6,38.2,26.8,83.4,0.786,100,4.17,rain,0,0,32.4,22.3,135.8,1003.5,49.8,10,186,15.8,7,,2016-07-01T05:18:53,2016-07-01T18:42:03,0.88,"Rain, Partially cloudy",Partly cloudy throughout the day with early morning rain.,rain,"48820099999,48823099999,48825099999,48831099999,VVNB"
Hanoi,2016-07-02,33,26,29,44.3,26,36.7,27.3,91.2,8.155,100,4.17,rain,0,0,29.5,14.8,116.9,1004.1,66.7,9.6,150.6,12.9,5,,2016-07-02T05:19:12,2016-07-02T18:42:06,0.92,"Rain, Partially cloudy",Partly cloudy throughout the day with late afternoon rain.,rain,"48820099999,48823099999,48825099999,48831099999,VVNB"
Hanoi,2016-07-03,34.1,26,30,43.5,26,36.2,26.2,82,0.295,100,4.17,rain,0,0,37.8,13,150,1003.3,52.9,9.6,124.7,10.9,6,,2016-07-03T05:19:32,2016-07-03T18:42:07,0.96,"Rain, Partially cloudy",Partly cloudy throughout the day with early morning rain.,rain,"48820099999,48823099999,48825099999,48831099999,VVNB"
Hanoi,2016-07-04,34,28,30.7,43.8,35,39.7,26.9,81.2,0.098,100,4.17,rain,0,0,27,18.4,114.6,1000.3,82.8,9.4,203.6,17.6,7,,2016-07-04T05:19:52,2016-07-04T18:42:08,0,"Rain, Partially cloudy",Partly cloudy throughout the day with afternoon rain.,rain,"48820099999,48823099999,48825099999,48831099999,VVNB"
Hanoi,2016-07-05,30,26,27.9,38.2,26,33.1,26.1,90.1,42.895,100,8.33,rain,0,0,20.5,22.3,90,1001.3,75,9.6,160.3,13.8,6,,2016-07-05T05:20:13,2016-07-05T18:42:08,0.02,"Rain, Partially cloudy",Partly cloudy throughout the day with rain.,rain,"48820099999,48823099999,48825099999,48831099999,VVNB"
Hanoi,2016-07-06,29,25.7,27,35.6,25.7,29.9,25.4,90.9,17.228,100,16.67,rain,0,0,37.1,24.1,86.7,1004.3,71.9,9.1,98.3,8.4,4,,2016-07-06T05:20:34,2016-07-06T18:42:07,0.06,"Rain, Partially cloudy",Partly cloudy throughout the day with a chance of rain throughout the day.,rain,"48820099999,48823099999,48825099999,48831099999,VVNB"
Hanoi,2016-07-07,31,26.9,28.4,39.1,30.6,33.6,25.5,84.6,2.677,100,8.33,rain,0,0,24.5,16.6,73.6,1005.8,52.5,9.9,124.3,10.6,6,,2016-07-07T05:20:55,2016-07-07T18:42:04,0.09,"Rain, Partially cloudy",Partly cloudy throughout the day with rain in the morning and afternoon.,rain,"48820099999,48823099999,48825099999,48831099999,VVNB"
Hanoi,2016-07-08,34,26,30.2,42,26,35.4,25,75.6,1.2,100,25,rain,0,0,19.1,11.2,163.6,1003.5,39.1,9.5,266.2,23.1,9,,2016-07-08T05:21:17,2016-07-08T18:42:01,0.12,"Rain, Partially cloudy",Partly cloudy throughout the day with a chance of rain throughout the day.,rain,"48820099999,48823099999,48825099999,48831099999,VVNB"
Hanoi,2016-07-09,36.4,28,31.9,46.2,33.6,40.9,26.5,74.7,0.1,100,4.17,rain,0,0,24.8,22.3,112.3,1000.4,34,12,275.6,23.8,9,,2016-07-09T05:21:39,2016-07-09T18:41:56,0.15,"Rain, Partially cloudy",Partly cloudy throughout the day with morning rain.,rain,"48820099999,48823099999,48825099999,48831099999,VVNB"
Hanoi,2016-07-10,37.7,29,33,48.1,38.2,43.8,27.1,73.2,0,0,0,,0,0,21.2,20.5,114.9,998.3,42.4,11.6,279.4,24.2,9,,2016-07-10T05:22:02,2016-07-10T18:41:51,0.19,Partially cloudy,Partly cloudy throughout the day.,partly-cloudy-day,"48820099999,48823099999,48825099999,48831099999,VVNB"
Hanoi,2016-07-11,36,29,32.6,50.2,38.2,44,27.6,75.7,0,0,0,,0,0,21.6,18.4,92.5,999.2,52.1,11.6,261.5,22.6,9,,2016-07-11T05:22:24,2016-07-11T18:41:44,0.22,Partially cloudy,Partly cloudy throughout the day.,partly-cloudy-day,"48820099999,48823099999,48825099999,48831099999,VVNB"
Hanoi,2016-07-12,31,25.9,28.6,41.1,25.9,34,25.6,84.6,18.668,100,4.17,rain,0,0,25.2,14.8,81.4,1000.9,60,9.4,199.9,17.1,6,,2016-07-12T05:22:47,2016-07-12T18:41:36,0.25,"Rain, Partially cloudy",Partly cloudy throughout the day with afternoon rain.,rain,"48820099999,48823099999,48825099999,48831099999,VVNB"
Hanoi,2016-07-13,31.4,27,28.9,40.8,30.6,35.2,25.9,84.2,1.2,100,8.33,rain,0,0,20.9,16.6,75.5,1001.3,66.4,8.7,0.4,0,0,,2016-07-13T05:23:10,2016-07-13T18:41:27,0.28,"Rain, Partially cloudy",Partly cloudy throughout the day with rain clearing later.,rain,"48820099999,48823099999,48825099999,48831099999,VVNB,remote"
Hanoi,2016-07-14,32,25,28.7,42.4,25,34.4,25.9,85.4,28.493,100,8.33,rain,0,0,19.1,20.5,93.6,1002.6,74.2,9.3,145.3,12.7,6,,2016-07-14T05:23:33,2016-07-14T18:41:17,0.31,"Rain, Partially cloudy",Partly cloudy throughout the day with rain clearing later.,rain,"48820099999,48823099999,48825099999,48831099999,VVNB"
Hanoi,2016-07-15,34.1,25,30.1,45.8,25,37.2,25.9,79.1,0.3,100,12.5,rain,0,0,27,18.4,98.1,1003.8,58.7,9.3,210.5,18.3,8,,2016-07-15T05:23:56,2016-07-15T18:41:06,0.35,"Rain, Partially cloudy",Partly cloudy throughout the day with a chance of rain throughout the day.,rain,"48820099999,48823099999,48825099999,48831099999,VVNB,remote"
Hanoi,2016-07-16,37,27,31.3,46.2,30.1,38.4,25.7,73.9,1.965,100,4.17,rain,0,0,25.6,22.3,93.7,1004.5,44.9,10.4,269.8,23.2,8,,2016-07-16T05:24:19,2016-07-16T18:40:54,0.38,"Rain, Partially cloudy",Clearing in the afternoon with morning rain.,rain,"48820099999,48823099999,48825099999,48831099999,VVNB"
Hanoi,2016-07-17,36,26,30.9,45,26,36.5,25,72.5,12.948,100,4.17,rain,0,0,27.7,20.5,102.1,1004.4,84.1,11.1,284.6,24.5,9,,2016-07-17T05:24:43,2016-07-17T18:40:40,0.41,"Rain, Partially cloudy",Partly cloudy throughout the day with early morning rain.,rain,"48820099999,48823099999,48825099999,48831099999,VVNB,remote"
Hanoi,2016-07-18,37,29.7,32.7,45.8,38.6,41.6,25.9,69.8,0,0,0,,0,0,28.4,20.5,158,1002.2,73.6,10.1,278.2,24.2,10,,2016-07-18T05:25:06,2016-07-18T18:40:25,0.44,Partially cloudy,Partly cloudy throughout the day.,partly-cloudy-day,"48820099999,48823099999,48825099999,48831099999,VVNB"
Hanoi,2016-07-19,36,27,31.5,45.3,30.1,38.9,25.3,70.7,0.157,100,4.17,rain,0,0,34.2,20.5,128.9,1001.8,68,10.4,282.9,24.5,9,,2016-07-19T05:25:30,2016-07-19T18:40:10,0.48,"Rain, Partially cloudy",Partly cloudy throughout the day with early morning rain.,rain,"48820099999,48823099999,48825099999,48831099999,VVNB"
Hanoi,2016-07-20,35,29,31.3,42.7,32.4,38.6,25.2,71.4,0.4,100,12.5,rain,0,0,53.6,33.5,140.8,1004,59.9,10.7,249.5,21.5,9,,2016-07-20T05:25:54,2016-07-20T18:39:53,0.5,"Rain, Partially cloudy",Partly cloudy throughout the day with afternoon rain.,rain,"48820099999,48823099999,48825099999,48831099999,VVNB"
Hanoi,2016-07-21,33.1,25,30.6,40.6,25,37.4,25.2,73.9,1.4,100,12.5,rain,0,0,23.4,29.5,143,1006.8,57.1,10.1,221.2,19.2,8,,2016-07-21T05:26:17,2016-07-21T18:39:35,0.55,"Rain, Partially cloudy",Partly cloudy throughout the day with afternoon rain.,rain,"48820099999,48823099999,48825099999,48831099999,VVNB,remote"
Hanoi,2016-07-22,36,25,29.5,43.8,25,34,24.6,76.2,0.005,100,4.17,rain,0,0,26.3,25.9,126.3,1007.9,60,9.5,223.7,19.4,8,,2016-07-22T05:26:41,2016-07-22T18:39:16,0.58,"Rain, Partially cloudy",Partly cloudy throughout the day with morning rain.,rain,"48820099999,48823099999,48825099999,48831099999,VVNB"
Hanoi,2016-07-23,35,25,29.9,45.3,25,35.8,25.4,78.5,0.1,100,4.17,rain,0,0,29.9,18.4,128.6,1007.2,61.3,10,228.1,19.7,7,,2016-07-23T05:27:04,2016-07-23T18:38:56,0.62,"Rain, Partially cloudy",Partly cloudy throughout the day with afternoon rain.,rain,"48820099999,48823099999,48825099999,48831099999,VVNB"
Hanoi,2016-07-24,35.5,25,29.8,42.3,25,34.2,24.4,74.6,2.953,100,4.17,rain,0,0,22.7,22.3,90.7,1006.8,33.4,11.2,309,26.6,10,,2016-07-24T05:27:28,2016-07-24T18:38:34,0.65,"Rain, Partially cloudy",Partly cloudy throughout the day with early morning rain.,rain,"48820099999,48823099999,48825099999,48831099999,VVNB"
Hanoi,2016-07-25,35.6,28,31.8,44.3,34.5,39.8,25.9,72.4,0.3,100,8.33,rain,0,0,22,18.4,116.5,1007.1,38.9,12,273.6,23.6,9,,2016-07-25T05:27:51,2016-07-25T18:38:12,0.69,"Rain, Partially cloudy",Partly cloudy throughout the day with morning rain.,rain,"48820099999,48823099999,48825099999,48831099999,VVNB"
Hanoi,2016-07-26,36,28,32.2,43.1,34.5,38.7,24.6,66.7,0,0,0,,0,0,19.4,13,84.5,1005.9,35.3,12.2,293.7,25.4,9,,2016-07-26T05:28:14,2016-07-26T18:37:48,0.72,Partially cloudy,Partly cloudy throughout the day.,partly-cloudy-day,"48820099999,48823099999,48825099999,48831099999,VVNB"
Hanoi,2016-07-27,34.3,26,29.9,41.3,26,35.2,24.3,72.6,0.546,100,20.83,rain,0,0,54,31.7,35.7,1004.3,59.2,9.8,199.7,17.2,8,,2016-07-27T05:28:38,2016-07-27T18:37:24,0.75,"Rain, Partially cloudy",Partly cloudy throughout the day with rain.,rain,"48820099999,48823099999,48825099999,48831099999,VVNB"
Hanoi,2016-07-28,28,23.8,25.8,30.7,23.8,26.9,24,90.1,160.225,100,25,rain,0,0,118.8,50,83.2,1004.5,88.3,7.4,32.8,2.8,2,,2016-07-28T05:29:01,2016-07-28T18:36:58,0.8,"Rain, Partially cloudy",Partly cloudy throughout the day with a chance of rain throughout the day.,rain,"48820099999,48823099999,48825099999,48831099999,VVNB"
Hanoi,2016-07-29,32,25,28.1,40.7,25,32,25.3,85.4,9.962,100,16.67,rain,0,0,26.3,20.5,104.7,1008,79.9,9.7,144.7,12.5,6,,2016-07-29T05:29:24,2016-07-29T18:36:31,0.83,"Rain, Partially cloudy",Partly cloudy throughout the day with a chance of rain throughout the day.,rain,"48820099999,48823099999,48825099999,48831099999,VVNB"
Hanoi,2016-07-30,32.1,26.7,28.9,40.7,30.5,34.9,25.9,84.1,0.42,100,4.17,rain,0,0,18,16.6,94.5,1007.6,53.2,9.4,217.4,18.6,8,,2016-07-30T05:29:47,2016-07-30T18:36:04,0.87,"Rain, Partially cloudy",Partly cloudy throughout the day with morning rain.,rain,"48820099999,48823099999,48825099999,48831099999,VVNB"
Hanoi,2016-07-31,35.3,26,30.7,43.8,26,36.7,25.1,74.6,0.1,100,4.17,rain,0,0,16.2,9.4,345.7,1005.4,25.6,8.9,289.1,25.1,9,,2016-07-31T05:30:09,2016-07-31T18:35:35,0.9,"Rain, Partially cloudy",Partly cloudy throughout the day with morning rain.,rain,"48820099999,48823099999,48825099999,48831099999,VVNB"
Hanoi,2016-08-01,36.4,27,31.8,44.7,31.2,39.2,25.6,71.9,0.1,100,4.17,rain,0,0,22,13,280.3,1002.1,27.1,10.6,294.2,25.3,9,,2016-08-01T05:30:32,2016-08-01T18:35:05,0.94,"Rain, Partially cloudy",Partly cloudy throughout the day with morning rain.,rain,"48820099999,48823099999,48825099999,48831099999,VVNB"
Hanoi,2016-08-02,36.3,28,31.8,48.8,33.6,39.9,25.8,71.9,0,0,0,,0,0,25.9,20.5,282.8,997.5,65.9,9.9,290,24.8,9,,2016-08-02T05:30:54,2016-08-02T18:34:34,0.98,Partially cloudy,Partly cloudy throughout the day.,partly-cloudy-day,"48820099999,48823099999,48825099999,48831099999,VVNB"
Hanoi,2016-08-03,30,25.7,27.2,35.6,25.7,30.1,25.1,88.6,13.996,100,12.5,rain,0,0,21.2,18.4,95.7,1000.3,82.8,7.7,58,5,2,,2016-08-03T05:31:16,2016-08-03T18:34:02,0,"Rain, Partially cloudy",Partly cloudy throughout the day with rain in the morning and afternoon.,rain,"48820099999,48823099999,48825099999,48831099999,VVNB"
Hanoi,2016-08-04,32,26,27.8,42.3,26,32.8,25.7,88.1,0.238,100,8.33,rain,0,0,44.6,24.1,92.4,1003.8,67,8.5,168.5,14.4,7,,2016-08-04T05:31:38,2016-08-04T18:33:29,0.04,"Rain, Partially cloudy",Partly cloudy throughout the day with rain clearing later.,rain,"48820099999,48823099999,48825099999,48831099999,VVNB"
Hanoi,2016-08-05,31.7,26,28.8,39.7,26,34.6,25.7,83.8,14.749,100,8.33,rain,0,0,21.2,14.8,77.2,1006.6,58.5,9.7,144.4,12.6,6,,2016-08-05T05:32:00,2016-08-05T18:32:55,0.08,"Rain, Partially cloudy",Partly cloudy throughout the day with rain in the morning and afternoon.,rain,"48820099999,48823099999,48825099999,48831099999,VVNB"
Hanoi,2016-08-06,34,27,30.5,43.5,31.2,37.3,25.6,76.1,0.8,100,25,rain,0,0,17.3,14.8,118.3,1005.2,41.7,9,242,20.8,8,,2016-08-06T05:32:21,2016-08-06T18:32:20,0.11,"Rain, Partially cloudy",Partly cloudy throughout the day with a chance of rain throughout the day.,rain,"48820099999,48823099999,48825099999,48831099999,VVNB"
Hanoi,2016-08-07,36,27,31.2,46.2,31.2,39.4,26.2,75.9,8.6,100,8.33,rain,0,0,19.8,20.5,98.1,1002.3,35.3,10.6,276.6,23.9,9,,2016-08-07T05:32:42,2016-08-07T18:31:44,0.14,"Rain, Partially cloudy",Partly cloudy throughout the day with late afternoon rain.,rain,"48820099999,48823099999,48825099999,48831099999,VVNB"
Hanoi,2016-08-08,35.3,27,31.1,44,30.1,37.3,24.8,70.7,3.93,100,4.17,rain,0,0,22.7,14.8,275.3,1002.4,38.7,11,273.4,23.6,9,,2016-08-08T05:33:03,2016-08-08T18:31:08,0.17,"Rain, Partially cloudy",Partly cloudy throughout the day with early morning rain.,rain,"48820099999,48823099999,48825099999,48831099999,VVNB"
Hanoi,2016-08-09,35.7,28,31.7,45.3,32.5,39,25.3,69.7,0.4,100,8.33,rain,0,0,25.9,16.6,310.4,1001.1,41.3,10.8,268.3,23.1,9,,2016-08-09T05:33:24,2016-08-09T18:30:30,0.2,"Rain, Partially cloudy",Partly cloudy throughout the day with rain.,rain,"48820099999,48823099999,48825099999,48831099999,VVNB"
Hanoi,2016-08-10,33,25,30.1,42.1,25,37.3,25.9,78.8,6.878,100,4.17,rain,0,0,26.6,14.8,355.9,1001,59.1,9.8,213.6,18.5,7,,2016-08-10T05:33:45,2016-08-10T18:29:52,0.24,"Rain, Partially cloudy",Partly cloudy throughout the day with afternoon rain.,rain,"48820099999,48823099999,48825099999,48831099999,VVNB"
Hanoi,2016-08-11,32,26,29.1,42.3,26,35.2,25.7,82.6,0.562,100,8.33,rain,0,0,26.3,16.6,310.7,1001.9,67.6,10,126.1,10.8,6,,2016-08-11T05:34:05,2016-08-11T18:29:12,0.25,"Rain, Partially cloudy",Partly cloudy throughout the day with rain in the morning and afternoon.,rain,"48820099999,48823099999,48825099999,48831099999,VVNB"
Hanoi,2016-08-12,33,25.7,28.8,42.1,25.7,33.9,25.5,83.1,24.563,100,8.33,rain,0,0,29.2,14.8,322.9,1001.5,72.1,9,151.3,13,7,,2016-08-12T05:34:25,2016-08-12T18:28:32,0.3,"Rain, Partially cloudy",Partly cloudy throughout the day with rain clearing later.,rain,"48820099999,48823099999,48825099999,48831099999,VVNB"
Hanoi,2016-08-13,31.1,25,28.1,39.4,25,33.2,25.7,86.7,0.308,100,4.17,rain,0,0,24.1,14.8,306.7,998,60.4,8.2,141.6,12.1,5,,2016-08-13T05:34:45,2016-08-13T18:27:51,0.33,"Rain, Partially cloudy",Partly cloudy throughout the day with late afternoon rain.,rain,"48820099999,48823099999,48825099999,48831099999,VVNB,remote"
Hanoi,2016-08-14,30.2,25,27.3,38.8,25,30.9,25.4,89.7,75.985,100,16.67,rain,0,0,38.5,18.4,48.9,997.6,77.7,9,79.7,7,3,,2016-08-14T05:35:04,2016-08-14T18:27:09,0.37,"Rain, Partially cloudy",Partly cloudy throughout the day with a chance of rain throughout the day.,rain,"48820099999,48823099999,48825099999,48831099999,VVNB"
Hanoi,2016-08-15,33,24,27.7,40.6,24,31.2,24.7,84.7,0.491,100,4.17,rain,0,0,25.2,13,316.3,997.7,64,10,111.8,9.7,6,,2016-08-15T05:35:23,2016-08-15T18:26:26,0.4,"Rain, Partially cloudy",Partly cloudy throughout the day with early morning rain.,rain,"48820099999,48823099999,48825099999,48831099999,VVNB,remote"
Hanoi,2016-08-16,31,27,28.1,39.1,30.8,33.7,26,88.2,0.915,100,12.5,rain,0,0,27,22.3,301.1,998.4,64,9.9,76.6,6.7,4,,2016-08-16T05:35:42,2016-08-16T18:25:42,0.43,"Rain, Partially cloudy",Partly cloudy throughout the day with a chance of rain throughout the day.,rain,"48820099999,48823099999,48825099999,48831099999,VVNB"
Hanoi,2016-08-17,32,26,28.8,42.3,26,34.9,26.1,85.8,3.399,100,12.5,rain,0,0,28.1,20.5,266.6,996.9,71.1,9.1,153.5,13.1,7,,2016-08-17T05:36:01,2016-08-17T18:24:58,0.46,"Rain, Partially cloudy",Partly cloudy throughout the day with a chance of rain throughout the day.,rain,"48820099999,48823099999,48825099999,48831099999,VVNB,remote"
Hanoi,2016-08-18,35,26,29.1,51,26,35.6,26.5,86.4,35.106,100,16.67,rain,0,0,48.2,18.6,287.3,992.9,71,9.1,197.2,16.9,9,,2016-08-18T05:36:20,2016-08-18T18:24:13,0.5,"Rain, Partially cloudy",Partly cloudy throughout the day with rain.,rain,"48820099999,48823099999,48825099999,48831099999,VVNB"
Hanoi,2016-08-19,30,25,27,35.1,25,29.3,24.6,87.3,137.955,100,25,rain,0,0,70.6,46.4,15.3,991.1,87.2,8.1,33.5,2.8,2,,2016-08-19T05:36:38,2016-08-19T18:23:27,0.53,"Rain, Partially cloudy",Partly cloudy throughout the day with a chance of rain throughout the day.,rain,"48820099999,48823099999,48825099999,48831099999,VVNB"
Hanoi,2016-08-20,30.3,26,27.7,37.5,26,31.8,25.4,87.8,8.351,100,8.33,rain,0,0,46.1,20.5,66.7,1002.2,68.1,9.8,164.3,14,7,,2016-08-20T05:36:56,2016-08-20T18:22:40,0.56,"Rain, Partially cloudy",Partly cloudy throughout the day with rain.,rain,"48820099999,48823099999,48825099999,48831099999,VVNB"
Hanoi,2016-08-21,32,26,28.7,42.3,26,33.9,26,85.9,43.231,100,4.17,rain,0,0,28.8,14.8,304,1003.6,71.8,9.9,228.4,19.8,8,,2016-08-21T05:37:14,2016-08-21T18:21:53,0.6,"Rain, Partially cloudy",Partly cloudy throughout the day with early morning rain.,rain,"48820099999,48823099999,48825099999,48831099999,VVNB"
Hanoi,2016-08-22,28.1,25.7,27.2,34.3,25.7,31.1,25.7,91.6,64.416,100,12.5,rain,0,0,29.2,14.8,304.7,1003.5,72.2,8.7,141.9,12.2,6,,2016-08-22T05:37:31,2016-08-22T18:21:05,0.64,"Rain, Partially cloudy",Partly cloudy throughout the day with rain.,rain,"48820099999,48823099999,48825099999,48831099999,VVNB"
Hanoi,2016-08-23,33,26,28.5,40.7,26,33.5,25.8,86,37.371,100,8.33,rain,0,0,24.8,14.8,15.8,1004.6,60.6,8.6,139.7,12.1,5,,2016-08-23T05:37:48,2016-08-23T18:20:17,0.67,"Rain, Partially cloudy",Partly cloudy throughout the day with rain.,rain,"48820099999,48823099999,48825099999,48831099999,VVNB"
Hanoi,2016-08-24,35,25.7,30.2,44.9,25.7,35.8,25.4,77.3,0.3,100,4.17,rain,0,0,20.9,11.2,295.8,1003.9,47.7,9.9,265.1,22.9,9,,2016-08-24T05:38:05,2016-08-24T18:19:28,0.71,"Rain, Partially cloudy",Partly cloudy throughout the day with afternoon rain.,rain,"48820099999,48823099999,48825099999,48831099999,VVNB"
Hanoi,2016-08-25,35.5,27,31.3,44.9,31.2,38.4,25.6,73.5,0,0,0,,0,0,16.6,13,295.3,1004.1,22.9,9.9,284.7,24.5,9,,2016-08-25T05:38:22,2016-08-25T18:18:38,0.75,Partially cloudy,Partly cloudy throughout the day.,partly-cloudy-day,"48820099999,48823099999,48825099999,48831099999,VVNB"
Hanoi,2016-08-26,36,28,31.4,45.3,32.7,39.4,26,74.6,3.4,100,12.5,rain,0,0,27.7,18.4,21.1,1004.7,23.1,7.8,270.5,23.2,9,,2016-08-26T05:38:39,2016-08-26T18:17:48,0.78,"Rain, Partially cloudy",Partly cloudy throughout the day with late afternoon rain.,rain,"48820099999,48823099999,48825099999,48831099999,VVNB"
Hanoi,2016-08-27,34,26,29.3,45.3,26,34.8,25.3,79.8,23.7,100,66.67,rain,0,0,27,17.3,308.7,1007.3,65.6,10,125.5,10.7,7,,2016-08-27T05:38:55,2016-08-27T18:16:57,0.82,"Rain, Partially cloudy",Partly cloudy throughout the day with a chance of rain throughout the day.,rain,"48820099999,48823099999,48825099999,48831099999,VVNB"
Hanoi,2016-08-28,27.5,24.9,26,31.4,24.9,26.7,24.8,93.7,55.163,100,16.67,rain,0,0,32,18.4,298.9,1007.9,83,7.9,193.3,16.7,9,,2016-08-28T05:39:11,2016-08-28T18:16:05,0.85,"Rain, Partially cloudy",Partly cloudy throughout the day with a chance of rain throughout the day.,rain,"48820099999,48823099999,48825099999,48831099999,VVNB"
Hanoi,2016-08-29,30,25,27.3,36.2,25,29.8,24.3,83.8,0.098,100,4.17,rain,0,0,21.6,14.8,261.2,1007.3,65.9,8.4,218.8,18.8,9,,2016-08-29T05:39:27,2016-08-29T18:15:14,0.89,"Rain, Partially cloudy",Partly cloudy throughout the day with morning rain.,rain,"48820099999,48823099999,48825099999,48831099999,VVNB"
Hanoi,2016-08-30,33.2,25,28.9,39.3,25,31.9,23.6,74.6,1,100,8.33,rain,0,0,20.9,13,112.4,1006.9,27.1,7.5,243.4,21,8,,2016-08-30T05:39:43,2016-08-30T18:14:21,0.92,"Rain, Partially cloudy",Partly cloudy throughout the day with rain in the morning and afternoon.,rain,"48820099999,48823099999,48825099999,48831099999,VVNB,remote"
Hanoi,2016-08-31,35,27,30.2,44.9,30.6,37.6,26.2,80,0.6,100,16.67,rain,0,0,34.2,14.8,104.5,1004.2,45.9,7.8,218.3,18.8,8,,2016-08-31T05:39:59,2016-08-31T18:13:28,0.96,"Rain, Partially cloudy",Partly cloudy throughout the day with rain.,rain,"48820099999,48823099999,48825099999,48831099999,VVNB"
Hanoi,2016-09-01,35.1,25,30,45.3,25,36.2,25.7,79.7,1.1,100,8.33,rain,0,0,59.4,40.7,39.2,1001,61.8,9.6,207.9,17.9,8,,2016-09-01T05:40:14,2016-09-01T18:12:35,0,"Rain, Partially cloudy",Partly cloudy throughout the day with rain.,rain,"48820099999,48823099999,48825099999,48831099999,VVNB"
Hanoi,2016-09-02,33,25,28.5,40.6,25,32.7,25.1,83.1,12.778,100,12.5,rain,0,0,16.2,16.6,278.2,1002.6,80,10.3,161.6,14,7,,2016-09-02T05:40:29,2016-09-02T18:11:41,0.03,"Rain, Partially cloudy",Partly cloudy throughout the day with rain.,rain,"48820099999,48823099999,48825099999,48831099999,VVNB"
Hanoi,2016-09-03,34,26.9,30,42.1,30.5,36.6,25.6,78.3,0.145,100,8.33,rain,0,0,15.5,9.4,109.8,1002.9,54.4,9,195,16.7,8,,2016-09-03T05:40:45,2016-09-03T18:10:47,0.06,"Rain, Partially cloudy",Partly cloudy throughout the day with rain.,rain,"48820099999,48823099999,48825099999,48831099999,VVNB"
Hanoi,2016-09-04,34,27,30,45.3,31.2,37.3,26.2,80.8,0.983,100,4.17,rain,0,0,25.6,11.2,45.6,1004.5,35.3,7.3,241.4,20.8,9,,2016-09-04T05:41:00,2016-09-04T18:09:53,0.09,"Rain, Partially cloudy",Partly cloudy throughout the day with afternoon rain.,rain,"48820099999,48823099999,48825099999,48831099999,VVNB"
Hanoi,2016-09-05,35,25,29.9,43.8,25,35.7,25.2,77.8,0.098,100,4.17,rain,0,0,23.8,20.5,322.1,1005.1,39.7,7.7,225.9,19.6,8,,2016-09-05T05:41:14,2016-09-05T18:08:58,0.12,"Rain, Partially cloudy",Partly cloudy throughout the day with late afternoon rain.,rain,"48820099999,48823099999,48825099999,48831099999,VVNB"
Hanoi,2016-09-06,29.1,26.6,27.7,36.8,26.6,32.6,26.1,91.3,17.699,100,12.5,rain,0,0,26.3,13,300.3,1005.6,70.1,6.6,86.5,7.6,4,,2016-09-06T05:41:29,2016-09-06T18:08:03,0.16,"Rain, Partially cloudy",Partly cloudy throughout the day with a chance of rain throughout the day.,rain,"48820099999,48823099999,48825099999,48831099999,VVNB"
Hanoi,2016-09-07,29,26,27.1,36.8,26,30.7,26.1,94.2,15.822,100,8.33,rain,0,0,22.7,9.4,343.5,1006,51.7,8.7,39.6,3.5,2,,2016-09-07T05:41:44,2016-09-07T18:07:07,0.19,"Rain, Partially cloudy",Partly cloudy throughout the day with rain.,rain,"48820099999,48823099999,48825099999,48831099999,VVNB"
Hanoi,2016-09-08,31,25,27.7,40.6,25,32,26,90.8,0.107,100,12.5,rain,0,0,21.6,14.8,142.6,1006.6,66.1,7.5,142,12.4,6,,2016-09-08T05:41:58,2016-09-08T18:06:12,0.22,"Rain, Partially cloudy",Partly cloudy throughout the day with a chance of rain throughout the day.,rain,"48820099999,48823099999,48825099999,48831099999,VVNB,remote"
Hanoi,2016-09-09,34,27,29.9,43.8,31.2,37.4,26.6,84,2.6,100,41.67,rain,0,0,20.9,16.6,119.9,1005.6,61.3,7.6,136.4,11.6,6,,2016-09-09T05:42:13,2016-09-09T18:05:16,0.25,"Rain, Partially cloudy",Partly cloudy throughout the day with a chance of rain throughout the day.,rain,"48820099999,48823099999,48825099999,48831099999,VVNB"
Hanoi,2016-09-10,31,25,27.4,42.4,25,31.5,25.6,90,0.782,100,4.17,rain,0,0,57.6,22.3,13.6,1005.4,79.5,9.1,111.1,9.6,5,,2016-09-10T05:42:27,2016-09-10T18:04:19,0.29,"Rain, Partially cloudy",Partly cloudy throughout the day with late afternoon rain.,rain,"48820099999,48823099999,48825099999,48831099999,VVNB"
Hanoi,2016-09-11,29,25,26.2,32,25,27,23.3,84.8,5.52,100,12.5,rain,0,0,24.1,14.8,342.6,1008.3,92.9,9.8,65.4,5.8,3,,2016-09-11T05:42:42,2016-09-11T18:03:23,0.32,"Rain, Overcast",Cloudy skies throughout the day with rain.,rain,"48820099999,48823099999,48825099999,48831099999,VVNB"
Hanoi,2016-09-12,30,25,27,35.6,25,29.3,24,84.5,0.119,100,8.33,rain,0,0,31.3,14.8,324.2,1010,70.2,8.3,121.8,10.5,4,,2016-09-12T05:42:56,2016-09-12T18:02:26,0.35,"Rain, Partially cloudy",Partly cloudy throughout the day with rain.,rain,"48820099999,48823099999,48825099999,48831099999,VVNB"
Hanoi,2016-09-13,32,25,28.4,40.7,25,32.7,25.4,84.7,0.508,100,8.33,rain,0,0,33.5,13,353.8,1009.7,55.8,8.6,199.3,17.1,8,,2016-09-13T05:43:10,2016-09-13T18:01:30,0.38,"Rain, Partially cloudy",Partly cloudy throughout the day with rain.,rain,"48820099999,48823099999,48825099999,48831099999,VVNB"
Hanoi,2016-09-14,34,26,29.8,41.5,26,35.3,25.2,78.3,0.098,100,4.17,rain,0,0,33.1,11.2,13.3,1007.5,55.6,9.5,201.9,17.5,8,,2016-09-14T05:43:25,2016-09-14T18:00:33,0.42,"Rain, Partially cloudy",Partly cloudy throughout the day with morning rain.,rain,"48820099999,48823099999,48825099999,48831099999,VVNB"
Hanoi,2016-09-15,34,26,29.9,44.2,26,36.9,26.4,83.2,1,100,16.67,rain,0,0,22.3,12.6,323.5,1006.2,30.8,8.6,232.2,20,9,,2016-09-15T05:43:39,2016-09-15T17:59:36,0.45,"Rain, Partially cloudy",Partly cloudy throughout the day with a chance of rain throughout the day.,rain,"48820099999,48823099999,48825099999,48831099999,VVNB"
Hanoi,2016-09-16,34.4,26,30.2,39.3,26,35.9,24.9,75.8,0,0,0,,0,0,23.4,14.8,330.4,1006.5,23.7,7.8,242.8,21.1,8,,2016-09-16T05:43:53,2016-09-16T17:58:39,0.48,Partially cloudy,Partly cloudy throughout the day.,partly-cloudy-day,"48820099999,48823099999,48825099999,48831099999,VVNB,remote"
Hanoi,2016-09-17,35,27,29.7,39.5,31,35.4,25.1,77.6,0.884,100,4.17,rain,0,0,20.5,16.6,8.8,1006.9,24.5,7.3,238.7,20.6,9,,2016-09-17T05:44:07,2016-09-17T17:57:42,0.5,"Rain, Partially cloudy",Partly cloudy throughout the day with afternoon rain.,rain,"48820099999,48823099999,48825099999,48831099999,VVNB"
Hanoi,2016-09-18,35,26.7,29.6,39,26.7,34.8,24.8,77,2,100,16.67,rain,0,0,23,14.8,331.9,1007.8,25.8,7.6,235.5,20.3,8,,2016-09-18T05:44:22,2016-09-18T17:56:45,0.55,"Rain, Partially cloudy",Becoming cloudy in the afternoon with rain.,rain,"48820099999,48823099999,48825099999,48831099999,VVNB"
Hanoi,2016-09-19,34.4,27.3,30.1,39.1,31.7,35.5,24.6,74.9,0.4,100,12.5,rain,0,0,24.1,13,15.5,1008,24,7.6,224.6,19.4,8,,2016-09-19T05:44:36,2016-09-19T17:55:47,0.58,"Rain, Partially cloudy",Partly cloudy throughout the day with rain clearing later.,rain,"48820099999,48823099999,48825099999,48831099999,VVNB"
Hanoi,2016-09-20,33,25,29,34.6,25,30.6,21.9,68.6,3.046,100,8.33,rain,0,0,27.7,13,23.3,1011,28.5,8.2,220.5,19,8,,2016-09-20T05:44:51,2016-09-20T17:54:50,0.62,"Rain, Partially cloudy",Partly cloudy throughout the day with rain.,rain,"48820099999,48823099999,48825099999,48831099999,VVNB,remote"
Hanoi,2016-09-21,33,26,29.3,36.4,26,30.6,19,54.7,0,0,0,,0,0,31.3,20.5,16,1014,52.4,9.3,237.8,20.6,9,,2016-09-21T05:45:05,2016-09-21T17:53:53,0.66,Partially cloudy,Partly cloudy throughout the day.,partly-cloudy-day,"48820099999,48823099999,48825099999,48831099999,VVNB"
Hanoi,2016-09-22,32.4,24,28.5,34.4,24,29.4,20.2,63,0,0,0,,0,0,21.6,13,1.6,1012.5,36.6,7.8,199.9,17.2,7,,2016-09-22T05:45:20,2016-09-22T17:52:56,0.69,Partially cloudy,Partly cloudy throughout the day.,partly-cloudy-day,"48820099999,48823099999,48825099999,48831099999,VVNB"
Hanoi,2016-09-23,32,24,28.2,34.2,24,30.2,22.4,72.7,4.6,100,25,rain,0,0,22.3,13,50.8,1010.2,44,7.5,135.1,11.7,5,,2016-09-23T05:45:35,2016-09-23T17:51:59,0.75,"Rain, Partially cloudy",Partly cloudy throughout the day with rain.,rain,"48820099999,48823099999,48825099999,48831099999,VVNB"
Hanoi,2016-09-24,29,25,26.5,34.5,25,28.3,24.9,91.5,41.33,100,16.67,rain,0,0,16.2,11.2,5.4,1009.1,87,7.6,77,6.8,5,,2016-09-24T05:45:50,2016-09-24T17:51:03,0.76,"Rain, Partially cloudy",Partly cloudy throughout the day with a chance of rain throughout the day.,rain,"48820099999,48823099999,48825099999,48831099999,VVNB"
Hanoi,2016-09-25,33,25,28.1,38.1,25,31.3,24.6,82.7,0.035,100,4.17,rain,0,0,19.4,13,130.8,1008.9,55,9.6,185.3,15.9,7,,2016-09-25T05:46:05,2016-09-25T17:50:06,0.8,"Rain, Partially cloudy",Partly cloudy throughout the day with afternoon rain.,rain,"48820099999,48823099999,48825099999,48831099999,VVNB"
Hanoi,2016-09-26,34,24.9,29.3,39.4,24.9,33.1,24.3,77.3,0.2,100,8.33,rain,0,0,21.6,14.8,129.4,1008,27.1,11.7,222.4,19.3,7,,2016-09-26T05:46:20,2016-09-26T17:49:09,0.83,"Rain, Partially cloudy",Partly cloudy throughout the day with rain in the morning and afternoon.,rain,"48820099999,48823099999,48825099999,48831099999,VVNB"
Hanoi,2016-09-27,35,26,30.5,40.6,26,35.9,24.8,73.8,0,0,0,,0,0,15.1,11.2,2.9,1006.4,21,9,246.8,21.5,8,,2016-09-27T05:46:35,2016-09-27T17:48:13,0.87,Partially cloudy,Partly cloudy throughout the day.,partly-cloudy-day,"48820099999,48823099999,48825099999,48831099999,VVNB,remote"
Hanoi,2016-09-28,36,27,30.9,43.2,31.8,38.1,25.8,76.2,2,100,12.5,rain,0,0,38.5,20.5,320.7,1005.4,22.4,7.8,215.1,18.4,8,,2016-09-28T05:46:51,2016-09-28T17:47:17,0.9,"Rain, Partially cloudy",Partly cloudy throughout the day with rain clearing later.,rain,"48820099999,48823099999,48825099999,48831099999,VVNB"
Hanoi,2016-09-29,35,27,30.8,38.5,30.1,34.3,22.3,63.4,0,0,0,,0,0,29.2,18.4,349.9,1005.6,39.9,9,233.6,20.3,8,,2016-09-29T05:47:07,2016-09-29T17:46:21,0.94,Partially cloudy,Partly cloudy throughout the day.,partly-cloudy-day,"48820099999,48823099999,48825099999,48831099999,VVNB"
Hanoi,2016-09-30,34,25,29.2,36.5,25,31.8,21.9,66.9,12.906,100,8.33,rain,0,0,24.5,27.7,106.9,1007.5,55.3,9.4,230.9,19.8,9,,2016-09-30T05:47:23,2016-09-30T17:45:26,0.97,"Rain, Partially cloudy",Partly cloudy throughout the day with rain in the morning and afternoon.,rain,"48820099999,48823099999,48825099999,48831099999,VVNB"
Hanoi,2016-10-01,32,25,28.1,33.6,25,29.2,21.2,67.9,0.197,100,4.17,rain,0,0,22,14.8,81.6,1009.9,53.3,9.1,221.9,19.2,9,,2016-10-01T05:47:39,2016-10-01T17:44:30,0,"Rain, Partially cloudy",Partly cloudy throughout the day with afternoon rain.,rain,"48820099999,48823099999,48825099999,48831099999,VVNB"
Hanoi,2016-10-02,32,24,28.2,34.2,24,29.4,20.7,65.8,0,0,0,,0,0,21.2,11.2,36.4,1010.2,28.7,8.5,216.6,18.8,9,,2016-10-02T05:47:55,2016-10-02T17:43:36,0.04,Partially cloudy,Partly cloudy throughout the day.,partly-cloudy-day,"48820099999,48823099999,48825099999,48831099999,VVNB"
Hanoi,2016-10-03,33,24,28.9,34.3,24,30.6,21.3,65.8,0,0,0,,0,0,19.1,13,336,1008.5,30.2,8.1,217.8,18.7,8,,2016-10-03T05:48:12,2016-10-03T17:42:41,0.07,Partially cloudy,Partly cloudy throughout the day.,partly-cloudy-day,"48820099999,48823099999,48825099999,48831099999,VVNB,remote"
Hanoi,2016-10-04,34,27,29.8,38.3,30.1,33.9,23.3,69.3,0.035,100,4.17,rain,0,0,17.3,13,344.6,1007.4,34.9,7.8,226.6,19.6,8,,2016-10-04T05:48:29,2016-10-04T17:41:47,0.11,"Rain, Partially cloudy",Partly cloudy throughout the day with late afternoon rain.,rain,"48820099999,48823099999,48825099999,48831099999,VVNB"
Hanoi,2016-10-05,31,26.5,28,38.8,26.5,32,24.7,82.7,12.86,100,8.33,rain,0,0,25.9,14.8,306.8,1008.5,46.5,6.8,191.1,16.7,6,,2016-10-05T05:48:47,2016-10-05T17:40:53,0.14,"Rain, Partially cloudy",Partly cloudy throughout the day with rain in the morning and afternoon.,rain,"48820099999,48823099999,48825099999,48831099999,VVNB"
Hanoi,2016-10-06,34,26,29.1,34.6,26,30.2,21,65.9,0.2,100,8.33,rain,0,0,23.4,18.4,32.5,1009.7,13.1,9,231.6,19.9,8,,2016-10-06T05:49:04,2016-10-06T17:40:00,0.17,Rain,Clear conditions throughout the day with rain clearing later.,rain,"48820099999,48823099999,48825099999,48831099999,VVNB"
Hanoi,2016-10-07,34,23,28.5,35.8,23,29.8,21.3,68.5,0,0,0,,0,0,16.2,13,315.4,1009.1,14,7.4,249.9,21.6,9,,2016-10-07T05:49:22,2016-10-07T17:39:07,0.2,Clear,Clear conditions throughout the day.,clear-day,"48820099999,48823099999,48825099999,48831099999,VVNB"
Hanoi,2016-10-08,34,24,28.8,35.5,24,30.3,21.5,68.3,0,0,0,,0,0,21.2,11.2,350.8,1009.6,15.7,8,234,20.2,9,,2016-10-08T05:49:40,2016-10-08T17:38:14,0.24,Clear,Clear conditions throughout the day.,clear-day,"48820099999,48823099999,48825099999,48831099999,VVNB"
Hanoi,2016-10-09,34,26,29.5,34.6,26,31.6,21.2,63.3,0.002,100,4.17,rain,0,0,22.3,16.6,73.9,1009.4,19.8,8,210,18.2,8,,2016-10-09T05:49:59,2016-10-09T17:37:22,0.25,Rain,Clear conditions throughout the day with afternoon rain.,rain,"48820099999,48823099999,48825099999,48831099999,VVNB"
Hanoi,2016-10-10,33,26,28.9,34.8,26,31.1,21.8,67.2,0.1,100,4.17,rain,0,0,23.8,16.6,107.1,1009.5,33.7,8,190.7,16.5,7,,2016-10-10T05:50:18,2016-10-10T17:36:31,0.3,"Rain, Partially cloudy",Partly cloudy throughout the day with morning rain.,rain,"48820099999,48823099999,48825099999,48831099999,VVNB"
Hanoi,2016-10-11,33,25,28.5,34.7,25,30.3,22,70.2,0.1,100,4.17,rain,0,0,19.8,16.6,70.7,1010.1,26.8,6.8,163.5,14,6,,2016-10-11T05:50:38,2016-10-11T17:35:40,0.34,"Rain, Partially cloudy",Partly cloudy throughout the day with late afternoon rain.,rain,"48820099999,48823099999,48825099999,48831099999,VVNB"
Hanoi,2016-10-12,33,26,29.1,34,26,30.5,20.2,61,0,0,0,,0,0,27.7,16.6,40.4,1011.5,35.3,8.4,205.2,17.8,8,,2016-10-12T05:50:57,2016-10-12T17:34:50,0.37,Partially cloudy,Partly cloudy throughout the day.,partly-cloudy-day,"48820099999,48823099999,48825099999,48831099999,VVNB"
Hanoi,2016-10-13,28,22,25.7,29.2,22,26.1,19.3,69.1,0.126,100,8.33,rain,0,0,31.7,18.4,353.1,1013,51.7,8.3,74.7,6.5,4,,2016-10-13T05:51:18,2016-10-13T17:34:00,0.4,"Rain, Partially cloudy",Partly cloudy throughout the day with rain in the morning and afternoon.,rain,"48820099999,48823099999,48825099999,48831099999,VVNB"
Hanoi,2016-10-14,29,23,25.9,29.8,23,26.1,19.3,68.1,0.133,100,8.33,rain,0,0,27.7,14.8,328.3,1011.9,59.5,9.2,39.1,3.4,2,,2016-10-14T05:51:38,2016-10-14T17:33:12,0.43,"Rain, Partially cloudy",Partly cloudy throughout the day with rain.,rain,"48820099999,48823099999,48825099999,48831099999,VVNB"
Hanoi,2016-10-15,26,23,24.5,26,23,24.5,22.9,90.8,5.31,100,12.5,rain,0,0,27,14.8,310.7,1012,68.1,8.1,57.9,5.1,3,,2016-10-15T05:51:59,2016-10-15T17:32:23,0.47,"Rain, Partially cloudy",Partly cloudy throughout the day with a chance of rain throughout the day.,rain,"48820099999,48823099999,48825099999,48831099999,VVNB,remote"
Hanoi,2016-10-16,34,23,27.7,36.5,23,29.4,22.2,74.8,0.003,100,4.17,rain,0,0,31,13,323.2,1012,32.2,8.4,198.5,17.2,8,,2016-10-16T05:52:21,2016-10-16T17:31:36,0.5,"Rain, Partially cloudy",Partly cloudy throughout the day with morning rain.,rain,"48820099999,48823099999,48825099999,48831099999,VVNB"
Hanoi,2016-10-17,34,24,28.8,35.1,24,29.8,20.7,65.5,0,0,0,,0,0,31.7,22.3,8.9,1009.6,28.4,7.9,221.3,19,8,,2016-10-17T05:52:43,2016-10-17T17:30:49,0.54,Partially cloudy,Partly cloudy throughout the day.,partly-cloudy-day,"48820099999,48823099999,48825099999,48831099999,VVNB"
Hanoi,2016-10-18,32,25.5,28.9,32.4,25.5,29.5,17.3,50.1,0.01,100,4.17,rain,0,0,42.1,22.3,341.9,1006.8,84.3,9.9,203.7,17.7,7,,2016-10-18T05:53:05,2016-10-18T17:30:03,0.57,"Rain, Partially cloudy",Partly cloudy throughout the day with afternoon rain.,rain,"48820099999,48823099999,48825099999,48831099999,VVNB"
Hanoi,2016-10-19,30,25,27.9,30,25,28.6,17.7,54.3,0.198,100,12.5,rain,0,0,45.4,25.9,326.1,1003.6,92.5,10,30.1,2.8,1,,2016-10-19T05:53:28,2016-10-19T17:29:17,0.6,"Rain, Overcast",Cloudy skies throughout the day with rain in the morning and afternoon.,rain,"48820099999,48823099999,48825099999,48831099999,VVNB"
Hanoi,2016-10-20,34,23,28.2,35.7,23,29.5,20.4,64.4,0,0,0,,0,0,15.5,14.8,86.9,1004.2,24.7,11.3,211.8,18.2,8,,2016-10-20T05:53:51,2016-10-20T17:28:33,0.64,Partially cloudy,Partly cloudy throughout the day.,partly-cloudy-day,"48820099999,48823099999,48825099999,48831099999,VVNB,remote"
Hanoi,2016-10-21,33.4,24,28.7,37,24,30.8,22.2,70.1,0,0,0,,0,0,17.6,14.8,27.5,1004.6,52.6,10.1,193.7,16.6,8,,2016-10-21T05:54:15,2016-10-21T17:27:49,0.67,Partially cloudy,Partly cloudy throughout the day.,partly-cloudy-day,"48820099999,48823099999,48825099999,48831099999,VVNB"
Hanoi,2016-10-22,34,26,29.6,37.4,26,33.4,23.9,74.1,0.9,100,25,rain,0,0,20.5,13,93.1,1006.6,59,7.5,156.6,13.5,6,,2016-10-22T05:54:40,2016-10-22T17:27:06,0.71,"Rain, Partially cloudy",Partly cloudy throughout the day with a chance of rain throughout the day.,rain,"48820099999,48823099999,48825099999,48831099999,VVNB"
Hanoi,2016-10-23,33,26,29,36.6,26,32.8,24.2,77.3,5.1,100,37.5,rain,0,0,24.8,14.8,134.4,1007.9,51.9,7.3,116.4,10.1,4,,2016-10-23T05:55:04,2016-10-23T17:26:24,0.75,"Rain, Partially cloudy",Partly cloudy throughout the day with a chance of rain throughout the day.,rain,"48820099999,48823099999,48825099999,48831099999,VVNB"
Hanoi,2016-10-24,34,25.4,28.9,36.8,25.4,31.8,23.7,75.8,0.069,100,8.33,rain,0,0,24.1,18.4,118.4,1008.4,42.1,8.1,141.3,12.3,6,,2016-10-24T05:55:30,2016-10-24T17:25:43,0.78,"Rain, Partially cloudy",Partly cloudy throughout the day with rain.,rain,"48820099999,48823099999,48825099999,48831099999,VVNB,remote"
Hanoi,2016-10-25,29,24.7,26.3,35.6,24.7,28.4,25.1,93.3,0.535,100,12.5,rain,0,0,32.4,14.8,102.8,1010.4,69.8,7.4,108.6,9.4,4,,2016-10-25T05:55:56,2016-10-25T17:25:03,0.81,"Rain, Partially cloudy",Partly cloudy throughout the day with rain.,rain,"48820099999,48823099999,48825099999,48831099999,VVNB"
Hanoi,2016-10-26,33,24.7,27.8,40.7,24.7,31.9,25.2,86.4,4.923,100,8.33,rain,0,0,34.2,16.6,125,1013.1,52,8,157.7,13.7,6,,2016-10-26T05:56:22,2016-10-26T17:24:24,0.84,"Rain, Partially cloudy",Partly cloudy throughout the day with rain.,rain,"48820099999,48823099999,48825099999,48831099999,VVNB,remote"
Hanoi,2016-10-27,32.1,25,28.2,37.4,25,30.9,23.8,78.7,0.1,100,4.17,rain,0,0,22.7,16.6,129.8,1014.4,23.9,8.6,177.7,15.4,6,,2016-10-27T05:56:49,2016-10-27T17:23:46,0.88,"Rain, Partially cloudy",Partly cloudy throughout the day with afternoon rain.,rain,"48820099999,48823099999,48825099999,48831099999,VVNB,remote"
Hanoi,2016-10-28,32,24,28.1,34.9,24,30,22.8,75.7,0,0,0,,0,0,18,16.6,122.7,1013.7,25.6,10.5,147.3,12.7,5,,2016-10-28T05:57:16,2016-10-28T17:23:09,0.91,Partially cloudy,Partly cloudy throughout the day.,partly-cloudy-day,"48820099999,48823099999,48825099999,48831099999,VVNB"
Hanoi,2016-10-29,32.3,25,27.7,34.6,25,29.2,22.8,76.9,1.965,100,4.17,rain,0,0,40,20.5,73.2,1015.4,37.7,9.3,164.3,14.3,7,,2016-10-29T05:57:44,2016-10-29T17:22:32,0.95,"Rain, Partially cloudy",Partly cloudy throughout the day with late afternoon rain.,rain,"48820099999,48823099999,48825099999,48831099999,VVNB"
Hanoi,2016-10-30,24.4,20,22.3,24.4,20,22.3,18.5,79.8,3.957,100,8.33,rain,0,0,27,22.3,17.6,1019.2,75.1,9.7,47,4,3,,2016-10-30T05:58:13,2016-10-30T17:21:57,0.98,"Rain, Partially cloudy",Partly cloudy throughout the day with rain.,rain,"48820099999,48823099999,48825099999,48831099999,VVNB"
Hanoi,2016-10-31,23,20,21.5,23,20,21.5,21,97.2,7.862,100,8.33,rain,0,0,24.1,16.6,349.1,1019.5,91.9,8.5,42.9,3.7,3,,2016-10-31T05:58:42,2016-10-31T17:21:23,0,"Rain, Overcast",Cloudy skies throughout the day with rain.,rain,"48820099999,48823099999,48825099999,48831099999,VVNB"
Hanoi,2016-11-01,23.1,21,22.2,23.1,21,22.2,18.7,80.9,4.2,100,41.67,rain,0,0,25.2,18.4,2.9,1020,92.8,10,37.7,3.2,2,,2016-11-01T05:59:11,2016-11-01T17:20:50,0.05,"Rain, Overcast",Cloudy skies throughout the day with a chance of rain throughout the day.,rain,"48820099999,48823099999,48825099999,48831099999,VVNB"
Hanoi,2016-11-02,23.5,21,22.1,23.5,21,22.1,15.9,68.3,0,0,0,,0,0,27.7,16.6,11.4,1021.2,83.9,9.9,68.8,5.9,3,,2016-11-02T05:59:42,2016-11-02T17:20:18,0.08,Partially cloudy,Partly cloudy throughout the day.,partly-cloudy-day,"48820099999,48823099999,48825099999,48831099999,VVNB"
Hanoi,2016-11-03,27,20.7,22.8,27.3,20.7,22.8,15.4,63.9,0,0,0,,0,0,27.7,16.6,355.1,1019.7,49.7,9.6,190,16.5,8,,2016-11-03T06:00:12,2016-11-03T17:19:48,0.12,Partially cloudy,Partly cloudy throughout the day.,partly-cloudy-day,"48820099999,48823099999,48825099999,48831099999,VVNB"
Hanoi,2016-11-04,28,19,23.3,27.8,19,23.3,16.9,70.5,0,0,0,,0,0,14.4,9.4,1.3,1015.1,16.3,7.7,195.6,16.9,7,,2016-11-04T06:00:43,2016-11-04T17:19:18,0.15,Clear,Clear conditions throughout the day.,clear-day,"48820099999,48823099999,48825099999,48831099999,VVNB"
Hanoi,2016-11-05,30,19,24.3,30.4,19,24.5,19,75,0,0,0,,0,0,25.6,20.5,113.8,1010.7,39,8.4,184.2,15.8,7,,2016-11-05T06:01:15,2016-11-05T17:18:50,0.18,Partially cloudy,Partly cloudy throughout the day.,partly-cloudy-day,"48820099999,48823099999,48825099999,48831099999,VVNB"
Hanoi,2016-11-06,28,22,25.1,30,22,25.6,21.2,79.8,0.4,100,12.5,rain,0,0,19.1,11.2,109,1012.4,50.1,6.6,116.4,10,5,,2016-11-06T06:01:47,2016-11-06T17:18:22,0.22,"Rain, Partially cloudy",Partly cloudy throughout the day with afternoon rain.,rain,"48820099999,48823099999,48825099999,48831099999,VVNB"
Hanoi,2016-11-07,27,24,25.5,30.6,24,26,23.9,91.4,0.235,100,8.33,rain,0,0,23,11.2,49.4,1014.3,84.3,6.3,50,4.2,3,,2016-11-07T06:02:20,2016-11-07T17:17:56,0.25,"Rain, Partially cloudy",Partly cloudy throughout the day with rain in the morning and afternoon.,rain,"48820099999,48823099999,48825099999,48831099999,VVNB"
Hanoi,2016-11-08,28,18,23.4,32.7,18,24,21.2,88.3,2.066,100,12.5,rain,0,0,42.1,31.7,23.2,1016.4,85.3,8.9,23.4,1.9,1,,2016-11-08T06:02:53,2016-11-08T17:17:31,0.25,"Rain, Partially cloudy",Partly cloudy throughout the day with rain.,rain,"48820099999,48823099999,48825099999,48831099999,VVNB"
Hanoi,2016-11-09,17.4,16,16.9,17.4,16,16.9,15.4,91.1,3.133,100,8.33,rain,0,0,25.2,20.5,7.8,1021,94.5,9.6,17.5,1.5,1,,2016-11-09T06:03:26,2016-11-09T17:17:08,0.32,"Rain, Overcast",Cloudy skies throughout the day with rain.,rain,"48820099999,48823099999,48825099999,48831099999,VVNB"
Hanoi,2016-11-10,17,14,16.2,17,14,16.2,14.9,92.8,4.914,100,8.33,rain,0,0,20.5,16.6,24.9,1022.5,91.8,9.7,30.5,2.6,2,,2016-11-10T06:04:00,2016-11-10T17:16:46,0.35,"Rain, Overcast",Cloudy skies throughout the day with rain.,rain,"48820099999,48823099999,48825099999,48831099999,VVNB"
Hanoi,2016-11-11,23,16,19.2,23,16,19.2,12.8,69,0.7,100,12.5,rain,0,0,16.9,11.2,38.1,1018.4,79.4,10.8,159.7,13.7,6,,2016-11-11T06:04:35,2016-11-11T17:16:25,0.39,"Rain, Partially cloudy",Partly cloudy throughout the day with rain clearing later.,rain,"48820099999,48823099999,48825099999,48831099999,VVNB"
Hanoi,2016-11-12,24.5,19,21.8,24.5,19,21.8,19.3,85.6,0,0,0,,0,0,20.2,9.4,64,1015.9,85.8,5.7,149.9,13,7,,2016-11-12T06:05:10,2016-11-12T17:16:05,0.42,Partially cloudy,Partly cloudy throughout the day.,partly-cloudy-day,"48820099999,48823099999,48825099999,48831099999,VVNB"
Hanoi,2016-11-13,29.4,20.9,24.2,32.3,20.9,24.7,21.2,85,0.133,100,4.17,rain,0,0,28.1,20.5,216.4,1014.3,78.3,5.9,126.5,11,5,,2016-11-13T06:05:45,2016-11-13T17:15:46,0.45,"Rain, Partially cloudy",Partly cloudy throughout the day with afternoon rain.,rain,"48820099999,48823099999,48825099999,48831099999,VVNB"
Hanoi,2016-11-14,30,23,26.1,32.7,23,27.1,22.8,84.3,0,0,0,,0,0,33.1,14.8,141.1,1013.1,86.3,7,135.8,11.7,5,,2016-11-14T06:06:21,2016-11-14T17:15:29,0.5,Partially cloudy,Partly cloudy throughout the day.,partly-cloudy-day,"48820099999,48823099999,48825099999,48831099999,VVNB"
Hanoi,2016-11-15,31,24,26.8,33.6,24,28,22.4,79,0.9,100,29.17,rain,0,0,24.8,14.8,125.8,1014.5,60.1,8.1,123.5,10.9,5,,2016-11-15T06:06:57,2016-11-15T17:15:13,0.52,"Rain, Partially cloudy",Partly cloudy throughout the day with a chance of rain throughout the day.,rain,"48820099999,48823099999,48825099999,48831099999,VVNB"
Hanoi,2016-11-16,31,23,26.1,31.9,23,26.4,20,71.7,0.1,100,4.17,rain,0,0,22.3,16.6,129.9,1015,43.3,8.7,136,11.7,5,,2016-11-16T06:07:34,2016-11-16T17:14:59,0.55,"Rain, Partially cloudy",Partly cloudy throughout the day with morning rain.,rain,"48820099999,48823099999,48825099999,48831099999,VVNB"
Hanoi,2016-11-17,30.1,22,25.6,35.7,22,26.2,20.5,74.7,0.1,100,4.17,rain,0,0,22,14.8,115.1,1014.6,43.8,8.6,142.9,12.4,6,,2016-11-17T06:08:11,2016-11-17T17:14:46,0.59,"Rain, Partially cloudy",Partly cloudy throughout the day with early morning rain.,rain,"48820099999,48823099999,48825099999,48831099999,VVNB,remote"
Hanoi,2016-11-18,30,22,25.7,31.3,22,26,19.3,70,0.5,100,16.67,rain,0,0,16.2,9.4,96.8,1012.3,35.9,6.2,136.7,11.8,6,,2016-11-18T06:08:48,2016-11-18T17:14:34,0.62,"Rain, Partially cloudy",Partly cloudy throughout the day with rain in the morning and afternoon.,rain,"48820099999,48823099999,48825099999,48831099999,VVNB"
Hanoi,2016-11-19,30,23,26.5,34.6,23,27.5,20.8,72.4,0.6,100,16.67,rain,0,0,18.7,13,100,1011,43,6.2,129.1,11,5,,2016-11-19T06:09:25,2016-11-19T17:14:24,0.66,"Rain, Partially cloudy",Partly cloudy throughout the day with a chance of rain throughout the day.,rain,"48820099999,48823099999,48825099999,48831099999,VVNB"
Hanoi,2016-11-20,31.1,23,26.8,33.4,23,27.8,20.7,70.9,0.2,100,8.33,rain,0,0,20.9,11.2,299.2,1010.7,31.3,7.2,127.2,11,6,,2016-11-20T06:10:03,2016-11-20T17:14:15,0.69,"Rain, Partially cloudy",Partly cloudy throughout the day with rain in the morning and afternoon.,rain,"48820099999,48823099999,48825099999,48831099999,VVNB"
Hanoi,2016-11-21,31,24.7,27.4,34,24.7,28.6,21.6,72.2,0.8,100,25,rain,0,0,20.2,13,128.5,1009.9,47,6.9,131.2,11.5,5,,2016-11-21T06:10:41,2016-11-21T17:14:07,0.75,"Rain, Partially cloudy",Partly cloudy throughout the day with a chance of rain throughout the day.,rain,"48820099999,48823099999,48825099999,48831099999,VVNB"
Hanoi,2016-11-22,31,25,27.4,34,25,28.6,21.6,71.8,1,100,33.33,rain,0,0,14.8,16.6,124.7,1010.1,53.1,8.9,113.3,9.7,5,,2016-11-22T06:11:20,2016-11-22T17:14:00,0.76,"Rain, Partially cloudy",Partly cloudy throughout the day with a chance of rain throughout the day.,rain,"48820099999,48823099999,48825099999,48831099999,VVNB"
Hanoi,2016-11-23,32,21,26.6,33.3,21,27.3,19.7,67.4,0.002,100,4.17,rain,0,0,40.3,25.9,83.1,1012.8,65.4,8.9,56,4.7,3,,2016-11-23T06:11:58,2016-11-23T17:13:55,0.79,"Rain, Partially cloudy",Partly cloudy throughout the day with afternoon rain.,rain,"48820099999,48823099999,48825099999,48831099999,VVNB"
Hanoi,2016-11-24,21,17,18.5,21,17,18.5,9.2,54.8,0.9,100,25,rain,0,0,25.6,24.1,37.6,1017.9,91.9,10,36.4,3.2,2,,2016-11-24T06:12:37,2016-11-24T17:13:52,0.82,"Rain, Overcast",Cloudy skies throughout the day with rain clearing later.,rain,"48820099999,48823099999,48825099999,48831099999,VVNB"
Hanoi,2016-11-25,20.5,17,18.3,20.5,17,18.3,11.1,62.9,0,0,0,,0,0,20.9,20.5,34.7,1015.9,91.2,10,51.3,4.4,2,,2016-11-25T06:13:16,2016-11-25T17:13:50,0.86,Overcast,Cloudy skies throughout the day.,cloudy,"48820099999,48823099999,48825099999,48831099999,VVNB"
Hanoi,2016-11-26,21,16,18.4,21,16,18.4,10.9,63.3,0.5,100,16.67,rain,0,0,31,22.3,18.4,1018.8,81.3,9.9,45.3,3.8,2,,2016-11-26T06:13:55,2016-11-26T17:13:49,0.89,"Rain, Partially cloudy",Partly cloudy throughout the day with rain clearing later.,rain,"48820099999,48823099999,48825099999,48831099999,VVNB"
Hanoi,2016-11-27,25,15,19.4,25,15,19.4,6.4,43.9,0,0,0,,0,0,20.2,18.4,24.8,1018.1,8.7,10,197.8,17.1,7,,2016-11-27T06:14:34,2016-11-27T17:13:49,0.92,Clear,Clear conditions throughout the day.,clear-day,"48820099999,48823099999,48825099999,48831099999,VVNB"
Hanoi,2016-11-28,24,13,18.7,24,13,18.7,7.7,52.2,0,0,0,,0,0,22,18.4,44.9,1020.2,0.1,10.2,200,17.3,7,,2016-11-28T06:15:13,2016-11-28T17:13:51,0.96,Clear,Clear conditions throughout the day.,clear-day,"48820099999,48823099999,48825099999,48831099999,VVNB"
Hanoi,2016-11-29,22,15,19.4,22,15,19.4,8.6,51.1,0,0,0,,0,0,23.8,16.6,16,1022,68.7,10.3,123.3,10.8,5,,2016-11-29T06:15:52,2016-11-29T17:13:54,0,Partially cloudy,Partly cloudy throughout the day.,partly-cloudy-day,"48820099999,48823099999,48825099999,48831099999,VVNB,remote"
Hanoi,2016-11-30,24,19,20.9,24,19,20.9,7.1,41.6,0,0,0,,0,0,29.5,20.5,8.3,1023.6,93,10.1,58.7,5,3,,2016-11-30T06:16:31,2016-11-30T17:13:59,0.02,Overcast,Cloudy skies throughout the day.,cloudy,"48820099999,48823099999,48825099999,48831099999,VVNB"
Hanoi,2016-12-01,24,16,19.8,24,16,19.8,7.5,45.9,0,0,0,,0,0,26.6,24.1,10,1023,28.1,10.5,189.5,16.4,7,,2016-12-01T06:17:11,2016-12-01T17:14:05,0.06,Partially cloudy,Clearing in the afternoon.,partly-cloudy-day,"48820099999,48823099999,48825099999,48831099999,VVNB"
Hanoi,2016-12-02,26,18,21.3,26,18,21.3,8.1,44.8,0,0,0,,0,0,22.7,16.6,31.6,1021.9,41.7,10.7,158.1,13.7,6,,2016-12-02T06:17:50,2016-12-02T17:14:12,0.09,Partially cloudy,Partly cloudy throughout the day.,partly-cloudy-day,"48820099999,48823099999,48825099999,48831099999,VVNB"
Hanoi,2016-12-03,26,18,21.9,26,18,21.9,11.4,52.3,0,0,0,,0,0,17.3,9.4,337.6,1020.5,62.8,8,85.9,7.4,4,,2016-12-03T06:18:29,2016-12-03T17:14:21,0.13,Partially cloudy,Partly cloudy throughout the day.,partly-cloudy-day,"48820099999,48823099999,48825099999,48831099999,VVNB"
Hanoi,2016-12-04,27,19,22.9,26.8,19,22.9,13.7,57.8,0,0,0,,0,0,21.2,11.2,325.2,1018.7,52.3,6.8,109.1,9.4,5,,2016-12-04T06:19:07,2016-12-04T17:14:31,0.16,Partially cloudy,Partly cloudy throughout the day.,partly-cloudy-day,"48820099999,48823099999,48825099999,48831099999,VVNB"
Hanoi,2016-12-05,27,20,23.2,27.8,20,23.2,15.8,64.5,0.4,100,16.67,rain,0,0,19.4,11.2,343.3,1018.1,38.7,5.2,164.8,14.3,7,,2016-12-05T06:19:46,2016-12-05T17:14:42,0.2,"Rain, Partially cloudy",Partly cloudy throughout the day with late afternoon rain.,rain,"48820099999,48823099999,48825099999,48831099999,VVNB"
Hanoi,2016-12-06,27,19,23.3,26.2,19,23.3,9.7,43.8,0,0,0,,0,0,34.9,22.3,28,1021.1,35.8,10.2,172,14.7,7,,2016-12-06T06:20:24,2016-12-06T17:14:55,0.23,Partially cloudy,Partly cloudy throughout the day.,partly-cloudy-day,"48820099999,48823099999,48825099999,48831099999,VVNB"
Hanoi,2016-12-07,26,14.7,20.2,26,14.7,20.2,5.7,42.6,0,0,0,,0,0,20.5,16.6,44.3,1019.1,6.3,8.9,191.5,16.5,7,,2016-12-07T06:21:02,2016-12-07T17:15:08,0.25,Clear,Clear conditions throughout the day.,clear-day,"48820099999,48823099999,48825099999,48831099999,VVNB"
Hanoi,2016-12-08,27,14,20.3,26.5,14,20.2,8.3,50.1,0,0,0,,0,0,20.5,11.2,314.2,1016.9,13.3,8,193.4,16.6,7,,2016-12-08T06:21:40,2016-12-08T17:15:23,0.3,Clear,Clear conditions throughout the day.,clear-day,"48820099999,48823099999,48825099999,48831099999,VVNB"
Hanoi,2016-12-09,26,15,20.6,26,15,20.6,10.9,56.2,0,0,0,,0,0,19.4,18.4,105.1,1014.4,1.8,6.8,194.1,16.8,7,,2016-12-09T06:22:18,2016-12-09T17:15:40,0.33,Clear,Clear conditions throughout the day.,clear-day,"48820099999,48823099999,48825099999,48831099999,VVNB"
Hanoi,2016-12-10,26,15.4,20.4,26,15.4,20.4,10.7,57,0,0,0,,0,0,15.8,13,84.2,1015.3,1.4,5.5,189.8,16.5,7,,2016-12-10T06:22:55,2016-12-10T17:15:57,0.37,Clear,Clear conditions throughout the day.,clear-day,"48820099999,48823099999,48825099999,48831099999,VVNB"
Hanoi,2016-12-11,26,16,20.8,26,16,20.8,12.8,62.3,0,0,0,,0,0,24.5,16.6,153.8,1013.9,1.1,4,176.2,15,7,,2016-12-11T06:23:32,2016-12-11T17:16:16,0.4,Clear,Clear conditions throughout the day.,clear-day,"48820099999,VVNB"
Hanoi,2016-12-12,29,19,23.6,29.1,19,23.7,16.9,67.6,0.2,100,4.17,rain,0,0,29.2,20.5,145.5,1010.9,40,5.8,179.2,15.6,7,,2016-12-12T06:24:08,2016-12-12T17:16:36,0.44,"Rain, Partially cloudy",Partly cloudy throughout the day with late afternoon rain.,rain,"48820099999,48823099999,VVNB"
Hanoi,2016-12-13,29,22.6,24.8,29.5,22.6,25,19.1,72.3,6,100,70.83,rain,0,0,24.5,14.8,129.9,1012.6,58.1,7.1,67.1,5.9,4,,2016-12-13T06:24:44,2016-12-13T17:16:57,0.47,"Rain, Partially cloudy",Partly cloudy throughout the day with a chance of rain throughout the day.,rain,"48820099999,48823099999,48825099999,48831099999,VVNB"
Hanoi,2016-12-14,24,20,21.9,24,20,21.9,15.5,68.5,3.6,100,66.67,rain,0,0,28.8,22.3,41.8,1016.9,87.6,9.6,36.2,3.1,2,,2016-12-14T06:25:19,2016-12-14T17:17:19,0.5,"Rain, Partially cloudy",Partly cloudy throughout the day with a chance of rain throughout the day.,rain,"48820099999,48823099999,48825099999,48831099999,VVNB"
Hanoi,2016-12-15,20,15,17.2,20,15,17.2,10.5,65.8,2.948,100,8.33,rain,0,0,25.2,20.5,14.1,1022.8,91.9,9.8,19.1,1.6,1,,2016-12-15T06:25:54,2016-12-15T17:17:42,0.54,"Rain, Overcast",Cloudy skies throughout the day with rain in the morning and afternoon.,rain,"48820099999,48823099999,48825099999,48831099999,VVNB"
Hanoi,2016-12-16,20,16,18.1,20,16,18.1,7.5,50.5,0,0,0,,0,0,25.2,18.4,26.4,1025.2,65.2,9.5,28,2.6,1,,2016-12-16T06:26:28,2016-12-16T17:18:07,0.57,Partially cloudy,Partly cloudy throughout the day.,partly-cloudy-day,"48820099999,48823099999,48825099999,48831099999,VVNB"
Hanoi,2016-12-17,22,15,18.4,22,15,18.4,8.6,54.3,0,0,0,,0,0,23,14.8,104.2,1021.3,27.1,9.6,181.8,15.6,7,,2016-12-17T06:27:01,2016-12-17T17:18:32,0.6,Partially cloudy,Partly cloudy throughout the day.,partly-cloudy-day,"48820099999,48823099999,48825099999,48831099999,VVNB"
Hanoi,2016-12-18,22,17,19.3,22,17,19.3,15.3,78.4,0.002,100,4.17,rain,0,0,13.3,11.2,67.1,1019.3,68.1,5.2,73.4,6.4,3,,2016-12-18T06:27:34,2016-12-18T17:18:58,0.64,"Rain, Partially cloudy",Partly cloudy throughout the day with afternoon rain.,rain,"48820099999,48823099999,48825099999,48831099999,VVNB"
Hanoi,2016-12-19,24.5,19,21.2,24.5,19,21.2,18.9,86.9,0,0,0,,0,0,16.2,7.6,62.4,1015.9,83,4.1,63.2,5.5,3,,2016-12-19T06:28:06,2016-12-19T17:19:26,0.67,Partially cloudy,Partly cloudy throughout the day.,partly-cloudy-day,"48820099999,48823099999,48825099999,48831099999,VVNB"
Hanoi,2016-12-20,26.1,21,23.1,26.1,21,23.1,21.7,91.9,0.4,100,16.67,rain,0,0,30.6,22.3,134.7,1013.9,88.3,7.5,88.1,7.6,5,,2016-12-20T06:28:37,2016-12-20T17:19:54,0.7,"Rain, Partially cloudy",Partly cloudy throughout the day with a chance of rain throughout the day.,rain,"48820099999,48823099999,48825099999,48831099999,VVNB"
Hanoi,2016-12-21,29,22,24.6,32,22,25.2,21.9,86.2,1.3,100,37.5,rain,0,0,21.6,14.8,125.3,1014.8,68.5,8.1,108.2,9.3,5,,2016-12-21T06:29:08,2016-12-21T17:20:23,0.75,"Rain, Partially cloudy",Partly cloudy throughout the day with a chance of rain throughout the day.,rain,"48820099999,48823099999,48825099999,48831099999,VVNB"
Hanoi,2016-12-22,23,18,21.3,23,18,21.3,16.9,77.4,0.919,100,8.33,rain,0,0,39.2,25.9,52.4,1018.1,69.6,9.1,51.1,4.2,3,,2016-12-22T06:29:38,2016-12-22T17:20:54,0.77,"Rain, Partially cloudy",Partly cloudy throughout the day with rain in the morning and afternoon.,rain,"48820099999,48823099999,48825099999,48831099999,VVNB"
Hanoi,2016-12-23,25,17,21.3,25,17,21.3,14.2,64.8,0,0,0,,0,0,17.3,13,55,1017.5,46,9.4,129.5,11.2,5,,2016-12-23T06:30:07,2016-12-23T17:21:25,0.8,Partially cloudy,Partly cloudy throughout the day.,partly-cloudy-day,"48820099999,48823099999,48825099999,48831099999,VVNB"
Hanoi,2016-12-24,24,18,21.6,24,18,21.6,19.1,86.2,0.098,100,4.17,rain,0,0,28.4,18.4,131.3,1015.7,71.6,6.9,69.4,5.9,3,,2016-12-24T06:30:35,2016-12-24T17:21:57,0.83,"Rain, Partially cloudy",Partly cloudy throughout the day with late afternoon rain.,rain,"48820099999,48823099999,48825099999,48831099999,VVNB"
Hanoi,2016-12-25,26,21,23.1,26,21,23.1,21.4,90.8,0.2,100,8.33,rain,0,0,29.2,18.4,128.8,1014.5,78.9,7,96.2,8.3,4,,2016-12-25T06:31:02,2016-12-25T17:22:29,0.87,"Rain, Partially cloudy",Partly cloudy throughout the day with rain in the morning and afternoon.,rain,"48820099999,48823099999,48825099999,48831099999,VVNB"
Hanoi,2016-12-26,29,20,24.1,30.3,20,24.5,20.2,80.9,1.8,100,33.33,rain,0,0,44.3,24.1,109.6,1015.2,71.4,9,90.7,7.8,4,,2016-12-26T06:31:28,2016-12-26T17:23:03,0.9,"Rain, Partially cloudy",Partly cloudy throughout the day with rain.,rain,"48820099999,48823099999,48825099999,48831099999,VVNB"
Hanoi,2016-12-27,23,17,19.3,23,17,19.3,9.2,53.4,2.947,100,8.33,rain,0,0,32.4,22.3,14.1,1022.1,91.5,10.1,41.5,3.6,2,,2016-12-27T06:31:53,2016-12-27T17:23:37,0.93,"Rain, Overcast",Cloudy skies throughout the day with rain clearing later.,rain,"48820099999,48823099999,48825099999,48831099999,VVNB"
Hanoi,2016-12-28,21.1,14,17.3,21.1,14,17.3,8,55.5,0,0,0,,0,0,25.9,16.6,18.5,1022.3,6.7,9.5,193.2,16.7,7,,2016-12-28T06:32:17,2016-12-28T17:24:12,0.96,Clear,Clear conditions throughout the day.,clear-day,"48820099999,48823099999,48825099999,48831099999,VVNB"
Hanoi,2016-12-29,22,13,17.4,22,13,17.4,8.9,59.9,0,0,0,,0,0,29.5,18.4,8.8,1024.2,7.6,8.6,194.7,16.9,7,,2016-12-29T06:32:40,2016-12-29T17:24:47,0,Clear,Clear conditions throughout the day.,clear-day,"48820099999,48823099999,48825099999,48831099999,VVNB"
Hanoi,2016-12-30,23,12,17.8,23,12,17.8,8.9,60.2,0,0,0,,0,0,19.1,13,29.2,1023.4,21.9,9.3,171.2,14.7,7,,2016-12-30T06:33:02,2016-12-30T17:25:23,0.03,Partially cloudy,Partly cloudy throughout the day.,partly-cloudy-day,"48820099999,48823099999,48825099999,48831099999,VVNB"
Hanoi,2016-12-31,22,14,18.6,22,14,18.6,11.6,64.9,0,0,0,,0,0,18.4,9.4,335.8,1022,36.5,6.1,97.9,8.4,4,,2016-12-31T06:33:23,2016-12-31T17:26:00,0.07,Partially cloudy,Partly cloudy throughout the day.,partly-cloudy-day,"48820099999,48823099999,48825099999,48831099999,VVNB"
Hanoi,2017-01-01,19.1,17,18,19.1,17,18,15.9,88,0.133,100,8.33,rain,0,0,24.8,13,307.1,1020.9,78,5.3,42.3,3.7,2,,2017-01-01T06:33:42,2017-01-01T17:26:36,0.1,"Rain, Partially cloudy",Partly cloudy throughout the day with rain in the morning and afternoon.,rain,"48820099999,48823099999,48825099999,48831099999,VVNB"
Hanoi,2017-01-02,23,17,20,23,17,20,17.4,85.7,0.098,100,4.17,rain,0,0,15.8,8.5,303.5,1019.9,65.6,5.6,83.1,7.2,3,,2017-01-02T06:34:01,2017-01-02T17:27:14,0.14,"Rain, Partially cloudy",Partly cloudy throughout the day with early morning rain.,rain,"48820099999,48823099999,48825099999,48831099999,VVNB"
Hanoi,2017-01-03,26,20,22.5,26,20,22.5,19.2,82.6,0,0,0,,0,0,14.4,9.4,315.2,1018.5,57.5,5.5,117,10.2,5,,2017-01-03T06:34:19,2017-01-03T17:27:52,0.17,Partially cloudy,Partly cloudy throughout the day.,partly-cloudy-day,"48820099999,48823099999,48825099999,48831099999,VVNB"
Hanoi,2017-01-04,26.5,18.5,22.4,26.5,18.5,22.4,17.8,77,0,0,0,,0,0,20.5,15.7,116.4,1016.9,55.6,7,132.5,11.4,6,,2017-01-04T06:34:35,2017-01-04T17:28:30,0.21,Partially cloudy,Partly cloudy throughout the day.,partly-cloudy-day,"48820099999,48823099999,48825099999,48831099999,VVNB"
Hanoi,2017-01-05,22,19,20.5,22,19,20.5,17.7,84.1,2.3,100,16.67,rain,0,0,16.9,14.8,293.5,1016.2,54.6,8.8,67.5,5.9,3,,2017-01-05T06:34:50,2017-01-05T17:29:09,0.24,"Rain, Partially cloudy",Partly cloudy throughout the day with rain clearing later.,rain,"48820099999,48823099999,48825099999,48831099999,VVNB"
Hanoi,2017-01-06,24.1,19,21.1,24.1,19,21.1,18.5,85.5,0,0,0,,0,0,17.6,11.2,300.7,1014.2,38.6,8.3,67.1,5.8,3,,2017-01-06T06:35:04,2017-01-06T17:29:49,0.25,Partially cloudy,Partly cloudy throughout the day.,partly-cloudy-day,"48820099999,48823099999,48825099999,48831099999,VVNB"
Hanoi,2017-01-07,27,18.5,22.6,27.9,18.5,22.6,18.7,80.8,0,0,0,,0,0,15.8,12.1,223.1,1011.9,37.1,6.8,127.2,11.1,6,,2017-01-07T06:35:17,2017-01-07T17:30:28,0.31,Partially cloudy,Becoming cloudy in the afternoon.,partly-cloudy-day,"48820099999,48823099999,48825099999,48831099999,VVNB"
Hanoi,2017-01-08,26,19,22.5,26,19,22.5,20.3,88.7,0,0,0,,0,0,19.1,14.8,106.4,1012.4,55.9,4.2,107.6,9.3,5,,2017-01-08T06:35:29,2017-01-08T17:31:08,0.35,Partially cloudy,Partly cloudy throughout the day.,partly-cloudy-day,"48820099999,VVNB"
Hanoi,2017-01-09,25,21,22.8,25,21,22.8,20.9,89.4,0.5,100,16.67,rain,0,0,32.8,18.4,137.9,1013.4,62.9,5.9,74.1,6.3,4,,2017-01-09T06:35:39,2017-01-09T17:31:48,0.38,"Rain, Partially cloudy",Partly cloudy throughout the day with rain.,rain,"48820099999,48823099999,48825099999,48831099999,VVNB"
Hanoi,2017-01-10,22,20,20.8,22,20,20.8,20.4,97.6,15.897,100,12.5,rain,0,0,21.2,15.7,84.8,1013.8,76.3,2.8,17.3,1.4,1,,2017-01-10T06:35:48,2017-01-10T17:32:29,0.42,"Rain, Partially cloudy",Partly cloudy throughout the day with rain.,rain,"48820099999,48823099999,48825099999,48831099999,VVNB"
Hanoi,2017-01-11,22.1,17.5,20.3,22.1,17.5,20.3,20,98.7,21.605,100,16.67,rain,0,0,35.3,16.6,68,1012.8,77.9,4.6,10.8,0.8,0,,2017-01-11T06:35:56,2017-01-11T17:33:09,0.46,"Rain, Partially cloudy",Partly cloudy throughout the day with a chance of rain throughout the day.,rain,"48820099999,48823099999,48825099999,48831099999,VVNB"
Hanoi,2017-01-12,17.4,12,14.4,17.4,12,14.4,13.8,95.9,38.184,100,16.67,rain,0,0,35.6,24.1,27.3,1015.4,73.8,8.5,13.1,1.1,1,,2017-01-12T06:36:02,2017-01-12T17:33:50,0.5,"Rain, Partially cloudy",Partly cloudy throughout the day with a chance of rain throughout the day.,rain,"48820099999,48823099999,48825099999,48831099999,VVNB"
Hanoi,2017-01-13,17.5,12,14.7,17.5,12,14.7,11.2,80.5,7.915,100,8.33,rain,0,0,24.1,18.4,22.9,1017.1,74.1,10,52.2,4.5,2,,2017-01-13T06:36:07,2017-01-13T17:34:30,0.52,"Rain, Partially cloudy",Partly cloudy throughout the day with rain.,rain,"48820099999,48823099999,48825099999,48831099999,VVNB"
Hanoi,2017-01-14,18,14,16.2,18,14,16.2,12.7,79.9,0,0,0,,0,0,18,13.9,30.8,1017.4,85.2,10,78.6,6.9,3,,2017-01-14T06:36:11,2017-01-14T17:35:11,0.56,Partially cloudy,Partly cloudy throughout the day.,partly-cloudy-day,"48820099999,48823099999,48825099999,48831099999,VVNB"
Hanoi,2017-01-15,19.1,15,16.7,19.1,15,16.7,13.5,81.6,0.003,100,4.17,rain,0,0,24.5,15.7,26.6,1019.5,77,10,68.5,5.8,3,,2017-01-15T06:36:13,2017-01-15T17:35:52,0.59,"Rain, Partially cloudy",Partly cloudy throughout the day with morning rain.,rain,"48820099999,48823099999,48825099999,48831099999,VVNB"
Hanoi,2017-01-16,17.5,14,15.9,17.5,14,15.9,14.4,91.2,0.211,100,8.33,rain,0,0,13,13,53,1018.7,82.6,8.5,43.6,3.9,2,,2017-01-16T06:36:15,2017-01-16T17:36:33,0.62,"Rain, Partially cloudy",Partly cloudy throughout the day with rain in the morning and afternoon.,rain,"48820099999,48823099999,48825099999,48831099999,VVNB"
Hanoi,2017-01-17,18.1,15,16.5,18.1,15,16.5,15,91.3,0.219,100,12.5,rain,0,0,20.9,14.8,47.4,1019.6,77.7,7.9,25.8,2.2,1,,2017-01-17T06:36:14,2017-01-17T17:37:13,0.65,"Rain, Partially cloudy",Partly cloudy throughout the day with a chance of rain throughout the day.,rain,"48820099999,48823099999,48825099999,48831099999,VVNB"
Hanoi,2017-01-18,21,15.5,17.7,21,15.5,17.7,16.1,90.3,0.105,100,8.33,rain,0,0,12.6,11.2,33.8,1020.1,74.4,7.7,88,7.5,4,,2017-01-18T06:36:13,2017-01-18T17:37:54,0.68,"Rain, Partially cloudy",Partly cloudy throughout the day with rain.,rain,"48820099999,48823099999,48825099999,48831099999,VVNB"
Hanoi,2017-01-19,21,18,19,21,18,19,18.5,96.6,0.098,100,4.17,rain,0,0,25.6,13,7.6,1019.4,81.2,4.8,47.2,4.1,2,,2017-01-19T06:36:10,2017-01-19T17:38:35,0.72,"Rain, Partially cloudy",Partly cloudy throughout the day with afternoon rain.,rain,"48820099999,48823099999,48825099999,48831099999,VVNB"
Hanoi,2017-01-20,19,17,17.9,19,17,17.9,13,73.5,0.005,100,8.33,rain,0,0,22.7,26.8,50.8,1021.5,84.5,10,39.6,3.2,2,,2017-01-20T06:36:06,2017-01-20T17:39:15,0.75,"Rain, Partially cloudy",Partly cloudy throughout the day with rain in the morning and afternoon.,rain,"48820099999,48823099999,48825099999,48831099999,VVNB"
Hanoi,2017-01-21,18,13,15.7,18,13,15.7,12.8,83.4,0.5,100,12.5,rain,0,0,27.7,18.4,31.5,1025.1,88,8.5,31.9,2.7,1,,2017-01-21T06:36:00,2017-01-21T17:39:55,0.78,"Rain, Partially cloudy",Partly cloudy throughout the day with morning rain.,rain,"48820099999,48823099999,48825099999,48831099999,VVNB"
Hanoi,2017-01-22,21,15,17.2,21,15,17.2,11.8,71.4,0,0,0,,0,0,21.6,10.3,334.6,1025.7,52.9,8.7,133.9,11.4,5,,2017-01-22T06:35:53,2017-01-22T17:40:35,0.81,Partially cloudy,Partly cloudy throughout the day.,partly-cloudy-day,"48820099999,48823099999,48825099999,48831099999,VVNB"
Hanoi,2017-01-23,22.1,15,17.8,22.1,15,17.8,13.2,77,0,0,0,,0,0,19.8,12.1,46.1,1024.1,25.2,6.9,142.8,12.2,6,,2017-01-23T06:35:45,2017-01-23T17:41:15,0.85,Partially cloudy,Partly cloudy throughout the day.,partly-cloudy-day,"48820099999,48823099999,48825099999,48831099999,VVNB"
Hanoi,2017-01-24,24,13.5,18.8,24,13.5,18.8,14.2,76.9,0,0,0,,0,0,18.7,10.3,103,1023,37.7,5.6,196.7,16.8,8,,2017-01-24T06:35:36,2017-01-24T17:41:55,0.88,Partially cloudy,Partly cloudy throughout the day.,partly-cloudy-day,"48820099999,48823099999,48825099999,48831099999,VVNB"
Hanoi,2017-01-25,24.1,19,21.3,24.1,19,21.3,16.4,74.7,0.7,100,8.33,rain,0,0,19.4,11.2,106.7,1024.1,55.2,6.3,78.6,6.7,5,,2017-01-25T06:35:25,2017-01-25T17:42:34,0.91,"Rain, Partially cloudy",Partly cloudy throughout the day with early morning rain.,rain,"48820099999,48823099999,48825099999,48831099999,VVNB"
Hanoi,2017-01-26,25.1,17,20.8,25.1,17,20.8,16.2,76.7,0,0,0,,0,0,22.7,14.8,144.9,1022.2,47.2,6.5,126.6,11,6,,2017-01-26T06:35:13,2017-01-26T17:43:13,0.94,Partially cloudy,Partly cloudy throughout the day.,partly-cloudy-day,"48820099999,48823099999,48825099999,48831099999,VVNB"
Hanoi,2017-01-27,24,17,20.1,24,17,20.1,16.4,81,0.4,100,8.33,rain,0,0,25.9,14.8,118.2,1020.6,49.5,6.1,134,11.6,5,,2017-01-27T06:34:59,2017-01-27T17:43:52,0.97,"Rain, Partially cloudy",Partly cloudy throughout the day with rain in the morning and afternoon.,rain,"48820099999,48823099999,48825099999,48831099999,VVNB"
Hanoi,2017-01-28,25,18,20.6,25,18,20.6,17.3,82.8,0,0,0,,0,0,31.7,21.4,116.8,1015.6,33.3,8.6,170,14.6,7,,2017-01-28T06:34:45,2017-01-28T17:44:30,0,Partially cloudy,Partly cloudy throughout the day.,partly-cloudy-day,"48820099999,48823099999,48825099999,48831099999,VVNB"
Hanoi,2017-01-29,25,17,21,25,17,21,17.4,81.6,0,0,0,,0,0,19.1,13.9,109.9,1014.6,70.4,8.2,158.6,13.8,7,,2017-01-29T06:34:29,2017-01-29T17:45:08,0.04,Partially cloudy,Partly cloudy throughout the day.,partly-cloudy-day,"48820099999,48823099999,48825099999,48831099999,VVNB"
Hanoi,2017-01-30,25.1,18,21.3,25.1,18,21.3,17.8,81.9,0.3,100,12.5,rain,0,0,22.3,14.8,94.1,1017.2,37.6,8.4,141.2,12.1,6,,2017-01-30T06:34:11,2017-01-30T17:45:46,0.08,"Rain, Partially cloudy",Partly cloudy throughout the day with afternoon rain.,rain,"48820099999,48823099999,48825099999,48831099999,VVNB"
Hanoi,2017-01-31,24.4,16.5,20.4,24.4,16.5,20.4,17.4,84.2,0,0,0,,0,0,24.8,14.8,124,1017.3,43.2,6.5,101.8,8.8,4,,2017-01-31T06:33:53,2017-01-31T17:46:23,0.11,Partially cloudy,Partly cloudy throughout the day.,partly-cloudy-day,"48820099999,48823099999,48825099999,48831099999,VVNB"
Hanoi,2017-02-01,23.5,19,20.9,23.5,19,20.9,18.6,87.1,0.6,100,20.83,rain,0,0,24.8,11.2,100.4,1019.5,68.9,7.2,104.9,9,4,,2017-02-01T06:33:33,2017-02-01T17:47:00,0.15,"Rain, Partially cloudy",Partly cloudy throughout the day with rain.,rain,"48820099999,48823099999,48825099999,48831099999,VVNB"
Hanoi,2017-02-02,24.5,19,21.2,24.5,19,21.2,18,82.8,0.1,100,4.17,rain,0,0,22.7,17.5,175.6,1020.1,52.7,7.6,107.7,9.4,4,,2017-02-02T06:33:12,2017-02-02T17:47:37,0.19,"Rain, Partially cloudy",Partly cloudy throughout the day with afternoon rain.,rain,"48820099999,48823099999,48825099999,48831099999,VVNB"
Hanoi,2017-02-03,22.5,19,20.7,22.5,19,20.7,18.6,88.2,0.098,100,4.17,rain,0,0,26.3,15.7,132,1017.2,77.1,7.7,79,6.8,4,,2017-02-03T06:32:50,2017-02-03T17:48:13,0.22,"Rain, Partially cloudy",Partly cloudy throughout the day with late afternoon rain.,rain,"48820099999,48823099999,48825099999,48831099999,VVNB"
Hanoi,2017-02-04,26,19,21.1,26,19,21.1,19.1,89.2,3.938,100,12.5,rain,0,0,26.6,13,84.9,1014,50.7,7.6,118.2,10,5,,2017-02-04T06:32:26,2017-02-04T17:48:48,0.25,"Rain, Partially cloudy",Partly cloudy throughout the day with a chance of rain throughout the day.,rain,"48820099999,48823099999,48825099999,48831099999,VVNB"
Hanoi,2017-02-05,24,19.5,21,24,19.5,21,18.9,88.6,0.4,100,16.67,rain,0,0,23.8,15.7,117.5,1013.5,59.3,7.6,95.2,8.3,4,,2017-02-05T06:32:01,2017-02-05T17:49:24,0.29,"Rain, Partially cloudy",Partly cloudy throughout the day with a chance of rain throughout the day.,rain,"48820099999,48823099999,48825099999,48831099999,VVNB"
Hanoi,2017-02-06,23,19,20.4,23,19,20.4,17.8,85.3,0,0,0,,0,0,31.7,20.5,123.3,1012.5,78,9,100,8.6,4,,2017-02-06T06:31:36,2017-02-06T17:49:58,0.33,Partially cloudy,Partly cloudy throughout the day.,partly-cloudy-day,"48820099999,48823099999,48825099999,48831099999,VVNB"
Hanoi,2017-02-07,26.5,19,22,26.5,19,22,19.1,85.1,0.6,100,20.83,rain,0,0,36,22.3,131.1,1012.2,64.1,8.3,117.7,10.1,5,,2017-02-07T06:31:09,2017-02-07T17:50:33,0.36,"Rain, Partially cloudy",Partly cloudy throughout the day with rain clearing later.,rain,"48820099999,48823099999,48825099999,48831099999,VVNB"
Hanoi,2017-02-08,26.2,18.5,21.5,26.2,18.5,21.5,17.8,80.6,0.295,100,8.33,rain,0,0,39.6,28.6,73.8,1014.5,73.9,7.8,74.1,6.4,3,,2017-02-08T06:30:40,2017-02-08T17:51:06,0.4,"Rain, Partially cloudy",Partly cloudy throughout the day with rain in the morning and afternoon.,rain,"48820099999,48823099999,48825099999,48831099999,VVNB"
Hanoi,2017-02-09,18.5,15.5,17.3,18.5,15.5,17.3,8.8,58,0.307,100,4.17,rain,0,0,28.8,19.4,38.4,1020.3,87.3,10.1,40.4,3.3,2,,2017-02-09T06:30:11,2017-02-09T17:51:40,0.44,"Rain, Partially cloudy",Partly cloudy throughout the day with early morning rain.,rain,"48820099999,48823099999,48825099999,48831099999,VVNB"
Hanoi,2017-02-10,18,14.5,15.9,18,14.5,15.9,6.9,55.2,0,0,0,,0,0,22,19.4,27.9,1022.2,78.9,9.6,80.4,6.9,3,,2017-02-10T06:29:41,2017-02-10T17:52:12,0.47,Partially cloudy,Partly cloudy throughout the day.,partly-cloudy-day,"48820099999,48823099999,48825099999,48831099999,VVNB"
Hanoi,2017-02-11,18.5,14.5,15.8,18.5,14.5,15.8,7.4,57.9,0,0,0,,0,0,25.2,15.7,0.1,1026.2,52.9,8.1,95.1,8.1,4,,2017-02-11T06:29:09,2017-02-11T17:52:45,0.5,Partially cloudy,Partly cloudy throughout the day.,partly-cloudy-day,"48820099999,48823099999,48825099999,48831099999,VVNB"
Hanoi,2017-02-12,21,14.3,16.8,21,14.3,16.8,8.2,58.5,0,0,0,,0,0,24.1,13,351.8,1026.1,28.1,8.1,189.6,16.5,8,,2017-02-12T06:28:37,2017-02-12T17:53:17,0.54,Partially cloudy,Partly cloudy throughout the day.,partly-cloudy-day,"48820099999,48823099999,48825099999,48831099999,VVNB"
Hanoi,2017-02-13,22.5,13.2,17.4,22.5,13.2,17.4,10,65,0,0,0,,0,0,17.3,9.4,105.9,1025.5,17.7,7,211.7,18.2,8,,2017-02-13T06:28:03,2017-02-13T17:53:48,0.57,Clear,Clear conditions throughout the day.,clear-day,"48820099999,48823099999,48825099999,48831099999,VVNB"
Hanoi,2017-02-14,21.5,14,18,21.5,14,18,14.1,79,0,0,0,,0,0,20.2,11.2,296.5,1026.2,39.3,5.1,124.8,10.8,6,,2017-02-14T06:27:29,2017-02-14T17:54:19,0.6,Partially cloudy,Partly cloudy throughout the day.,partly-cloudy-day,"48820099999,48823099999,48825099999,48831099999,VVNB"
Hanoi,2017-02-15,22,14.5,19,22,14.5,19,15.9,82.9,0,0,0,,0,0,15.8,11.2,92.8,1024.2,69.1,5.2,96.6,8.4,4,,2017-02-15T06:26:53,2017-02-15T17:54:49,0.63,Partially cloudy,Partly cloudy throughout the day.,partly-cloudy-day,"48820099999,48823099999,48825099999,48831099999,VVNB"
Hanoi,2017-02-16,26,18,21.7,26,18,21.7,17.4,78.6,0.1,100,4.17,rain,0,0,23.4,18.4,141.1,1019.1,49.8,8.4,136.8,11.8,5,,2017-02-16T06:26:17,2017-02-16T17:55:19,0.67,"Rain, Partially cloudy",Partly cloudy throughout the day with morning rain.,rain,"48820099999,48823099999,48825099999,48831099999,VVNB"
Hanoi,2017-02-17,27,18,22,27.6,18,22.1,18.4,81.9,0,0,0,,0,0,26.6,17.6,129.1,1019.1,33.6,8.3,136.2,11.8,6,,2017-02-17T06:25:39,2017-02-17T17:55:48,0.7,Partially cloudy,Partly cloudy throughout the day.,partly-cloudy-day,"48820099999,48823099999,48825099999,48831099999,VVNB"
Hanoi,2017-02-18,27,18,22,27.3,18,22,16.7,74.5,0,0,0,,0,0,21.6,13,132.1,1020.1,44.2,7.6,169.6,14.7,7,,2017-02-18T06:25:01,2017-02-18T17:56:17,0.73,Partially cloudy,Partly cloudy throughout the day.,partly-cloudy-day,"48820099999,48823099999,48825099999,48831099999,VVNB"
Hanoi,2017-02-19,27,17,21.6,27.5,17,21.7,16.8,77,0,0,0,,0,0,33.8,20.5,118.1,1014.5,13.6,8.9,212,18.3,8,,2017-02-19T06:24:21,2017-02-19T17:56:45,0.75,Clear,Clear conditions throughout the day.,clear-day,"48820099999,48823099999,48825099999,48831099999,VVNB"
Hanoi,2017-02-20,25.5,20,22.7,25.5,20,22.7,19.9,84.9,0.2,100,8.33,rain,0,0,31.7,19.4,136.2,1009.8,76.1,9.8,167.1,14.4,8,,2017-02-20T06:23:41,2017-02-20T17:57:13,0.79,"Rain, Partially cloudy",Partly cloudy throughout the day with morning rain.,rain,"48820099999,48823099999,48825099999,48831099999,VVNB"
Hanoi,2017-02-21,26.9,21.3,23.7,28.7,21.3,23.8,21.9,89.9,0.6,100,16.67,rain,0,0,38.9,22.3,118.7,1011.6,76.6,8.8,153.9,13.3,6,,2017-02-21T06:23:00,2017-02-21T17:57:41,0.83,"Rain, Partially cloudy",Partly cloudy throughout the day with rain clearing later.,rain,"48820099999,48823099999,48825099999,48831099999,VVNB"
Hanoi,2017-02-22,29,23,25.2,32.4,23,25.9,23,88.3,0.3,100,12.5,rain,0,0,27.7,19.4,126.3,1011.6,77.2,8,179.1,15.5,7,,2017-02-22T06:22:18,2017-02-22T17:58:08,0.86,"Rain, Partially cloudy",Partly cloudy throughout the day with rain clearing later.,rain,"48820099999,48823099999,48825099999,48831099999,VVNB"
Hanoi,2017-02-23,24.1,16,20.3,24.1,16,20.3,16.7,80.4,0.105,100,8.33,rain,0,0,37.4,29.7,66.7,1015.3,83.7,9,46,3.9,2,,2017-02-23T06:21:36,2017-02-23T17:58:34,0.89,"Rain, Partially cloudy",Partly cloudy throughout the day with rain in the morning and afternoon.,rain,"48820099999,48823099999,48825099999,48831099999,VVNB"
Hanoi,2017-02-24,17,15,15.9,17,15,15.9,8.4,61.4,0.087,100,4.17,rain,0,0,25.2,22.3,36.5,1021.4,91.9,10,54.6,4.6,3,,2017-02-24T06:20:52,2017-02-24T17:59:00,0.92,"Rain, Overcast",Cloudy skies throughout the day with early morning rain.,rain,"48820099999,48823099999,48825099999,48831099999,VVNB"
Hanoi,2017-02-25,16.1,13,14.5,16.1,13,14.5,9,70.1,0.3,100,12.5,rain,0,0,25.6,17.5,8,1021.6,77.4,9.6,96.6,8.4,4,,2017-02-25T06:20:08,2017-02-25T17:59:26,0.95,"Rain, Partially cloudy",Partly cloudy throughout the day with early morning rain.,rain,"48820099999,48823099999,48825099999,48831099999,VVNB"
Hanoi,2017-02-26,20,14,17,20,14,17,9.3,62.5,0,0,0,,0,0,23.8,13,3.9,1021.5,60,9.3,154.3,13.3,6,,2017-02-26T06:19:23,2017-02-26T17:59:51,0,Partially cloudy,Partly cloudy throughout the day.,partly-cloudy-day,"48820099999,48823099999,48825099999,48831099999,VVNB"
Hanoi,2017-02-27,21,16,18.6,21,16,18.6,9,54.5,0,0,0,,0,0,19.4,15.7,18,1021.7,87.3,9.9,119.6,10.4,4,,2017-02-27T06:18:38,2017-02-27T18:00:16,0.02,Partially cloudy,Partly cloudy throughout the day.,partly-cloudy-day,"48820099999,48823099999,48825099999,48831099999,VVNB"
Hanoi,2017-02-28,19.9,17,18.3,19.9,17,18.3,12.8,70.8,0,0,0,,0,0,15.1,11.2,37.1,1019.6,83.7,7.1,122,10.7,5,,2017-02-28T06:17:51,2017-02-28T18:00:40,0.06,Partially cloudy,Partly cloudy throughout the day.,partly-cloudy-day,"48820099999,48823099999,48825099999,48831099999,VVNB"
Hanoi,2017-03-01,17.1,15,16.6,17.1,15,16.6,15.1,90.8,0.098,100,4.17,rain,0,0,27,15.7,320.4,1021.5,68.5,5.1,56,4.8,3,,2017-03-01T06:17:04,2017-03-01T18:01:04,0.09,"Rain, Partially cloudy",Partly cloudy throughout the day with afternoon rain.,rain,"48820099999,48823099999,48825099999,48831099999,VVNB"
Hanoi,2017-03-02,24.5,16,19.7,24.5,16,19.7,13.9,71.9,0,0,0,,0,0,25.6,16.6,197.3,1018.7,42.5,6.8,182.6,15.7,8,,2017-03-02T06:16:17,2017-03-02T18:01:28,0.13,Partially cloudy,Partly cloudy throughout the day.,partly-cloudy-day,"48820099999,48823099999,48825099999,48831099999,VVNB"
Hanoi,2017-03-03,24.5,16,20.2,24.5,16,20.2,15.2,74.2,0,0,0,,0,0,29.9,17.5,104.5,1013.2,32.9,6.9,197.8,17,8,,2017-03-03T06:15:29,2017-03-03T18:01:51,0.16,Partially cloudy,Partly cloudy throughout the day.,partly-cloudy-day,"48820099999,48823099999,48825099999,48831099999,VVNB"
Hanoi,2017-03-04,25,19,21.4,25,19,21.4,19.5,89.5,0.2,100,8.33,rain,0,0,31,17.5,127.7,1010.3,69.2,5.6,126,10.8,5,,2017-03-04T06:14:40,2017-03-04T18:02:14,0.2,"Rain, Partially cloudy",Partly cloudy throughout the day with morning rain.,rain,"48820099999,48823099999,48825099999,48831099999,VVNB"
Hanoi,2017-03-05,26,21,22.8,26,21,22.8,21,89.8,0.3,100,12.5,rain,0,0,22.3,17.5,130.5,1009.2,77,6.4,111.4,9.6,4,,2017-03-05T06:13:51,2017-03-05T18:02:36,0.25,"Rain, Partially cloudy",Partly cloudy throughout the day with rain in the morning and afternoon.,rain,"48820099999,48823099999,48825099999,48831099999,VVNB"
Hanoi,2017-03-06,24,20,22,24,20,22,19.1,84.2,0.098,100,4.17,rain,0,0,33.8,23.2,64.8,1012,75.9,8,66.8,5.6,2,,2017-03-06T06:13:01,2017-03-06T18:02:58,0.27,"Rain, Partially cloudy",Partly cloudy throughout the day with late afternoon rain.,rain,"48820099999,48823099999,48825099999,48831099999,VVNB"
Hanoi,2017-03-07,20,16,17.3,20,16,17.3,16.3,94.5,1.411,100,12.5,rain,0,0,21.2,18.4,46.6,1014.4,78.5,6.4,43.6,3.7,2,,2017-03-07T06:12:11,2017-03-07T18:03:20,0.31,"Rain, Partially cloudy",Partly cloudy throughout the day with rain.,rain,"48820099999,48823099999,48825099999,48831099999,VVNB"
Hanoi,2017-03-08,18,15,16.6,18,15,16.6,14.7,89.3,4.155,100,12.5,rain,0,0,25.2,15.7,34.7,1016.3,83.2,9,39,3.3,2,,2017-03-08T06:11:20,2017-03-08T18:03:41,0.34,"Rain, Partially cloudy",Partly cloudy throughout the day with a chance of rain throughout the day.,rain,"48820099999,48823099999,48825099999,48831099999,VVNB"
Hanoi,2017-03-09,18.5,15,16.7,18.5,15,16.7,15.5,92.9,0.206,100,8.33,rain,0,0,14,13.9,64,1013.6,76,6.7,53.7,4.7,2,,2017-03-09T06:10:29,2017-03-09T18:04:02,0.38,"Rain, Partially cloudy",Partly cloudy throughout the day with rain.,rain,"48820099999,48823099999,48825099999,48831099999,VVNB"
Hanoi,2017-03-10,24,16,19.1,24,16,19.1,17.2,89.7,0.395,100,8.33,rain,0,0,16.2,7.6,25.4,1010.6,64.3,5.4,142.3,12.3,6,,2017-03-10T06:09:38,2017-03-10T18:04:23,0.41,"Rain, Partially cloudy",Partly cloudy throughout the day with rain.,rain,"48820099999,48823099999,48825099999,48831099999,VVNB"
Hanoi,2017-03-11,22,19,20.4,22,19,20.4,20.1,97.9,0.198,100,8.33,rain,0,0,18.7,7.6,58.4,1011.4,80,2.6,66,5.8,3,,2017-03-11T06:08:46,2017-03-11T18:04:44,0.45,"Rain, Partially cloudy",Partly cloudy throughout the day with rain in the morning and afternoon.,rain,"48820099999,48823099999,48825099999,48831099999,VVNB"
Hanoi,2017-03-12,25,20.6,22.5,25,20.6,22.5,21.8,96.3,0.31,100,8.33,rain,0,0,32.8,13.9,135.5,1009.8,76.4,4.3,85.3,7.3,3,,2017-03-12T06:07:54,2017-03-12T18:05:04,0.5,"Rain, Partially cloudy",Partly cloudy throughout the day with rain.,rain,"48820099999,48823099999,48825099999,48831099999,VVNB"
Hanoi,2017-03-13,28,22,24.1,32.7,22,24.6,23.3,95.5,2.072,100,12.5,rain,0,0,21.6,14.8,116.9,1008.2,74.8,4.4,179.6,15.6,7,,2017-03-13T06:07:01,2017-03-13T18:05:24,0.52,"Rain, Partially cloudy",Partly cloudy throughout the day with rain.,rain,"48820099999,48823099999,48825099999,48831099999,VVNB"
Hanoi,2017-03-14,28.5,22,24.7,33.6,22,25.6,23.3,92.1,0.1,100,8.33,rain,0,0,36,18.5,94.1,1011.5,79.8,6.3,72.9,6.4,3,,2017-03-14T06:06:08,2017-03-14T18:05:44,0.55,"Rain, Partially cloudy",Partly cloudy throughout the day with rain clearing later.,rain,"48820099999,48823099999,48825099999,48831099999,VVNB"
Hanoi,2017-03-15,21.5,19,19.6,21.5,19,19.6,19.1,97.2,0.201,100,8.33,rain,0,0,15.8,16.6,81.2,1013.4,80.5,3.7,49.7,4.2,2,,2017-03-15T06:05:15,2017-03-15T18:06:03,0.58,"Rain, Partially cloudy",Partly cloudy throughout the day with rain.,rain,"48820099999,48823099999,48825099999,48831099999,VVNB"
Hanoi,2017-03-16,21.7,19,20.1,21.7,19,20.1,20,99.1,1.642,100,8.33,rain,0,0,18.7,13.9,60.4,1012,76,3.1,51.5,4.4,3,,2017-03-16T06:04:22,2017-03-16T18:06:23,0.62,"Rain, Partially cloudy",Partly cloudy throughout the day with rain.,rain,"48820099999,48823099999,48825099999,48831099999,VVNB"
Hanoi,2017-03-17,22,19,20.4,22,19,20.4,20.3,98.9,3.821,100,8.33,rain,0,0,24.5,14.8,67.1,1012.4,77.8,3.8,35.1,3.3,1,,2017-03-17T06:03:28,2017-03-17T18:06:42,0.65,"Rain, Partially cloudy",Partly cloudy throughout the day with rain.,rain,"48820099999,48823099999,48825099999,48831099999,VVNB"
Hanoi,2017-03-18,27,21,23.1,30.6,21,23.4,22.6,97.1,0.807,100,12.5,rain,0,0,27.7,18.5,113.8,1012.7,76.7,4.7,82.1,7.1,4,,2017-03-18T06:02:34,2017-03-18T18:07:01,0.68,"Rain, Partially cloudy",Partly cloudy throughout the day with rain.,rain,"48820099999,48823099999,48825099999,48831099999,VVNB"
Hanoi,2017-03-19,27.5,22,23.9,32,22,24.3,23.3,96.2,0.511,100,8.33,rain,0,0,27,23.2,119.5,1012.4,76.6,6.3,83.5,7.3,3,,2017-03-19T06:01:40,2017-03-19T18:07:20,0.71,"Rain, Partially cloudy",Partly cloudy throughout the day with rain.,rain,"48820099999,48823099999,48825099999,48831099999,VVNB"
Hanoi,2017-03-20,28.5,23,24.9,33.6,23,25.6,23.9,94.4,0.803,100,8.33,rain,0,0,29.5,22.3,131.7,1011.9,71.2,6.7,124.7,10.5,6,,2017-03-20T06:00:46,2017-03-20T18:07:39,0.75,"Rain, Partially cloudy",Partly cloudy throughout the day with rain.,rain,"48820099999,48823099999,48825099999,48831099999,VVNB"
Hanoi,2017-03-21,29,23,24.9,32.7,23,25.4,23.2,90.9,0.676,100,8.33,rain,0,0,43.9,27,133.7,1011.1,72.8,8.5,81.9,7.1,3,,2017-03-21T05:59:52,2017-03-21T18:07:57,0.78,"Rain, Partially cloudy",Partly cloudy throughout the day with rain.,rain,"48820099999,48823099999,48825099999,48831099999,VVNB"
Hanoi,2017-03-22,30,22.7,25.5,35.4,22.7,26.8,23.8,91.2,0.688,100,4.17,rain,0,0,31.7,21.4,127.8,1009.1,71.6,8.3,169.4,14.5,7,,2017-03-22T05:58:58,2017-03-22T18:08:16,0.81,"Rain, Partially cloudy",Partly cloudy throughout the day with morning rain.,rain,"48820099999,48823099999,48825099999,48831099999,VVNB"
Hanoi,2017-03-23,30,23.7,26.2,35.6,23.7,27.7,24.1,88.9,1.083,100,12.5,rain,0,0,37.8,24.1,133.7,1010.4,66,8.8,121.6,10.4,5,,2017-03-23T05:58:03,2017-03-23T18:08:34,0.84,"Rain, Partially cloudy",Partly cloudy throughout the day with a chance of rain throughout the day.,rain,"48820099999,48823099999,48825099999,48831099999,VVNB"
Hanoi,2017-03-24,29,24,26,33.6,24,27.4,24.5,91.7,1,100,25,rain,0,0,42.5,27.7,133.2,1011.5,75.6,8.9,148.3,12.8,6,,2017-03-24T05:57:09,2017-03-24T18:08:52,0.87,"Rain, Partially cloudy",Partly cloudy throughout the day with rain in the morning and afternoon.,rain,"48820099999,48823099999,48825099999,48831099999,VVNB"
Hanoi,2017-03-25,26,19,22.3,26,19,22.3,19.7,86,13.7,100,66.67,rain,0,0,45.4,31.5,53,1015.3,78.4,9.5,47.8,4,2,,2017-03-25T05:56:15,2017-03-25T18:09:11,0.91,"Rain, Partially cloudy",Partly cloudy throughout the day with a chance of rain throughout the day.,rain,"48820099999,VVNB"
Hanoi,2017-03-26,21,16,18.9,21,16,18.9,12.8,68.3,1.3,100,33.33,rain,0,0,25.9,18.4,15.5,1021.6,86.5,10,73.5,6.5,4,,2017-03-26T05:55:20,2017-03-26T18:09:29,0.94,"Rain, Partially cloudy",Partly cloudy throughout the day with rain clearing later.,rain,"48820099999,48823099999,48825099999,48831099999,VVNB"
Hanoi,2017-03-27,21,17.5,19.2,21,17.5,19.2,12.9,67.4,0,0,0,,0,0,17.6,10.3,12.2,1022.1,85.6,9.9,73.3,6.2,3,,2017-03-27T05:54:26,2017-03-27T18:09:47,0.97,Partially cloudy,Partly cloudy throughout the day.,partly-cloudy-day,"48820099999,48823099999,48825099999,48831099999,VVNB"
Hanoi,2017-03-28,26,18,20.9,26,18,20.9,18.4,86.1,0.983,100,4.17,rain,0,0,30.2,14.8,83,1016.4,67.3,7.5,219.1,18.8,8,,2017-03-28T05:53:32,2017-03-28T18:10:05,0,"Rain, Partially cloudy",Partly cloudy throughout the day with afternoon rain.,rain,"48820099999,48823099999,48825099999,48831099999,VVNB"
Hanoi,2017-03-29,25.3,20,22.1,25.3,20,22.1,21.2,95.2,0.002,100,4.17,rain,0,0,26.3,16.6,122.1,1015,76.1,5.8,86.5,7.4,4,,2017-03-29T05:52:37,2017-03-29T18:10:23,0.04,"Rain, Partially cloudy",Partly cloudy throughout the day with afternoon rain.,rain,"48820099999,48823099999,48825099999,48831099999,VVNB"
Hanoi,2017-03-30,28,22,24.4,31.9,22,25.3,23.3,93.9,0.1,100,4.17,rain,0,0,29.2,13.9,119.2,1014,71.4,6,146.4,12.6,5,,2017-03-30T05:51:43,2017-03-30T18:10:41,0.07,"Rain, Partially cloudy",Partly cloudy throughout the day with afternoon rain.,rain,"48820099999,48823099999,48825099999,48831099999,VVNB"
Hanoi,2017-03-31,24,19,21.1,24,19,21.1,20.8,98.3,0.087,100,4.17,rain,0,0,57.6,26.8,23.8,1016.2,59.3,7.2,108.2,9.3,4,,2017-03-31T05:50:49,2017-03-31T18:10:59,0.11,"Rain, Partially cloudy",Partly cloudy throughout the day with late afternoon rain.,rain,"48820099999,48823099999,48825099999,48831099999,VVNB"
Hanoi,2017-04-01,26,18,21.6,26,18,21.6,15.9,72.8,0,0,0,,0,0,28.4,17.6,74.3,1019.9,32,10.6,286.7,24.8,10,,2017-04-01T05:49:56,2017-04-01T18:11:17,0.14,Partially cloudy,Partly cloudy throughout the day.,partly-cloudy-day,"48820099999,48823099999,48825099999,48831099999,VVNB"
Hanoi,2017-04-02,26,17,21.6,26,17,21.6,15.4,70.5,0,0,0,,0,0,22,14.8,125,1019.5,40.8,8.5,175.2,15.1,7,,2017-04-02T05:49:02,2017-04-02T18:11:36,0.18,Partially cloudy,Partly cloudy throughout the day.,partly-cloudy-day,"48820099999,48823099999,48825099999,48831099999,VVNB"
Hanoi,2017-04-03,26.5,20,22.8,26.5,20,22.8,19.1,80.6,0,0,0,,0,0,30.2,22.3,116.5,1017,58.8,7.7,184.8,16.1,8,,2017-04-03T05:48:09,2017-04-03T18:11:54,0.22,Partially cloudy,Partly cloudy throughout the day.,partly-cloudy-day,"48820099999,48823099999,48825099999,48831099999,VVNB"
Hanoi,2017-04-04,26.8,21,23.1,28.8,21,23.2,21.6,91.8,0.1,100,4.17,rain,0,0,41,23.2,121.8,1014.5,73.1,8,150.4,12.9,5,,2017-04-04T05:47:16,2017-04-04T18:12:12,0.25,"Rain, Partially cloudy",Partly cloudy throughout the day with morning rain.,rain,"48820099999,48823099999,48825099999,48831099999,VVNB"
Hanoi,2017-04-05,26,21,23.4,26,21,23.4,22,91.9,0,0,0,,0,0,35.3,18.5,124.4,1011.4,77.3,8.7,114.1,9.8,4,,2017-04-05T05:46:23,2017-04-05T18:12:30,0.29,Partially cloudy,Partly cloudy throughout the day.,partly-cloudy-day,"48820099999,48823099999,48825099999,48831099999,VVNB"
Hanoi,2017-04-06,28.5,22,24.7,34.6,22,25.7,23.6,94,0.198,100,8.33,rain,0,0,24.5,20.5,113.6,1009,78.7,7.5,157.5,13.6,7,,2017-04-06T05:45:30,2017-04-06T18:12:49,0.32,"Rain, Partially cloudy",Partly cloudy throughout the day with rain in the morning and afternoon.,rain,"48820099999,48823099999,48825099999,48831099999,VVNB"
Hanoi,2017-04-07,27.5,24,25.2,32.8,24,25.8,24.8,97.9,0.3,100,12.5,rain,0,0,34.9,20.5,125.5,1008.7,74.6,7.4,141.9,12.3,5,,2017-04-07T05:44:38,2017-04-07T18:13:07,0.36,"Rain, Partially cloudy",Partly cloudy throughout the day with rain in the morning and afternoon.,rain,"48820099999,48823099999,48825099999,48831099999,VVNB"
Hanoi,2017-04-08,27,24,25,31.8,24,25.4,25,100,0,0,0,,0,0,34.9,18.4,110.4,1007.2,70.9,4.5,223.6,19.4,8,,2017-04-08T05:43:46,2017-04-08T18:13:26,0.39,Partially cloudy,Partly cloudy throughout the day.,partly-cloudy-day,"48820099999,VVNB"
Hanoi,2017-04-09,29.7,25,26.4,36.8,25,28.8,25.6,95.2,0,0,0,,0,0,32,20.5,102.6,1004.5,81.2,6.6,275.3,23.6,10,,2017-04-09T05:42:54,2017-04-09T18:13:45,0.43,Partially cloudy,Partly cloudy throughout the day.,partly-cloudy-day,"48820099999,48823099999,48825099999,48831099999,VVNB"
Hanoi,2017-04-10,32.8,24.3,27.6,44.5,24.3,32.1,25.9,91.2,0,0,0,,0,0,23.4,13.9,81,1002.2,54.5,7.3,282.7,24.5,10,,2017-04-10T05:42:03,2017-04-10T18:14:04,0.46,Partially cloudy,Partly cloudy throughout the day.,partly-cloudy-day,"48820099999,48823099999,48825099999,48831099999,VVNB"
Hanoi,2017-04-11,34,25,28.7,48.4,25,34.6,26.3,87.7,42.6,100,20.83,rain,0,0,31,21.2,99.9,1003.1,45.6,7.4,285.2,24.7,9,,2017-04-11T05:41:12,2017-04-11T18:14:23,0.5,"Rain, Partially cloudy",Partly cloudy throughout the day with rain.,rain,"48820099999,48823099999,48825099999,48831099999,VVNB"
Hanoi,2017-04-12,26,20.5,22.9,26,20.5,22.9,20.3,85.4,0.741,100,8.33,rain,0,0,28.8,25.9,50.4,1011.7,76.6,9.4,61.4,5.3,3,,2017-04-12T05:40:22,2017-04-12T18:14:42,0.53,"Rain, Partially cloudy",Partly cloudy throughout the day with rain in the morning and afternoon.,rain,"48820099999,48823099999,48825099999,48831099999,VVNB"
Hanoi,2017-04-13,27,21,23.5,27.6,21,23.6,18.4,74.8,0.098,100,4.17,rain,0,0,18.4,17.6,343.6,1016.3,81.2,9.8,74.2,6.5,4,,2017-04-13T05:39:32,2017-04-13T18:15:01,0.56,"Rain, Partially cloudy",Partly cloudy throughout the day with late afternoon rain.,rain,"48820099999,48823099999,48825099999,48831099999,VVNB"
Hanoi,2017-04-14,27,21,23.7,28.7,21,23.7,20.7,84.6,0.1,100,4.17,rain,0,0,27.4,18.5,113.9,1012.9,66.1,7.2,174.9,15.1,7,,2017-04-14T05:38:43,2017-04-14T18:15:21,0.6,"Rain, Partially cloudy",Partly cloudy throughout the day with morning rain.,rain,"48820099999,48823099999,48825099999,48831099999,VVNB"
Hanoi,2017-04-15,28.4,21.7,24.7,32.7,21.7,25.5,23.2,91.6,0,0,0,,0,0,26.6,18.4,117.6,1010,78.8,7.1,191.9,16.5,7,,2017-04-15T05:37:54,2017-04-15T18:15:40,0.63,Partially cloudy,Partly cloudy throughout the day.,partly-cloudy-day,"48820099999,48823099999,48825099999,48831099999,VVNB"
Hanoi,2017-04-16,28.5,24.5,25.9,35.7,24.5,27.1,24.9,94.4,0.002,100,4.17,rain,0,0,29.2,19.4,123.1,1010.4,74.8,8.1,161.9,14.2,6,,2017-04-16T05:37:05,2017-04-16T18:16:00,0.66,"Rain, Partially cloudy",Partly cloudy throughout the day with afternoon rain.,rain,"48820099999,48823099999,48825099999,48831099999,VVNB"
Hanoi,2017-04-17,29.8,24,26.3,37.9,24,28.5,25.1,93.6,0.491,100,4.17,rain,0,0,27.7,13,112.2,1010.7,77.6,7.8,174,15,7,,2017-04-17T05:36:18,2017-04-17T18:16:20,0.7,"Rain, Partially cloudy",Partly cloudy throughout the day with late afternoon rain.,rain,"48820099999,48823099999,48825099999,48831099999,VVNB"
Hanoi,2017-04-18,24.4,21.5,22.5,24.4,21.5,22.5,22.1,97.5,0.509,100,8.33,rain,0,0,19.8,19.4,24.6,1009.2,83.5,7.2,143.9,12.5,7,,2017-04-18T05:35:30,2017-04-18T18:16:41,0.73,"Rain, Partially cloudy",Partly cloudy throughout the day with rain.,rain,"48820099999,48823099999,48825099999,48831099999,VVNB"
Hanoi,2017-04-19,32,22,26.2,42.3,22,29.5,24.5,91,0.508,100,8.33,rain,0,0,38.9,22.3,112.2,1005.4,57.2,6.2,197.8,16.9,8,,2017-04-19T05:34:44,2017-04-19T18:17:01,0.75,"Rain, Partially cloudy",Partly cloudy throughout the day with rain.,rain,"48820099999,48823099999,48825099999,48831099999,VVNB"
Hanoi,2017-04-20,33.4,25,28.9,44.8,25,34.3,26,85.4,0,0,0,,0,0,22.7,15.7,93.2,1005.3,48.3,10,267.3,23,9,,2017-04-20T05:33:57,2017-04-20T18:17:22,0.79,Partially cloudy,Partly cloudy throughout the day.,partly-cloudy-day,"48820099999,48823099999,48825099999,48831099999,VVNB"
Hanoi,2017-04-21,34.4,23,27.8,45.3,23,31.4,24.3,82.2,12.895,100,4.17,rain,0,0,51.8,28.6,48.4,1006.3,57.3,9.2,225.5,19.3,8,,2017-04-21T05:33:12,2017-04-21T18:17:42,0.83,"Rain, Partially cloudy",Partly cloudy throughout the day with late afternoon rain.,rain,"48820099999,48823099999,48825099999,48831099999,VVNB"
Hanoi,2017-04-22,25,21,22.7,25,21,22.7,17,70.7,2.975,100,12.5,rain,0,0,32,21.2,3,1013.6,75.7,10,232.7,20.1,9,,2017-04-22T05:32:27,2017-04-22T18:18:04,0.86,"Rain, Partially cloudy",Partly cloudy throughout the day with a chance of rain throughout the day.,rain,"48820099999,48823099999,48825099999,48831099999,VVNB"
Hanoi,2017-04-23,22.5,20,21.4,22.5,20,21.4,19.5,89.2,3.705,100,12.5,rain,0,0,16.2,10.3,52.8,1013.7,75.2,9,109.5,9.4,4,,2017-04-23T05:31:43,2017-04-23T18:18:25,0.89,"Rain, Partially cloudy",Partly cloudy throughout the day with a chance of rain throughout the day.,rain,"48820099999,48823099999,48825099999,48831099999,VVNB"
Hanoi,2017-04-24,24.8,21,22.7,24.8,21,22.7,21.8,94.6,4.4,100,33.33,rain,0,0,21.6,12.1,103.8,1011.1,77.8,6.4,71.9,6.2,2,,2017-04-24T05:31:00,2017-04-24T18:18:46,0.92,"Rain, Partially cloudy",Partly cloudy throughout the day with a chance of rain throughout the day.,rain,"48820099999,48823099999,48825099999,48831099999,VVNB"
Hanoi,2017-04-25,28.5,22,25.3,32.8,22,26.5,23.4,89.9,0.7,100,12.5,rain,0,0,23,13.9,123.4,1008.4,79.3,8.2,183.8,15.9,7,,2017-04-25T05:30:17,2017-04-25T18:19:08,0.96,"Rain, Partially cloudy",Partly cloudy throughout the day with rain.,rain,"48820099999,48823099999,48825099999,48831099999,VVNB"
Hanoi,2017-04-26,31,24,27.1,39.1,24,30.3,24.5,86,2.3,100,50,rain,0,0,20.2,11.2,47.3,1008.8,60.4,7.5,170.5,14.6,7,,2017-04-26T05:29:35,2017-04-26T18:19:30,0,"Rain, Partially cloudy",Partly cloudy throughout the day with a chance of rain throughout the day.,rain,"48820099999,48823099999,48825099999,48831099999,VVNB"
Hanoi,2017-04-27,26.1,22.1,23.7,26.1,22.1,23.7,22.4,92.7,16.969,100,12.5,rain,0,0,25.6,20.5,20.8,1012.9,69.3,8.8,58.3,5.1,3,,2017-04-27T05:28:54,2017-04-27T18:19:52,0.02,"Rain, Partially cloudy",Partly cloudy throughout the day with rain.,rain,"48820099999,48823099999,48825099999,48831099999,VVNB"
Hanoi,2017-04-28,26.5,22,24,26.5,22,24,17.2,65.9,0.1,100,4.17,rain,0,0,18.4,11.2,64.9,1015.1,76.3,10,145.2,12.5,7,,2017-04-28T05:28:13,2017-04-28T18:20:15,0.06,"Rain, Partially cloudy",Partly cloudy throughout the day with late afternoon rain.,rain,"48820099999,48823099999,48825099999,48831099999,VVNB"
Hanoi,2017-04-29,29,22,25,31.1,22,25.6,20.8,78.4,0,0,0,,0,0,24.5,18.4,128.1,1013.3,37.1,9.8,197.7,16.9,8,,2017-04-29T05:27:34,2017-04-29T18:20:37,0.09,Partially cloudy,Partly cloudy throughout the day.,partly-cloudy-day,"48820099999,48823099999,48825099999,48831099999,VVNB"
Hanoi,2017-04-30,28.3,22,24.8,32.2,22,25.4,23.3,92,0,0,0,,0,0,32.8,19.4,105.6,1009.6,59,7.6,211.6,18.3,7,,2017-04-30T05:26:55,2017-04-30T18:21:00,0.13,Partially cloudy,Partly cloudy throughout the day.,partly-cloudy-day,"48820099999,48823099999,48825099999,48831099999,VVNB"
Hanoi,2017-05-01,32,25,28,42.4,25,32.8,25.9,88.8,0,0,0,,0,0,23.4,21.4,124.8,1008.1,71.7,9.3,217.8,18.7,8,,2017-05-01T05:26:17,2017-05-01T18:21:23,0.16,Partially cloudy,Partly cloudy throughout the day.,partly-cloudy-day,"48820099999,48823099999,48825099999,48831099999,VVNB"
Hanoi,2017-05-02,32,26,28.6,44.1,26,34.6,26.5,89.2,0.098,100,4.17,rain,0,0,27.4,23.2,124.9,1007.3,74.8,9.7,226.2,19.5,8,,2017-05-02T05:25:40,2017-05-02T18:21:46,0.2,"Rain, Partially cloudy",Partly cloudy throughout the day with morning rain.,rain,"48820099999,48823099999,48825099999,48831099999,VVNB"
Hanoi,2017-05-03,32.2,26.7,28.8,47.6,30.2,37,27.4,92.5,0,0,0,,0,0,24.8,21.4,105,1006.2,77.1,8.8,263,22.6,9,,2017-05-03T05:25:03,2017-05-03T18:22:10,0.25,Partially cloudy,Partly cloudy throughout the day.,partly-cloudy-day,"48820099999,48823099999,48825099999,48831099999,VVNB"
Hanoi,2017-05-04,34,26,29.5,40.2,26,34.6,25.2,79.7,0.3,100,4.17,rain,0,0,38.9,21.2,76.7,1009.4,63,9,252.3,21.9,9,,2017-05-04T05:24:28,2017-05-04T18:22:33,0.27,"Rain, Partially cloudy",Partly cloudy throughout the day with early morning rain.,rain,"48820099999,48823099999,48825099999,48831099999,VVNB"
Hanoi,2017-05-05,31,26,28.1,36.5,26,31.7,24.5,81.2,0.5,100,12.5,rain,0,0,24.1,16.7,143.2,1012.4,74.2,10,158,13.6,8,,2017-05-05T05:23:54,2017-05-05T18:22:57,0.3,"Rain, Partially cloudy",Partly cloudy throughout the day with rain in the morning and afternoon.,rain,"48820099999,48823099999,48825099999,48831099999,VVNB"
Hanoi,2017-05-06,28.6,25.5,26.9,35.7,25.5,29.4,25.4,92.1,0.196,100,8.33,rain,0,0,28.4,13.9,129.6,1013.1,76,8.7,137.8,11.9,6,,2017-05-06T05:23:20,2017-05-06T18:23:21,0.34,"Rain, Partially cloudy",Partly cloudy throughout the day with rain in the morning and afternoon.,rain,"48820099999,48823099999,48825099999,48831099999,VVNB"
Hanoi,2017-05-07,32.4,25.7,28.4,40.7,25.7,32.4,25.4,85,0.002,100,4.17,rain,0,0,32.8,20.5,122.4,1011,67.4,8.4,236.8,20.6,9,,2017-05-07T05:22:47,2017-05-07T18:23:46,0.37,"Rain, Partially cloudy",Partly cloudy throughout the day with early morning rain.,rain,"48820099999,48823099999,48825099999,48831099999,VVNB"
Hanoi,2017-05-08,33.5,26,29,44.6,26,35.1,26.4,86.9,4.1,100,29.17,rain,0,0,25.6,23.2,126.5,1008.3,57,9.6,194.9,16.8,7,,2017-05-08T05:22:16,2017-05-08T18:24:10,0.41,"Rain, Partially cloudy",Partly cloudy throughout the day with rain.,rain,"48820099999,48823099999,48825099999,48831099999,VVNB"
Hanoi,2017-05-09,31.8,25,28,39.2,25,31.5,25,84.3,0.005,100,4.17,rain,0,0,20.5,18.4,102.3,1010.1,57.9,10,120.2,10.4,5,,2017-05-09T05:21:45,2017-05-09T18:24:35,0.44,"Rain, Partially cloudy",Partly cloudy throughout the day with morning rain.,rain,"48820099999,48823099999,48825099999,48831099999,VVNB"
Hanoi,2017-05-10,33,25,28.5,40.6,25,33,25.4,84.7,9.5,100,25,rain,0,0,33.1,23.2,127.4,1011.7,56.2,9,196,16.9,7,,2017-05-10T05:21:15,2017-05-10T18:24:59,0.48,"Rain, Partially cloudy",Partly cloudy throughout the day with rain in the morning and afternoon.,rain,"48820099999,48823099999,48825099999,48831099999,VVNB"
Hanoi,2017-05-11,32.5,25,28.6,39.1,25,33.2,25.7,85.8,1.979,100,8.33,rain,0,0,38.9,23.2,135.8,1011.3,63.3,8.9,238.2,20.5,9,,2017-05-11T05:20:46,2017-05-11T18:25:24,0.5,"Rain, Partially cloudy",Partly cloudy throughout the day with rain.,rain,"48820099999,48823099999,48825099999,48831099999,VVNB"
Hanoi,2017-05-12,28.5,22.5,26,37,22.5,27.8,23.9,89,6.227,100,4.17,rain,0,0,30.2,30.1,78.8,1010.9,73.7,9,160.8,13.8,7,,2017-05-12T05:20:19,2017-05-12T18:25:49,0.54,"Rain, Partially cloudy",Partly cloudy throughout the day with afternoon rain.,rain,"48820099999,48823099999,48825099999,48831099999,VVNB"
Hanoi,2017-05-13,31.9,23,27.4,36.8,23,30.1,23.9,82.7,0.821,100,4.17,rain,0,0,24.8,17.5,113,1009.3,58.1,10.1,203.8,17.4,6,,2017-05-13T05:19:52,2017-05-13T18:26:15,0.58,"Rain, Partially cloudy",Partly cloudy throughout the day with early morning rain.,rain,"48820099999,48823099999,48825099999,48831099999,VVNB"
Hanoi,2017-05-14,32,25,28.3,39.2,25,32.4,25.1,83.8,1.9,100,20.83,rain,0,0,33.5,16.6,123.7,1007.6,46.3,9.9,208.9,18.1,7,,2017-05-14T05:19:26,2017-05-14T18:26:40,0.61,"Rain, Partially cloudy",Partly cloudy throughout the day with rain in the morning and afternoon.,rain,"48820099999,48823099999,48825099999,48831099999,VVNB"
Hanoi,2017-05-15,31.5,25.7,28.1,36.8,25.7,31.5,24.7,83.3,11.07,100,8.33,rain,0,0,37.4,16.6,37.5,1006.8,57.6,9.7,169.5,14.6,6,,2017-05-15T05:19:01,2017-05-15T18:27:05,0.64,"Rain, Partially cloudy",Partly cloudy throughout the day with rain.,rain,"48820099999,48823099999,48825099999,48831099999,VVNB"
Hanoi,2017-05-16,33,25,28.9,33.9,25,29.7,20.2,62.5,1.965,100,4.17,rain,0,0,30.6,19.4,12.6,1008.9,70,10.1,300.7,26,9,,2017-05-16T05:18:38,2017-05-16T18:27:31,0.68,"Rain, Partially cloudy",Partly cloudy throughout the day with early morning rain.,rain,"48820099999,48823099999,48825099999,48831099999,VVNB"
Hanoi,2017-05-17,27.8,23,25.5,30.3,23,26,22.3,83.2,0.8,100,25,rain,0,0,25.9,13,358.3,1010.5,66.5,9.4,77.1,6.6,3,,2017-05-17T05:18:15,2017-05-17T18:27:56,0.71,"Rain, Partially cloudy",Partly cloudy throughout the day with rain.,rain,"48820099999,48823099999,48825099999,48831099999,VVNB"
Hanoi,2017-05-18,24.1,20.5,22.3,24.1,20.5,22.3,20.9,92.2,0.196,100,8.33,rain,0,0,23,13,337.8,1011.7,74.2,9,72.8,6.5,3,,2017-05-18T05:17:54,2017-05-18T18:28:22,0.74,"Rain, Partially cloudy",Partly cloudy throughout the day with rain.,rain,"48820099999,48823099999,48825099999,48831099999,VVNB"
Hanoi,2017-05-19,22,20.9,21.7,22,20.9,21.7,21.4,97.9,14.333,100,12.5,rain,0,0,32,12.1,305.6,1009.2,73.6,4.4,41.7,3.6,2,,2017-05-19T05:17:33,2017-05-19T18:28:47,0.75,"Rain, Partially cloudy",Partly cloudy throughout the day with rain.,rain,"48820099999,48823099999,48825099999,48831099999,VVNB"
Hanoi,2017-05-20,30.5,22,26,35.1,22,28,23.2,85.5,0.1,100,4.17,rain,0,0,20.2,13,18.9,1005,66.6,8.6,249.4,21.6,8,,2017-05-20T05:17:14,2017-05-20T18:29:13,0.81,"Rain, Partially cloudy",Partly cloudy throughout the day with early morning rain.,rain,"48820099999,48823099999,48825099999,48831099999,VVNB"
Hanoi,2017-05-21,29.2,25,26.6,35.9,25,29.1,25.8,95.8,0.098,100,4.17,rain,0,0,24.5,13,90.7,1004,71.3,7.4,107.3,9.2,5,,2017-05-21T05:16:55,2017-05-21T18:29:38,0.85,"Rain, Partially cloudy",Partly cloudy throughout the day with afternoon rain.,rain,"48820099999,48823099999,48825099999,48831099999,VVNB"
Hanoi,2017-05-22,32.5,26,29,45.3,26,36.5,27.4,91.5,0.33,100,4.17,rain,0,0,31.3,19.4,122.8,1003.6,70.4,8.7,188.5,16.2,7,,2017-05-22T05:16:38,2017-05-22T18:30:04,0.88,"Rain, Partially cloudy",Partly cloudy throughout the day with morning rain.,rain,"48820099999,48823099999,48825099999,48831099999,VVNB"
Hanoi,2017-05-23,34.1,27,30.1,50,31.8,40.1,28,89.3,7.4,100,41.67,rain,0,0,23.4,16.6,96.7,1004,60.8,9.8,181.4,15.7,6,,2017-05-23T05:16:22,2017-05-23T18:30:29,0.91,"Rain, Partially cloudy",Partly cloudy throughout the day with rain.,rain,"48820099999,48823099999,48825099999,48831099999,VVNB,remote"
Hanoi,2017-05-24,30.4,24.5,27.6,38.8,24.5,31.3,25,86.7,2.363,100,8.33,rain,0,0,25.2,17.5,14.6,1006.5,70.8,9.4,63.9,5.5,4,,2017-05-24T05:16:07,2017-05-24T18:30:55,0.95,"Rain, Partially cloudy",Partly cloudy throughout the day with rain in the morning and afternoon.,rain,"48820099999,48823099999,48825099999,48831099999,VVNB"
Hanoi,2017-05-25,29.4,24.2,26.8,31.2,24.2,27.5,18.8,62,2.063,100,8.33,rain,0,0,34.2,17.5,2.3,1010.6,87.1,10,189.6,16.3,7,,2017-05-25T05:15:53,2017-05-25T18:31:20,0.98,"Rain, Partially cloudy",Partly cloudy throughout the day with rain in the morning and afternoon.,rain,"48820099999,48823099999,48825099999,48831099999,VVNB"
Hanoi,2017-05-26,31.6,23,27.5,30.8,23,27.3,15.1,47.9,0,0,0,,0,0,24.8,16.6,44.6,1010.6,74.1,11.3,318.1,27.3,10,,2017-05-26T05:15:40,2017-05-26T18:31:45,0,Partially cloudy,Partly cloudy throughout the day.,partly-cloudy-day,"48820099999,48823099999,48825099999,48831099999,VVNB"
Hanoi,2017-05-27,33.5,21.5,27.4,34,21.5,27.8,18.9,63.2,0,0,0,,0,0,20.5,17.5,126.4,1009.4,38.6,11.4,323.5,27.9,10,,2017-05-27T05:15:28,2017-05-27T18:32:11,0.05,Partially cloudy,Partly cloudy throughout the day.,partly-cloudy-day,"48820099999,48823099999,48825099999,48831099999,VVNB"
Hanoi,2017-05-28,33,22,28,33.5,22,28.7,19.2,61.9,0,0,0,,0,0,16.9,13.9,139.8,1008.8,26.4,8.8,294.1,25.6,9,,2017-05-28T05:15:18,2017-05-28T18:32:35,0.08,Partially cloudy,Partly cloudy throughout the day.,partly-cloudy-day,"48820099999,48823099999,48825099999,48831099999,VVNB"
Hanoi,2017-05-29,33.5,23,28.6,36.7,23,30.4,21.8,68.9,0,0,0,,0,0,25.9,17.5,122.1,1008.1,28.6,8.9,267.4,23.2,10,,2017-05-29T05:15:08,2017-05-29T18:33:00,0.11,Partially cloudy,Partly cloudy throughout the day.,partly-cloudy-day,"48820099999,48823099999,48825099999,48831099999,VVNB"
Hanoi,2017-05-30,33.5,24.5,29,39.3,24.5,32.9,24.5,78.6,0,0,0,,0,0,24.5,15.7,119.8,1007.6,30.4,9.7,254.5,22.1,8,,2017-05-30T05:14:59,2017-05-30T18:33:25,0.15,Partially cloudy,Partly cloudy throughout the day.,partly-cloudy-day,"48820099999,48823099999,48825099999,48831099999,VVNB,remote"
Hanoi,2017-05-31,35,26,29.9,45,26,36.3,26.1,81.4,0.5,100,8.33,rain,0,0,22,24.1,118.2,1004.6,38.7,10.2,230.1,19.9,8,,2017-05-31T05:14:52,2017-05-31T18:33:49,0.18,"Rain, Partially cloudy",Partly cloudy throughout the day with rain.,rain,"48820099999,48823099999,48825099999,48831099999,VVNB"
Hanoi,2017-06-01,38,26.5,32.3,46.3,26.5,38.8,25.2,69.3,0,0,0,,0,0,33.1,22.3,191.9,1000.1,51.5,10.4,288.6,24.9,9,,2017-06-01T05:14:46,2017-06-01T18:34:13,0.25,Partially cloudy,Partly cloudy throughout the day.,partly-cloudy-day,"48820099999,48823099999,48825099999,48831099999,VVNB"
Hanoi,2017-06-02,40.3,28.5,34.3,46.9,36.3,41.6,24.7,60.8,0,0,0,,0,0,29.5,17.5,240.6,998.9,45.8,11.5,308.4,26.6,10,,2017-06-02T05:14:40,2017-06-02T18:34:37,0.25,Partially cloudy,Partly cloudy throughout the day.,partly-cloudy-day,"48820099999,48823099999,48825099999,48831099999,VVNB"
Hanoi,2017-06-03,40.8,29.5,35.3,51.4,36.5,42,23.8,54.2,0,0,0,,0,0,31,24.1,249.3,998,37.5,9.7,310.3,26.6,10,,2017-06-03T05:14:36,2017-06-03T18:35:00,0.28,Partially cloudy,Partly cloudy throughout the day.,partly-cloudy-day,"48820099999,48823099999,48825099999,48831099999,VVNB"
Hanoi,2017-06-04,41.9,30,35.5,51,34.6,42.7,24.1,53.7,0.2,100,4.17,rain,0,0,31,15.7,241.2,997,37.5,9.7,313.8,27,10,,2017-06-04T05:14:33,2017-06-04T18:35:23,0.32,"Rain, Partially cloudy",Partly cloudy throughout the day with late afternoon rain.,rain,"48820099999,48823099999,48825099999,48831099999,VVNB"
Hanoi,2017-06-05,40.5,28,34.6,47.7,35.6,42.5,24.9,60.6,0.1,100,4.17,rain,0,0,27,23.2,143.3,999,16.6,10.3,309.8,26.8,10,,2017-06-05T05:14:30,2017-06-05T18:35:46,0.35,Rain,Clear conditions throughout the day with late afternoon rain.,rain,"48820099999,48823099999,48825099999,48831099999,VVNB"
Hanoi,2017-06-06,36.1,24,30,47.5,24,36.6,26.1,81.3,47.6,100,45.83,rain,0,0,33.1,35.5,64.3,1004.9,57.8,9.4,247.5,21.4,9,,2017-06-06T05:14:29,2017-06-06T18:36:08,0.39,"Rain, Partially cloudy",Partly cloudy throughout the day with a chance of rain throughout the day.,rain,"48820099999,48823099999,48825099999,48831099999,VVNB"
Hanoi,2017-06-07,28.5,24,26.3,33.6,24,28,24.8,92,42.053,100,12.5,rain,0,0,30.6,16.6,329.8,1008.6,68.8,9.7,78.1,6.7,3,,2017-06-07T05:14:29,2017-06-07T18:36:30,0.42,"Rain, Partially cloudy",Partly cloudy throughout the day with a chance of rain throughout the day.,rain,"48820099999,48823099999,48825099999,48831099999,VVNB"
Hanoi,2017-06-08,34,25,29,41.3,25,33.7,25.2,81.5,0.098,100,4.17,rain,0,0,22.7,16.6,89.1,1006.4,53.6,9.6,157.5,13.4,7,,2017-06-08T05:14:30,2017-06-08T18:36:52,0.45,"Rain, Partially cloudy",Partly cloudy throughout the day with late afternoon rain.,rain,"48820099999,48823099999,48825099999,48831099999,VVNB"
Hanoi,2017-06-09,32.5,26,29.1,40.7,26,34.8,25.8,83.3,4.1,100,12.5,rain,0,0,29.2,24.1,117.8,1005.8,54.2,10,219.4,19.1,8,,2017-06-09T05:14:32,2017-06-09T18:37:13,0.5,"Rain, Partially cloudy",Partly cloudy throughout the day with a chance of rain throughout the day.,rain,"48820099999,48823099999,48825099999,48831099999,VVNB"
Hanoi,2017-06-10,33.5,27,29,43.7,31.2,36.1,26.8,88.8,0.297,100,8.33,rain,0,0,25.2,24.1,124.4,1005.4,62.8,10.5,159.7,13.8,8,,2017-06-10T05:14:35,2017-06-10T18:37:33,0.52,"Rain, Partially cloudy",Partly cloudy throughout the day with rain.,rain,"48820099999,48823099999,48825099999,48831099999,VVNB"
Hanoi,2017-06-11,32.6,27,29.7,42.2,31.8,37.7,26.9,85.5,0.542,100,4.17,rain,0,0,22.3,15.7,105.7,1004.4,59.3,8.7,158.3,13.7,6,,2017-06-11T05:14:39,2017-06-11T18:37:53,0.56,"Rain, Partially cloudy",Partly cloudy throughout the day with afternoon rain.,rain,"48820099999,48823099999,48825099999,48831099999,VVNB"
Hanoi,2017-06-12,33.5,28,30.2,44,34.1,39.9,27.6,86.8,0.594,100,4.17,rain,0,0,27.7,14.8,111.2,1003,52.4,8.7,172.7,14.9,7,,2017-06-12T05:14:43,2017-06-12T18:38:13,0.59,"Rain, Partially cloudy",Partly cloudy throughout the day with late afternoon rain.,rain,"48820099999,48823099999,48825099999,48831099999,VVNB"
Hanoi,2017-06-13,31,25,28.7,43.3,25,36.4,27.3,92.3,56.004,100,4.17,rain,0,0,39.6,14.8,75.1,1004,71.4,9.2,100.4,8.7,4,,2017-06-13T05:14:49,2017-06-13T18:38:31,0.63,"Rain, Partially cloudy",Partly cloudy throughout the day with afternoon rain.,rain,"48820099999,48823099999,48825099999,48831099999,VVNB"
Hanoi,2017-06-14,31,27,27.9,44.3,31.2,34,26.8,94.1,16.8,100,62.5,rain,0,0,27,17.5,79,1005.6,72.4,8.7,121.5,10.4,6,,2017-06-14T05:14:56,2017-06-14T18:38:50,0.66,"Rain, Partially cloudy",Partly cloudy throughout the day with a chance of rain throughout the day.,rain,"48820099999,48823099999,48825099999,48831099999,VVNB"
Hanoi,2017-06-15,34.5,27,29.8,48,31.8,39.2,27.8,89.7,6.5,100,29.17,rain,0,0,23,14.8,100.8,1003.9,66,8.3,145,12.4,6,,2017-06-15T05:15:03,2017-06-15T18:39:07,0.69,"Rain, Partially cloudy",Partly cloudy throughout the day with a chance of rain throughout the day.,rain,"48820099999,48823099999,48825099999,48831099999,VVNB"
Hanoi,2017-06-16,35,27.1,30.6,45.8,31.4,39.9,27.2,83.6,1,100,8.33,rain,0,0,23.8,22.3,50,1002.6,45.9,8.6,148,12.7,6,,2017-06-16T05:15:12,2017-06-16T18:39:24,0.73,"Rain, Partially cloudy",Partly cloudy throughout the day with late afternoon rain.,rain,"48820099999,48823099999,48825099999,48831099999,VVNB"
Hanoi,2017-06-17,29.9,25,27.6,34.4,25,30.7,24.5,84.2,38.336,100,8.33,rain,0,0,19.4,19.4,41.9,1003.5,77.7,9.5,125,10.8,4,,2017-06-17T05:15:21,2017-06-17T18:39:40,0.75,"Rain, Partially cloudy",Partly cloudy throughout the day with rain.,rain,"48820099999,48823099999,48825099999,48831099999,VVNB"
Hanoi,2017-06-18,29.2,26.5,27.7,35.6,26.5,32.7,26.3,92.5,0.216,100,8.33,rain,0,0,22,13.9,98.2,1003,76.7,7.9,120.3,10.5,3,,2017-06-18T05:15:31,2017-06-18T18:39:56,0.8,"Rain, Partially cloudy",Partly cloudy throughout the day with rain in the morning and afternoon.,rain,"48820099999,48823099999,48825099999,48831099999,VVNB"
Hanoi,2017-06-19,32.5,25,28.4,43.1,25,34,26.3,89.2,19.947,100,4.17,rain,0,0,24.1,21.2,90.5,1002.5,69.9,7.6,152.5,13.3,6,,2017-06-19T05:15:42,2017-06-19T18:40:11,0.83,"Rain, Partially cloudy",Partly cloudy throughout the day with late afternoon rain.,rain,"48820099999,48823099999,48825099999,48831099999,VVNB"
Hanoi,2017-06-20,33,25,28.8,44,25,34.4,26.1,86.1,4.965,100,4.17,rain,0,0,31.7,11,66.9,1001.7,59.4,9.3,159.8,13.8,6,,2017-06-20T05:15:54,2017-06-20T18:40:24,0.87,"Rain, Partially cloudy",Partly cloudy throughout the day with early morning rain.,rain,"48820099999,48823099999,48825099999,48831099999,VVNB"
Hanoi,2017-06-21,34.3,26.5,30.1,44.3,26.5,37.8,26.6,82.4,0.151,100,4.17,rain,0,0,22.7,13,92.3,1001.1,61,9.1,166.8,14.4,6,,2017-06-21T05:16:06,2017-06-21T18:40:38,0.9,"Rain, Partially cloudy",Partly cloudy throughout the day with morning rain.,rain,"48820099999,48823099999,48825099999,48831099999,VVNB"
Hanoi,2017-06-22,36,27,30.8,45.3,30.7,39.4,26.6,80.5,0.7,100,20.83,rain,0,0,24.5,17.5,94.5,1002,63.2,10.7,194.1,16.8,7,,2017-06-22T05:16:19,2017-06-22T18:40:50,0.93,"Rain, Partially cloudy",Partly cloudy throughout the day with rain.,rain,"48820099999,48823099999,48825099999,48831099999,VVNB"
Hanoi,2017-06-23,34,27,30.5,47.3,31.8,41.2,28,87.3,0.295,100,4.17,rain,0,0,24.1,18.5,118.9,1002.9,66.3,9.9,149.6,12.9,6,,2017-06-23T05:16:33,2017-06-23T18:41:02,0.97,"Rain, Partially cloudy",Partly cloudy throughout the day with afternoon rain.,rain,"48820099999,48823099999,48825099999,48831099999,VVNB"
Hanoi,2017-06-24,35,27.5,31,46.7,32.8,40.9,27.5,82.8,0.8,100,16.67,rain,0,0,32.8,25,122.1,1002.6,59.6,9.9,211.4,18.2,8,,2017-06-24T05:16:48,2017-06-24T18:41:12,0,"Rain, Partially cloudy",Partly cloudy throughout the day with rain.,rain,"48820099999,48823099999,48825099999,48831099999,VVNB"
Hanoi,2017-06-25,34.6,25.8,29.4,45.8,25.8,36.2,26.4,84.9,42.347,100,4.17,rain,0,0,22.7,14.8,150.3,1003.3,58.4,9.3,181.5,15.6,6,,2017-06-25T05:17:03,2017-06-25T18:41:22,0.04,"Rain, Partially cloudy",Partly cloudy throughout the day with late afternoon rain.,rain,"48820099999,48823099999,48825099999,48831099999,VVNB"
Hanoi,2017-06-26,33,26,29.1,44,26,36.3,26.9,88.4,14.017,100,8.33,rain,0,0,23,18.5,99.4,1005.3,53.5,9.2,189.5,16.3,8,,2017-06-26T05:17:19,2017-06-26T18:41:31,0.07,"Rain, Partially cloudy",Partly cloudy throughout the day with rain clearing later.,rain,"48820099999,48823099999,48825099999,48831099999,VVNB"
Hanoi,2017-06-27,33,27.5,29.9,43.3,33.7,38.5,27.2,86.4,0.192,100,12.5,rain,0,0,27.7,20.5,121.2,1006.1,54.5,9.5,167.6,14.4,8,,2017-06-27T05:17:36,2017-06-27T18:41:39,0.1,"Rain, Partially cloudy",Partly cloudy throughout the day with rain.,rain,"48820099999,48823099999,48825099999,48831099999,VVNB"
Hanoi,2017-06-28,30.9,26,28.2,42.2,26,34.3,27,93.6,5.599,100,12.5,rain,0,0,23.4,16.6,80.7,1007.2,65.8,9.4,116.5,10,5,,2017-06-28T05:17:53,2017-06-28T18:41:46,0.14,"Rain, Partially cloudy",Partly cloudy throughout the day with rain.,rain,"48820099999,48823099999,48825099999,48831099999,VVNB"
Hanoi,2017-06-29,32,25.5,27.5,44.3,25.5,31.6,26.4,94.1,27.76,100,16.67,rain,0,0,46.4,21.4,87,1006.3,66.7,8.8,118.1,10.1,4,,2017-06-29T05:18:11,2017-06-29T18:41:52,0.17,"Rain, Partially cloudy",Partly cloudy throughout the day with a chance of rain throughout the day.,rain,"48820099999,48823099999,48825099999,48831099999,VVNB"
Hanoi,2017-06-30,32,26,28.9,42.2,26,34.5,26.3,86.7,0.568,100,8.33,rain,0,0,31,13.9,121.1,1004,67.9,9.4,148.2,12.8,5,,2017-06-30T05:18:29,2017-06-30T18:41:57,0.2,"Rain, Partially cloudy",Partly cloudy throughout the day with rain clearing later.,rain,"48820099999,48823099999,48825099999,48831099999,VVNB"
Hanoi,2017-07-01,33.4,27,29.8,41.4,31.8,37.6,26.7,84.5,0.3,100,12.5,rain,0,0,35.3,13.9,110.3,1002.1,51.9,9.2,208.3,17.9,8,,2017-07-01T05:18:48,2017-07-01T18:42:02,0.25,"Rain, Partially cloudy",Partly cloudy throughout the day with rain.,rain,"48820099999,48823099999,48825099999,48831099999,VVNB"
Hanoi,2017-07-02,32.4,27,29.9,41.5,31.8,37.7,26.7,84.4,0.196,100,8.33,rain,0,0,21.2,10.3,126.8,1001.5,52.8,8.5,90.5,8,5,,2017-07-02T05:19:07,2017-07-02T18:42:05,0.27,"Rain, Partially cloudy",Partly cloudy throughout the day with rain.,rain,"48820099999,48823099999,48825099999,48831099999,VVNB"
Hanoi,2017-07-03,31.1,27,28.8,40.4,31.2,36.2,27.1,91.4,0.789,100,8.33,rain,0,0,19.4,9.4,51.1,1001.8,65.5,7.5,95.5,8.2,3,,2017-07-03T05:19:27,2017-07-03T18:42:07,0.3,"Rain, Partially cloudy",Partly cloudy throughout the day with rain.,rain,"48820099999,48823099999,48825099999,48831099999,VVNB"
Hanoi,2017-07-04,32.4,26.5,28.6,41.4,26.5,34.7,26.5,89.3,0.796,100,8.33,rain,0,0,29.2,13,85.6,1002.9,56.8,9,161.9,13.9,6,,2017-07-04T05:19:47,2017-07-04T18:42:08,0.34,"Rain, Partially cloudy",Partly cloudy throughout the day with rain.,rain,"48820099999,48823099999,48825099999,48831099999,VVNB"
Hanoi,2017-07-05,32.1,27,28.7,41.1,31.8,36,27,90.9,6.878,100,12.5,rain,0,0,38.9,16.7,77.4,1004.9,66.9,9.9,160.2,13.6,8,,2017-07-05T05:20:08,2017-07-05T18:42:08,0.37,"Rain, Partially cloudy",Partly cloudy throughout the day with a chance of rain throughout the day.,rain,"48820099999,48823099999,48825099999,48831099999,VVNB"
Hanoi,2017-07-06,31.1,27,29.2,44.3,31.8,37.3,27.2,89.8,10.808,100,4.17,rain,0,0,20.2,20.5,116.6,1004.4,76.7,9.8,183.3,15.6,7,,2017-07-06T05:20:29,2017-07-06T18:42:07,0.4,"Rain, Partially cloudy",Partly cloudy throughout the day with morning rain.,rain,"48820099999,48823099999,48825099999,48831099999,VVNB"
Hanoi,2017-07-07,31.5,25.3,28.7,45.3,25.3,35.6,26.8,90,0.14,100,8.33,rain,0,0,23.4,18.4,114,1004,69.4,9.3,150.5,12.9,6,,2017-07-07T05:20:50,2017-07-07T18:42:05,0.43,"Rain, Partially cloudy",Partly cloudy throughout the day with rain in the morning and afternoon.,rain,"48820099999,48823099999,48825099999,48831099999,VVNB"
Hanoi,2017-07-08,32.5,25,27.5,43.3,25,30.9,25.9,91.4,57.983,100,16.67,rain,0,0,30.2,30.6,115.7,1005,68.7,9.4,142.2,12.2,5,,2017-07-08T05:21:12,2017-07-08T18:42:02,0.47,"Rain, Partially cloudy",Partly cloudy throughout the day with a chance of rain throughout the day.,rain,"48820099999,48823099999,48825099999,48831099999,VVNB"
Hanoi,2017-07-09,32.5,26,29.4,42.3,26,35.7,26.3,84.5,1.14,100,8.33,rain,0,0,37.1,12.1,120.3,1004.9,46.5,9.2,182.7,15.7,8,,2017-07-09T05:21:33,2017-07-09T18:41:57,0.5,"Rain, Partially cloudy",Partly cloudy throughout the day with rain clearing later.,rain,"48820099999,48823099999,48825099999,48831099999,VVNB"
Hanoi,2017-07-10,30.5,25.1,28.4,42.2,25.1,35.1,26.9,91.7,0.196,100,8.33,rain,0,0,28.4,15.7,15,1004,64.1,8.3,121.7,10.6,5,,2017-07-10T05:21:56,2017-07-10T18:41:52,0.54,"Rain, Partially cloudy",Partly cloudy throughout the day with rain in the morning and afternoon.,rain,"48820099999,48823099999,48825099999,48831099999,VVNB"
Hanoi,2017-07-11,30,25,27.4,39.6,25,32.2,26.3,93.8,9.159,100,12.5,rain,0,0,21.2,19.4,92.1,1005.6,67.6,8.9,113.8,9.7,6,,2017-07-11T05:22:18,2017-07-11T18:41:46,0.57,"Rain, Partially cloudy",Partly cloudy throughout the day with rain.,rain,"48820099999,48823099999,48825099999,48831099999,VVNB"
Hanoi,2017-07-12,29.2,26,27.4,37.5,26,31.8,26.4,94.3,31.297,100,8.33,rain,0,0,29.9,13,95.7,1008,63.6,9.7,123.9,10.6,5,,2017-07-12T05:22:41,2017-07-12T18:41:38,0.61,"Rain, Partially cloudy",Partly cloudy throughout the day with rain in the morning and afternoon.,rain,"48820099999,48823099999,48825099999,48831099999,VVNB"
Hanoi,2017-07-13,31.5,25,28.3,40.7,25,33.4,26,87.7,64.126,100,12.5,rain,0,0,18,16.6,102.6,1006.7,72.5,9.4,136.7,11.9,6,,2017-07-13T05:23:04,2017-07-13T18:41:29,0.64,"Rain, Partially cloudy",Partly cloudy throughout the day with a chance of rain throughout the day.,rain,"48820099999,48823099999,48825099999,48831099999,VVNB"
Hanoi,2017-07-14,31.6,26.5,28.5,39.9,26.5,34.7,26.4,88.9,4.134,100,4.17,rain,0,0,19.1,15.8,74.7,1005.3,55.9,9.7,140.4,12.1,6,,2017-07-14T05:23:27,2017-07-14T18:41:19,0.68,"Rain, Partially cloudy",Partly cloudy throughout the day with late afternoon rain.,rain,"48820099999,48823099999,48825099999,48831099999,VVNB"
Hanoi,2017-07-15,31.1,26.5,27.8,39.3,26.5,32.5,26.4,92.4,7.431,100,12.5,rain,0,0,25.2,20.5,32.3,1004.8,73.5,9.8,117.3,10.1,4,,2017-07-15T05:23:50,2017-07-15T18:41:08,0.71,"Rain, Partially cloudy",Partly cloudy throughout the day with a chance of rain throughout the day.,rain,"48820099999,48823099999,48825099999,48831099999,VVNB"
Hanoi,2017-07-16,33,25,28.5,39.9,25,33.2,25.5,84.5,7.294,100,16.67,rain,0,0,42.1,16.6,355.3,1003.4,58,9.9,134.3,11.6,5,,2017-07-16T05:24:13,2017-07-16T18:40:56,0.75,"Rain, Partially cloudy",Partly cloudy throughout the day with rain.,rain,"48820099999,48823099999,48825099999,48831099999,VVNB"
Hanoi,2017-07-17,29,26,26.6,36.8,26,28.4,25.9,95.9,130.264,100,20.83,rain,0,0,45.4,24.1,46,1004.3,68,8.7,75.5,6.6,4,,2017-07-17T05:24:37,2017-07-17T18:40:43,0.75,"Rain, Partially cloudy",Partly cloudy throughout the day with a chance of rain throughout the day.,rain,"48820099999,48823099999,48825099999,48831099999,VVNB"
Hanoi,2017-07-18,30,26,27.3,39.3,26,31.2,26.4,94.9,14.629,100,16.67,rain,0,0,20.5,13,93.5,1007.2,63.1,9.8,119.3,10.3,5,,2017-07-18T05:25:00,2017-07-18T18:40:29,0.82,"Rain, Partially cloudy",Partly cloudy throughout the day with a chance of rain throughout the day.,rain,"48820099999,48823099999,48825099999,48831099999,VVNB"
Hanoi,2017-07-19,30,25,27.3,38.9,25,31.3,26.3,94.8,7.35,100,12.5,rain,0,0,21.6,17.5,108.5,1005.8,67.3,9.6,93.3,8.1,5,,2017-07-19T05:25:24,2017-07-19T18:40:13,0.85,"Rain, Partially cloudy",Partly cloudy throughout the day with a chance of rain throughout the day.,rain,"48820099999,48823099999,48825099999,48831099999,VVNB"
Hanoi,2017-07-20,28.5,25,26.6,36.3,25,28.6,26,96.6,8.982,100,8.33,rain,0,0,27,14.8,89.5,1005.4,70.4,8.7,116.4,9.9,5,,2017-07-20T05:25:47,2017-07-20T18:39:57,0.89,"Rain, Partially cloudy",Partly cloudy throughout the day with rain in the morning and afternoon.,rain,"48820099999,48823099999,48825099999,48831099999,VVNB"
Hanoi,2017-07-21,29.5,25.5,27,39.3,25.5,30.3,26.2,95.5,7.14,100,8.33,rain,0,0,27,11.2,56,1007.7,72.6,9.2,94.8,8.1,4,,2017-07-21T05:26:11,2017-07-21T18:39:39,0.92,"Rain, Partially cloudy",Partly cloudy throughout the day with rain.,rain,"48820099999,48823099999,48825099999,48831099999,VVNB"
Hanoi,2017-07-22,33.2,25,28.3,41.4,25,32.7,25.9,87.9,0.098,100,4.17,rain,0,0,48.2,28.6,325.5,1008.8,53.1,9.1,191.1,16.5,7,,2017-07-22T05:26:35,2017-07-22T18:39:20,0.96,"Rain, Partially cloudy",Partly cloudy throughout the day with early morning rain.,rain,"48820099999,48823099999,48825099999,48831099999,VVNB"
Hanoi,2017-07-23,34.5,25,29.4,42.7,25,34.3,25.1,79.6,3.965,100,4.17,rain,0,0,19.8,13.9,295.1,1006.2,55.1,9.7,273.1,23.5,9,,2017-07-23T05:26:58,2017-07-23T18:39:00,0,"Rain, Partially cloudy",Partly cloudy throughout the day with early morning rain.,rain,"48820099999,48823099999,48825099999,48831099999,VVNB"
Hanoi,2017-07-24,33.8,26,29.3,45.3,26,36.9,27.1,88.4,4.7,100,29.17,rain,0,0,22.3,18.5,51.7,1003.3,60.4,9,232.5,20.1,8,,2017-07-24T05:27:22,2017-07-24T18:38:39,0.03,"Rain, Partially cloudy",Partly cloudy throughout the day with rain.,rain,"48820099999,48823099999,48825099999,48831099999,VVNB"
Hanoi,2017-07-25,31,26,27.9,40.6,26,33.4,26.7,93.4,0.098,100,4.17,rain,0,0,31,13,3.5,1003.5,67.2,9.1,160.9,13.9,6,,2017-07-25T05:27:45,2017-07-25T18:38:17,0.06,"Rain, Partially cloudy",Partly cloudy throughout the day with afternoon rain.,rain,"48820099999,48823099999,48825099999,48831099999,VVNB"
Hanoi,2017-07-26,34.5,26,29.5,42.6,26,34.8,25.9,82.4,0.632,100,12.5,rain,0,0,30.2,18.4,91.2,1003.5,53.9,10,199.3,17.2,7,,2017-07-26T05:28:08,2017-07-26T18:37:54,0.09,"Rain, Partially cloudy",Partly cloudy throughout the day with a chance of rain throughout the day.,rain,"48820099999,48823099999,48825099999,48831099999,VVNB"
Hanoi,2017-07-27,35.5,26,30.7,42,26,37.1,25.6,76.6,0.2,100,8.33,rain,0,0,26.6,14.8,99.3,1003.2,29.6,8.8,274.7,23.7,9,,2017-07-27T05:28:32,2017-07-27T18:37:30,0.12,"Rain, Partially cloudy",Partly cloudy throughout the day with rain in the morning and afternoon.,rain,"48820099999,48823099999,48825099999,48831099999,VVNB"
Hanoi,2017-07-28,35,27,30.3,42.1,31.2,37,25.8,78.8,0.9,100,12.5,rain,0,0,48.2,12.1,60.9,1004.4,42.7,8.4,253.1,21.7,9,,2017-07-28T05:28:55,2017-07-28T18:37:04,0.16,"Rain, Partially cloudy",Partly cloudy throughout the day with rain.,rain,"48820099999,48823099999,48825099999,48831099999,VVNB"
Hanoi,2017-07-29,36,26.5,31.2,46.3,26.5,38.5,26.1,76.3,0.098,100,4.17,rain,0,0,22.3,11.2,281.2,1002.7,30.7,9.9,249.7,21.5,9,,2017-07-29T05:29:18,2017-07-29T18:36:38,0.19,"Rain, Partially cloudy",Partly cloudy throughout the day with early morning rain.,rain,"48820099999,48823099999,48825099999,48831099999,VVNB"
Hanoi,2017-07-30,36.9,28,32.4,48.8,35.2,42.7,27.1,75.5,0,0,0,,0,0,16.9,14.8,206,999.2,17.2,10.1,303.3,26.1,10,,2017-07-30T05:29:41,2017-07-30T18:36:10,0.25,Clear,Clear conditions throughout the day.,clear-day,"48820099999,48823099999,48825099999,48831099999,VVNB"
Hanoi,2017-07-31,38,25.9,31.9,50.6,25.9,41.8,27.4,79.1,0,0,0,,0,0,19.4,18.5,63.1,998.5,31.8,10.8,286.9,24.8,9,,2017-07-31T05:30:03,2017-07-31T18:35:41,0.25,Partially cloudy,Partly cloudy throughout the day.,partly-cloudy-day,"48820099999,48823099999,48825099999,48831099999,VVNB"
Hanoi,2017-08-01,33,25.4,29.1,44.1,25.4,35.4,26.5,86.7,49.738,100,4.17,rain,0,0,25.6,16.6,141.2,1000.5,56.2,9.7,198.4,17.1,8,,2017-08-01T05:30:26,2017-08-01T18:35:12,0.29,"Rain, Partially cloudy",Partly cloudy throughout the day with early morning rain.,rain,"48820099999,48823099999,48825099999,48831099999,VVNB"
Hanoi,2017-08-02,33,27,29.3,45.8,31.8,38.3,27.7,91.6,0.21,100,4.17,rain,0,0,31,13,51.2,999.4,61.1,8,151.2,13.1,5,,2017-08-02T05:30:48,2017-08-02T18:34:41,0.32,"Rain, Partially cloudy",Partly cloudy throughout the day with late afternoon rain.,rain,"48820099999,48823099999,48825099999,48831099999,VVNB"
Hanoi,2017-08-03,29.2,26,27.7,38.2,26,33.6,27,96.2,11.09,100,16.67,rain,0,0,24.1,10.3,0.8,998.7,64.8,7.7,104.1,9,4,,2017-08-03T05:31:10,2017-08-03T18:34:09,0.35,"Rain, Partially cloudy",Partly cloudy throughout the day with a chance of rain throughout the day.,rain,"48820099999,48823099999,48825099999,48831099999,VVNB"
Hanoi,2017-08-04,30.7,26,27.6,41.4,26,33.1,26.9,95.9,41.857,100,12.5,rain,0,0,23.4,11.2,148,998.9,66.8,6.1,46.8,4,2,,2017-08-04T05:31:32,2017-08-04T18:33:37,0.38,"Rain, Partially cloudy",Partly cloudy throughout the day with rain.,rain,"48820099999,48823099999,48825099999,48831099999,VVNB"
Hanoi,2017-08-05,31,26.7,27.9,42.4,30.2,34.4,27.2,95.8,0.204,100,16.67,rain,0,0,26.3,16.6,82.8,1001.6,78.3,8,111.5,9.4,6,,2017-08-05T05:31:54,2017-08-05T18:33:03,0.42,"Rain, Partially cloudy",Partly cloudy throughout the day with a chance of rain throughout the day.,rain,"48820099999,48823099999,48825099999,48831099999,VVNB"
Hanoi,2017-08-06,34.5,27,30,44.2,31,37.4,26.4,82.3,0.295,100,8.33,rain,0,0,20.9,14.8,123.6,1004.4,61.2,9.1,195.8,16.8,7,,2017-08-06T05:32:16,2017-08-06T18:32:29,0.45,"Rain, Partially cloudy",Partly cloudy throughout the day with rain.,rain,"48820099999,48823099999,48825099999,48831099999,VVNB"
Hanoi,2017-08-07,35.5,27.7,30.9,45.1,33.4,38.9,26.4,78.8,4.912,100,8.33,rain,0,0,28.1,12.1,122.4,1004.3,48.4,10.1,261,22.5,9,,2017-08-07T05:32:37,2017-08-07T18:31:53,0.48,"Rain, Partially cloudy",Partly cloudy throughout the day with rain.,rain,"48820099999,48823099999,48825099999,48831099999,VVNB"
Hanoi,2017-08-08,36.5,27.5,32.2,45.3,33.2,40.4,26.1,72.4,3.93,100,4.17,rain,0,0,28.4,14.8,123.9,1002.9,41.4,11.8,288.4,24.9,9,,2017-08-08T05:32:58,2017-08-08T18:31:16,0.5,"Rain, Partially cloudy",Partly cloudy throughout the day with early morning rain.,rain,"48820099999,48823099999,48825099999,48831099999,VVNB"
Hanoi,2017-08-09,36,28.5,32.5,45.4,37.6,42,26.5,72.6,0.9,100,4.17,rain,0,0,26.6,13.9,132.8,1002.2,70.2,11.4,283.4,24.3,9,,2017-08-09T05:33:19,2017-08-09T18:30:39,0.55,"Rain, Partially cloudy",Partly cloudy throughout the day with late afternoon rain.,rain,"48820099999,48823099999,48825099999,48831099999,VVNB"
Hanoi,2017-08-10,34.1,26,30.4,43.1,26,39.2,27,83.2,0,0,0,,0,0,19.4,15.8,90.2,1002.5,74.8,9.1,185.2,15.9,6,,2017-08-10T05:33:39,2017-08-10T18:30:01,0.59,Partially cloudy,Partly cloudy throughout the day.,partly-cloudy-day,"48820099999,48823099999,48825099999,48831099999,VVNB"
Hanoi,2017-08-11,36,28,32,47.6,34.5,41,26.5,75.1,0,0,0,,0,0,31,17.5,122.2,1002.6,53,10.6,230.6,19.9,8,,2017-08-11T05:34:00,2017-08-11T18:29:21,0.62,Partially cloudy,Partly cloudy throughout the day.,partly-cloudy-day,"48820099999,48823099999,48825099999,48831099999,VVNB"
Hanoi,2017-08-12,34.4,29,31.2,44.8,36.3,41.3,27.3,80.7,0,0,0,,0,0,34.6,15.7,120.5,1003.9,74.6,10.9,229.6,19.8,9,,2017-08-12T05:34:20,2017-08-12T18:28:41,0.66,Partially cloudy,Partly cloudy throughout the day.,partly-cloudy-day,"48820099999,48823099999,48825099999,48831099999,VVNB"
Hanoi,2017-08-13,32.5,29,30.8,46.2,38.8,42.6,28.4,87.2,0,0,0,,0,0,25.2,13.9,131.4,1004.8,49.6,9.5,209.7,18.1,9,,2017-08-13T05:34:40,2017-08-13T18:28:00,0.69,Partially cloudy,Partly cloudy throughout the day.,partly-cloudy-day,"48820099999,48823099999,48825099999,48831099999,VVNB"
Hanoi,2017-08-14,33.3,25.5,30,51.2,25.5,40.9,28.4,91.1,0.2,100,8.33,rain,0,0,24.8,18.5,126.3,1004.8,67,9.5,124.2,10.8,5,,2017-08-14T05:34:59,2017-08-14T18:27:19,0.73,"Rain, Partially cloudy",Partly cloudy throughout the day with afternoon rain.,rain,"48820099999,48823099999,48825099999,48831099999,VVNB"
Hanoi,2017-08-15,29,23,26.1,36.8,23,28.7,25.5,96.6,35.89,100,12.5,rain,0,0,23,16.6,114.5,1005.2,75.1,8.6,52.5,4.6,2,,2017-08-15T05:35:18,2017-08-15T18:26:36,0.75,"Rain, Partially cloudy",Partly cloudy throughout the day with a chance of rain throughout the day.,rain,"48820099999,48823099999,48825099999,48831099999,VVNB"
Hanoi,2017-08-16,29.4,24.6,26.8,35.6,24.6,29.5,25.7,94.1,20.467,100,12.5,rain,0,0,29.2,19.4,106.3,1005.6,65.9,9.8,45.6,4,2,,2017-08-16T05:35:37,2017-08-16T18:25:53,0.8,"Rain, Partially cloudy",Partly cloudy throughout the day with rain.,rain,"48820099999,48823099999,48825099999,48831099999,VVNB"
Hanoi,2017-08-17,28.1,24,26.1,33.2,24,27.9,25.5,96.9,27.122,100,12.5,rain,0,0,22.7,13.9,75,1007.6,68.7,8.3,59.9,5.1,2,,2017-08-17T05:35:56,2017-08-17T18:25:08,0.84,"Rain, Partially cloudy",Partly cloudy throughout the day with a chance of rain throughout the day.,rain,"48820099999,48823099999,48825099999,48831099999,VVNB"
Hanoi,2017-08-18,29.5,25.4,27,36,25.4,29.6,25.7,93,14.402,100,8.33,rain,0,0,24.1,9.4,110,1009.6,65,8,153.7,13.1,6,,2017-08-18T05:36:15,2017-08-18T18:24:23,0.87,"Rain, Partially cloudy",Partly cloudy throughout the day with rain in the morning and afternoon.,rain,"48820099999,48823099999,48825099999,48831099999,VVNB"
Hanoi,2017-08-19,33,25,28.2,39.9,25,32,25.1,84.2,0.105,100,12.5,rain,0,0,23,10.3,168,1009.2,45.6,8.1,205.8,17.7,9,,2017-08-19T05:36:33,2017-08-19T18:23:38,0.91,"Rain, Partially cloudy",Partly cloudy throughout the day with rain.,rain,"48820099999,48823099999,48825099999,48831099999,VVNB"
Hanoi,2017-08-20,34,26,29.7,41.4,26,35,25.4,79.4,1.6,100,20.83,rain,0,0,26.3,12.1,122,1007.1,29.1,8.3,214.1,18.5,8,,2017-08-20T05:36:51,2017-08-20T18:22:51,0.94,"Rain, Partially cloudy",Partly cloudy throughout the day with rain in the morning and afternoon.,rain,"48820099999,48823099999,48825099999,48831099999,VVNB"
Hanoi,2017-08-21,34.4,26,30.1,42.8,26,36.4,25.8,78.6,0.1,100,4.17,rain,0,0,21.2,13,102.4,1004.5,25,11,239,20.7,8,,2017-08-21T05:37:09,2017-08-21T18:22:04,0.98,"Rain, Partially cloudy",Partly cloudy throughout the day with afternoon rain.,rain,"48820099999,48823099999,48825099999,48831099999,VVNB"
Hanoi,2017-08-22,36.3,27,31.1,46.5,31.8,40,26.8,79.5,0,0,0,,0,0,21.6,11.2,50.7,1001.7,32.3,10.3,257.3,22.1,9,,2017-08-22T05:37:26,2017-08-22T18:21:17,0,Partially cloudy,Partly cloudy throughout the day.,partly-cloudy-day,"48820099999,48823099999,48825099999,48831099999,VVNB"
Hanoi,2017-08-23,33.2,25,30,52.2,25,40.7,28.2,90.3,1.376,100,4.17,rain,0,0,37.1,14.3,356.2,1000.1,60.7,6.5,212.7,18.3,9,,2017-08-23T05:37:44,2017-08-23T18:20:28,0.05,"Rain, Partially cloudy",Partly cloudy throughout the day with late afternoon rain.,rain,"48820099999,48823099999,48825099999,48831099999,VVNB"
Hanoi,2017-08-24,28.8,24.5,26.5,34.7,24.5,29,25.2,93.3,20.682,100,12.5,rain,0,0,29.2,21.4,238,1000.9,66.9,9.1,43,3.6,2,,2017-08-24T05:38:01,2017-08-24T18:19:39,0.08,"Rain, Partially cloudy",Partly cloudy throughout the day with a chance of rain throughout the day.,rain,"48820099999,48823099999,48825099999,48831099999,VVNB"
Hanoi,2017-08-25,30.3,26,27.6,39.7,26,32.2,26.8,95.5,12.871,100,4.17,rain,0,0,29.9,21.2,92,1005,67,9.9,111.2,9.7,5,,2017-08-25T05:38:18,2017-08-25T18:18:50,0.11,"Rain, Partially cloudy",Partly cloudy throughout the day with late afternoon rain.,rain,"48820099999,48823099999,48825099999,48831099999,VVNB"
Hanoi,2017-08-26,33,25,27.7,39.9,25,30.5,25.2,87.3,13.496,100,12.5,rain,0,0,33.5,13.1,326,1006.2,51.7,9.6,154.1,13.3,7,,2017-08-26T05:38:34,2017-08-26T18:18:00,0.14,"Rain, Partially cloudy",Partly cloudy throughout the day with rain.,rain,"48820099999,48823099999,48825099999,48831099999,VVNB"
Hanoi,2017-08-27,33.1,25,28.7,42.9,25,33.8,25.6,84.3,0.005,100,4.17,rain,0,0,27,11.2,301.3,1004.7,46.7,9.6,246.6,21.4,9,,2017-08-27T05:38:51,2017-08-27T18:17:09,0.18,"Rain, Partially cloudy",Partly cloudy throughout the day with late afternoon rain.,rain,"48820099999,48823099999,48825099999,48831099999,VVNB"
Hanoi,2017-08-28,33.5,25,29.4,42.8,25,35.1,25.4,80.1,0.6,100,12.5,rain,0,0,31.7,24.1,118.4,1004.5,50.3,9.8,266.6,23,9,,2017-08-28T05:39:07,2017-08-28T18:16:18,0.21,"Rain, Partially cloudy",Partly cloudy throughout the day with rain.,rain,"48820099999,48823099999,48825099999,48831099999,VVNB"
Hanoi,2017-08-29,29.3,25,26.8,35.1,25,29.5,25.8,94.4,2.944,100,12.5,rain,0,0,32.8,16.6,96.1,1006.6,66.8,9.3,83.6,7.1,4,,2017-08-29T05:39:23,2017-08-29T18:15:26,0.25,"Rain, Partially cloudy",Partly cloudy throughout the day with a chance of rain throughout the day.,rain,"48820099999,48823099999,48825099999,48831099999,VVNB"
Hanoi,2017-08-30,28.8,25,26.4,33.8,25,28.4,25.4,94.1,31.526,100,16.67,rain,0,0,29.2,18.4,76.2,1008.5,71.9,9.6,106,9.1,6,,2017-08-30T05:39:39,2017-08-30T18:14:34,0.27,"Rain, Partially cloudy",Partly cloudy throughout the day with a chance of rain throughout the day.,rain,"48820099999,48823099999,48825099999,48831099999,VVNB"
Hanoi,2017-08-31,33,25,29.3,40.7,25,34.5,25.9,83.3,21.791,100,8.33,rain,0,0,23.4,13,95.3,1008,53.4,10,192.6,16.8,8,,2017-08-31T05:39:54,2017-08-31T18:13:41,0.3,"Rain, Partially cloudy",Partly cloudy throughout the day with rain clearing later.,rain,"48820099999,48823099999,48825099999,48831099999,VVNB"
Hanoi,2017-09-01,33.1,27,29.9,44.3,31.8,38.6,27.3,86.6,3,100,33.33,rain,0,0,24.5,13.9,99.5,1005.3,53.7,9.6,223,19.2,7,,2017-09-01T05:40:10,2017-09-01T18:12:48,0.34,"Rain, Partially cloudy",Partly cloudy throughout the day with a chance of rain throughout the day.,rain,"48820099999,48823099999,48825099999,48831099999,VVNB"
Hanoi,2017-09-02,35,27,30.7,46.2,31.7,39.9,27.2,83.4,0.035,100,4.17,rain,0,0,22.3,14.8,103.3,1003.1,51.9,10.2,210.2,18.3,8,,2017-09-02T05:40:25,2017-09-02T18:11:54,0.37,"Rain, Partially cloudy",Partly cloudy throughout the day with late afternoon rain.,rain,"48820099999,48823099999,48825099999,48831099999,VVNB"
Hanoi,2017-09-03,33.5,27,29,45.8,31.2,37.1,27.2,90.4,2.96,100,8.33,rain,0,0,20.5,13.9,94,1004.3,60.1,9.6,135.5,11.8,6,,2017-09-03T05:40:40,2017-09-03T18:11:00,0.4,"Rain, Partially cloudy",Partly cloudy throughout the day with rain.,rain,"48820099999,48823099999,48825099999,48831099999,VVNB"
Hanoi,2017-09-04,32.5,27,28.4,43.3,31,35.6,27.2,93.5,5.2,100,33.33,rain,0,0,20.2,13,66.9,1005.2,50,8.8,118.2,10.1,5,,2017-09-04T05:40:56,2017-09-04T18:10:06,0.43,"Rain, Partially cloudy",Partly cloudy throughout the day with a chance of rain throughout the day.,rain,"48820099999,48823099999,48825099999,48831099999,VVNB"
Hanoi,2017-09-05,33.5,27,29.2,46.8,31.2,37.1,27.2,89.6,0.098,100,4.17,rain,0,0,22.7,13.9,76.2,1005.5,63.9,9.1,89.5,7.7,4,,2017-09-05T05:41:10,2017-09-05T18:09:11,0.47,"Rain, Partially cloudy",Partly cloudy throughout the day with early morning rain.,rain,"48820099999,48823099999,48825099999,48831099999,VVNB"
Hanoi,2017-09-06,33.3,26,29.4,44.2,26,36.9,26.8,86.7,4.1,100,29.17,rain,0,0,17.6,13,58.5,1005.9,41.8,9.2,100.2,8.6,4,,2017-09-06T05:41:25,2017-09-06T18:08:16,0.5,"Rain, Partially cloudy",Partly cloudy throughout the day with rain.,rain,"48820099999,48823099999,48825099999,48831099999,VVNB"
Hanoi,2017-09-07,31.8,26,28,41.5,26,32.9,26.1,89.4,0.267,100,8.33,rain,0,0,15.8,15.8,74.9,1007.4,57.7,9.7,113,9.9,4,,2017-09-07T05:41:40,2017-09-07T18:07:20,0.53,"Rain, Partially cloudy",Partly cloudy throughout the day with rain.,rain,"48820099999,48823099999,48825099999,48831099999,VVNB"
Hanoi,2017-09-08,29.5,26,27.2,37.3,26,30.8,26,93.5,7.8,100,37.5,rain,0,0,25.2,12.1,77.9,1007.6,57.3,8.7,158.5,13.7,7,,2017-09-08T05:41:54,2017-09-08T18:06:25,0.57,"Rain, Partially cloudy",Partly cloudy throughout the day with a chance of rain throughout the day.,rain,"48820099999,48823099999,48825099999,48831099999,VVNB"
Hanoi,2017-09-09,29.5,26,27.6,37.6,26,32.2,26.2,92,2.948,100,4.17,rain,0,0,27,14.8,86.5,1006.1,61.7,8.6,124.4,10.7,6,,2017-09-09T05:42:09,2017-09-09T18:05:29,0.6,"Rain, Partially cloudy",Partly cloudy throughout the day with early morning rain.,rain,"48820099999,48823099999,48825099999,48831099999,VVNB"
Hanoi,2017-09-10,31.5,24,27.7,40.6,24,32.3,25.7,89.2,6.878,100,4.17,rain,0,0,24.8,13.9,81.2,1007,57.4,9.2,152.2,13,6,,2017-09-10T05:42:23,2017-09-10T18:04:33,0.64,"Rain, Partially cloudy",Partly cloudy throughout the day with early morning rain.,rain,"48820099999,48823099999,48825099999,48831099999,VVNB"
Hanoi,2017-09-11,30.4,24,27.7,36.8,24,31.9,25,86,0.771,100,8.33,rain,0,0,19.1,15.7,337.8,1009.1,67.5,9.6,144.1,12.4,6,,2017-09-11T05:42:38,2017-09-11T18:03:36,0.68,"Rain, Partially cloudy",Partly cloudy throughout the day with rain.,rain,"48820099999,48823099999,48825099999,48831099999,VVNB"
Hanoi,2017-09-12,32,26,28.2,39.6,26,32.8,25.5,85.8,5.162,100,4.17,rain,0,0,16.2,13,46.3,1010.4,40.9,7.6,190.4,16.3,7,,2017-09-12T05:42:52,2017-09-12T18:02:40,0.71,"Rain, Partially cloudy",Partly cloudy throughout the day with late afternoon rain.,rain,"48820099999,48823099999,48825099999,48831099999,VVNB"
Hanoi,2017-09-13,33.7,26,29.3,40.1,26,33.9,24.8,77.9,0.087,100,4.17,rain,0,0,22.3,13.9,357.6,1009.6,45.3,9.4,245.4,21.1,9,,2017-09-13T05:43:06,2017-09-13T18:01:43,0.75,"Rain, Partially cloudy",Partly cloudy throughout the day with early morning rain.,rain,"48820099999,48823099999,48825099999,48831099999,VVNB"
Hanoi,2017-09-14,33.1,26,29.1,39.8,26,33.3,24.7,78.4,21.018,100,12.5,rain,0,0,33.5,15.7,328.2,1007.1,56.9,9.5,182.3,15.7,7,,2017-09-14T05:43:21,2017-09-14T18:00:46,0.78,"Rain, Partially cloudy",Partly cloudy throughout the day with rain.,rain,"48820099999,48823099999,48825099999,48831099999,VVNB"
Hanoi,2017-09-15,30.4,24.7,27.5,34.5,24.7,29.9,23.2,78.4,8.922,100,25,rain,0,0,50.4,21.4,9.7,1005.8,68.2,8.9,72.2,6.1,3,,2017-09-15T05:43:35,2017-09-15T17:59:49,0.82,"Rain, Partially cloudy",Partly cloudy throughout the day with a chance of rain throughout the day.,rain,"48820099999,48823099999,48825099999,48831099999,VVNB"
Hanoi,2017-09-16,30.1,24,25.4,38.8,24,26.2,24.4,93.8,55.859,100,16.67,rain,0,0,38.5,23.9,26.5,1009.5,66.2,7.3,45.2,3.9,1,,2017-09-16T05:43:49,2017-09-16T17:58:52,0.86,"Rain, Partially cloudy",Partly cloudy throughout the day with a chance of rain throughout the day.,rain,"48820099999,48823099999,48825099999,48831099999,VVNB"
Hanoi,2017-09-17,33.4,24,28.3,41.3,24,32,24.3,80.7,0.8,100,12.5,rain,0,0,16.6,10.3,282.9,1010.8,39.5,9.3,209.4,18.1,7,,2017-09-17T05:44:03,2017-09-17T17:57:55,0.89,"Rain, Partially cloudy",Partly cloudy throughout the day with a chance of rain throughout the day.,rain,"48820099999,48823099999,48825099999,48831099999,VVNB"
Hanoi,2017-09-18,35,26.5,30.1,43.9,26.5,36.6,26,80.1,0,0,0,,0,0,20.9,14.8,116,1008.1,31.5,9.3,230,19.8,8,,2017-09-18T05:44:18,2017-09-18T17:56:58,0.93,Partially cloudy,Partly cloudy throughout the day.,partly-cloudy-day,"48820099999,48823099999,48825099999,48831099999,VVNB"
Hanoi,2017-09-19,35,28,30.8,45.8,34.5,39.8,27.1,81.8,0,0,0,,0,0,25.6,18.4,127.2,1007.1,53.7,10.1,232.8,20.1,8,,2017-09-19T05:44:32,2017-09-19T17:56:01,0.96,Partially cloudy,Partly cloudy throughout the day.,partly-cloudy-day,"48820099999,48823099999,48825099999,48831099999,VVNB"
Hanoi,2017-09-20,33,26.7,29.6,40.7,29.8,35.8,25.5,80,2.14,100,4.17,rain,0,0,23.4,13.9,161.2,1007.8,43.4,10.1,166.5,14.5,6,,2017-09-20T05:44:47,2017-09-20T17:55:04,0,"Rain, Partially cloudy",Partly cloudy throughout the day with afternoon rain.,rain,"48820099999,48823099999,48825099999,48831099999,VVNB"
Hanoi,2017-09-21,33.8,26,29.8,40.6,26,34.6,24.5,74.5,0.518,100,8.33,rain,0,0,20.5,11.2,48.3,1007.9,44.7,9.9,203.7,17.7,8,,2017-09-21T05:45:01,2017-09-21T17:54:07,0.03,"Rain, Partially cloudy",Partly cloudy throughout the day with rain.,rain,"48820099999,48823099999,48825099999,48831099999,VVNB"
Hanoi,2017-09-22,32,26.5,28.5,39.3,26.5,33.4,25.4,84.3,5.21,100,4.17,rain,0,0,23,17.6,71.1,1008.7,34.5,7.5,183.3,15.8,7,,2017-09-22T05:45:16,2017-09-22T17:53:10,0.06,"Rain, Partially cloudy",Partly cloudy throughout the day with afternoon rain.,rain,"48820099999,48823099999,48825099999,48831099999,VVNB"
Hanoi,2017-09-23,32.5,26,28.7,39.9,26,32.7,25.2,83.1,0.139,100,12.5,rain,0,0,18,9.4,28.3,1009.5,51.2,8.3,164.6,14.2,7,,2017-09-23T05:45:31,2017-09-23T17:52:13,0.1,"Rain, Partially cloudy",Partly cloudy throughout the day with rain.,rain,"48820099999,48823099999,48825099999,48831099999,VVNB"
Hanoi,2017-09-24,34,26,29.8,40.9,26,35,25.1,77.8,0.2,100,8.33,rain,0,0,15.5,7.2,340.6,1006.8,43.4,8.2,219.1,18.9,8,,2017-09-24T05:45:45,2017-09-24T17:51:16,0.13,"Rain, Partially cloudy",Partly cloudy throughout the day with rain in the morning and afternoon.,rain,"48820099999,48823099999,48825099999,48831099999,VVNB"
Hanoi,2017-09-25,30,26,27.3,35.6,26,30.3,25.6,90.4,21.361,100,12.5,rain,0,0,37.1,16.6,311.5,1004.6,66.9,7.5,53,4.5,3,,2017-09-25T05:46:00,2017-09-25T17:50:19,0.16,"Rain, Partially cloudy",Partly cloudy throughout the day with rain.,rain,"48820099999,48823099999,48825099999,48831099999,VVNB"
Hanoi,2017-09-26,32.6,26,28.5,39.8,26,32.9,25.6,85,2.21,100,8.33,rain,0,0,32.8,18.5,104.6,1008.7,45.7,8.9,205.2,17.6,7,,2017-09-26T05:46:16,2017-09-26T17:49:23,0.19,"Rain, Partially cloudy",Partly cloudy throughout the day with rain clearing later.,rain,"48820099999,48823099999,48825099999,48831099999,VVNB"
Hanoi,2017-09-27,33.1,26.8,29.5,40.8,30.4,35.1,25.3,79.5,6.332,100,8.33,rain,0,0,20.5,11.2,100.5,1009.6,36,9.6,193.2,16.6,7,,2017-09-27T05:46:31,2017-09-27T17:48:26,0.22,"Rain, Partially cloudy",Partly cloudy throughout the day with rain in the morning and afternoon.,rain,"48820099999,48823099999,48825099999,48831099999,VVNB"
Hanoi,2017-09-28,35,26,30.3,40.4,26,35.2,24.5,73.5,0.6,100,12.5,rain,0,0,20.9,13,95.1,1008.5,34.2,8.5,228.5,19.7,8,,2017-09-28T05:46:47,2017-09-28T17:47:30,0.25,"Rain, Partially cloudy",Partly cloudy throughout the day with rain.,rain,"48820099999,48823099999,48825099999,48831099999,VVNB"
Hanoi,2017-09-29,33,26.5,28.8,39.3,26.5,33.3,24.9,81,0.295,100,8.33,rain,0,0,23.8,21.2,51.3,1009.8,47.1,8.9,107.1,9.3,5,,2017-09-29T05:47:02,2017-09-29T17:46:34,0.29,"Rain, Partially cloudy",Partly cloudy throughout the day with rain in the morning and afternoon.,rain,"48820099999,48823099999,48825099999,48831099999,VVNB"
Hanoi,2017-09-30,30,26,28,37.5,26,32.3,25.5,86.9,1.823,100,12.5,rain,0,0,14.8,14.8,84.2,1011.3,55.3,9.3,62.7,5.6,3,,2017-09-30T05:47:18,2017-09-30T17:45:39,0.32,"Rain, Partially cloudy",Partly cloudy throughout the day with a chance of rain throughout the day.,rain,"48820099999,48823099999,48825099999,48831099999,VVNB"
Hanoi,2017-10-01,33,26,29,38.8,26,33.6,25,80.3,1.974,100,4.17,rain,0,0,27,14.8,118.6,1009.9,56.9,10,210.4,18.2,9,,2017-10-01T05:47:34,2017-10-01T17:44:43,0.35,"Rain, Partially cloudy",Partly cloudy throughout the day with morning rain.,rain,"48820099999,48823099999,48825099999,48831099999,VVNB"
Hanoi,2017-10-02,33,27,29.2,39.7,31.2,34.5,25.1,79.8,14.738,100,8.33,rain,0,0,23,21.2,101.2,1009.1,49.1,9.4,192,16.7,7,,2017-10-02T05:47:51,2017-10-02T17:43:48,0.39,"Rain, Partially cloudy",Partly cloudy throughout the day with rain.,rain,"48820099999,48823099999,48825099999,48831099999,VVNB"
Hanoi,2017-10-03,31.5,24.5,27,38.1,24.5,29.5,25.4,91,17.594,100,12.5,rain,0,0,25.9,20.5,12.1,1010.6,56.4,8.7,88.7,7.5,5,,2017-10-03T05:48:08,2017-10-03T17:42:54,0.42,"Rain, Partially cloudy",Partly cloudy throughout the day with rain.,rain,"48820099999,48823099999,48825099999,48831099999,VVNB"
Hanoi,2017-10-04,31.5,25,27.3,37.8,25,29.5,24.8,86.9,11.868,100,12.5,rain,0,0,33.1,13,326.3,1012.2,53.2,9.7,89.7,7.8,5,,2017-10-04T05:48:25,2017-10-04T17:41:59,0.45,"Rain, Partially cloudy",Partly cloudy throughout the day with rain.,rain,"48820099999,48823099999,48825099999,48831099999,VVNB"
Hanoi,2017-10-05,31,24,27,36,24,29.2,23.9,84.5,6.508,100,12.5,rain,0,0,29.2,19.4,52.4,1012.2,51.7,9.8,90.7,7.7,6,,2017-10-05T05:48:42,2017-10-05T17:41:06,0.48,"Rain, Partially cloudy",Partly cloudy throughout the day with rain.,rain,"48820099999,48823099999,48825099999,48831099999,VVNB"
Hanoi,2017-10-06,30,25,27.1,34.1,25,28.6,24.1,84.6,0.29,100,12.5,rain,0,0,24.8,13.9,38.6,1011.7,57.4,9.4,81.8,7.1,4,,2017-10-06T05:48:59,2017-10-06T17:40:12,0.5,"Rain, Partially cloudy",Partly cloudy throughout the day with a chance of rain throughout the day.,rain,"48820099999,48823099999,48825099999,48831099999,VVNB"
Hanoi,2017-10-07,27.5,24.7,25.9,30.7,24.7,26.7,24.1,89.8,10.839,100,12.5,rain,0,0,28.1,15.7,46.4,1011.8,70.8,9.1,17.2,1.5,1,,2017-10-07T05:49:17,2017-10-07T17:39:19,0.55,"Rain, Partially cloudy",Partly cloudy throughout the day with a chance of rain throughout the day.,rain,"48820099999,48823099999,48825099999,48831099999,VVNB"
Hanoi,2017-10-08,31,24.6,27.4,36.5,24.6,30,24.4,84.9,7.163,100,12.5,rain,0,0,34.2,10.3,353.4,1011.9,65.3,9.7,81.7,7,4,,2017-10-08T05:49:35,2017-10-08T17:38:27,0.59,"Rain, Partially cloudy",Partly cloudy throughout the day with a chance of rain throughout the day.,rain,"48820099999,48823099999,48825099999,48831099999,VVNB"
Hanoi,2017-10-09,33.5,25,28.3,40.2,25,31.2,24.6,81.9,16.732,100,4.17,rain,0,0,41.4,14.8,323.6,1009.2,39.2,9.3,185.5,16,7,,2017-10-09T05:49:54,2017-10-09T17:37:34,0.62,"Rain, Partially cloudy",Partly cloudy throughout the day with late afternoon rain.,rain,"48820099999,48823099999,48825099999,48831099999,VVNB"
Hanoi,2017-10-10,29,26,26.9,34,26,29,24.8,88.4,78.746,100,16.67,rain,0,0,48.6,22.3,25.6,1007.5,70.9,9.6,37.7,3.4,2,,2017-10-10T05:50:13,2017-10-10T17:36:43,0.66,"Rain, Partially cloudy",Partly cloudy throughout the day with a chance of rain throughout the day.,rain,"48820099999,48823099999,48825099999,48831099999,VVNB"
Hanoi,2017-10-11,28,23.8,25.7,31.9,23.8,26.4,24.2,91.8,49.208,100,12.5,rain,0,0,33.5,14.8,34.9,1010.2,69.9,9.3,19.8,1.8,1,,2017-10-11T05:50:32,2017-10-11T17:35:52,0.69,"Rain, Partially cloudy",Partly cloudy throughout the day with rain.,rain,"48820099999,48823099999,48825099999,48831099999,VVNB"
Hanoi,2017-10-12,31,23.5,26.6,37.1,23.5,28.6,24.3,88.3,8.105,100,8.33,rain,0,0,27.7,10.1,274.3,1010.4,58.7,9.1,116,9.9,5,,2017-10-12T05:50:52,2017-10-12T17:35:02,0.75,"Rain, Partially cloudy",Partly cloudy throughout the day with rain.,rain,"48820099999,48823099999,48825099999,48831099999,VVNB"
Hanoi,2017-10-13,27.6,24,25.9,29.9,24,26.4,22.2,80.5,15.011,100,12.5,rain,0,0,30.6,20.3,23.6,1010,53.5,9.3,139.6,12,6,,2017-10-13T05:51:12,2017-10-13T17:34:12,0.76,"Rain, Partially cloudy",Partly cloudy throughout the day with a chance of rain throughout the day.,rain,"48820099999,48823099999,48825099999,48831099999,VVNB"
Hanoi,2017-10-14,30.5,24,26.7,33.1,24,27.5,19.9,67.3,0,0,0,,0,0,26.6,16.6,4.1,1008.7,49.2,9.8,204.9,17.6,8,,2017-10-14T05:51:33,2017-10-14T17:33:23,0.8,Partially cloudy,Partly cloudy throughout the day.,partly-cloudy-day,"48820099999,48823099999,48825099999,48831099999,VVNB"
Hanoi,2017-10-15,30,23,26.4,31.2,23,26.7,17.5,58.6,0,0,0,,0,0,36,23.2,7.1,1008.2,61.4,10.8,224.6,19.5,9,,2017-10-15T05:51:54,2017-10-15T17:32:34,0.84,Partially cloudy,Partly cloudy throughout the day.,partly-cloudy-day,"48820099999,48823099999,48825099999,48831099999,VVNB"
Hanoi,2017-10-16,25,19.5,21.9,25,19.5,21.9,17.7,78.8,3.063,100,8.33,rain,0,0,30.2,13,341.8,1010.8,68.9,9.2,17,1.4,1,,2017-10-16T05:52:15,2017-10-16T17:31:47,0.87,"Rain, Partially cloudy",Partly cloudy throughout the day with rain in the morning and afternoon.,rain,"48820099999,48823099999,48825099999,48831099999,VVNB"
Hanoi,2017-10-17,23.5,20,21.6,23.5,20,21.6,16.2,71.8,0.105,100,8.33,rain,0,0,32,17.5,355.5,1014.2,67.3,10,42.8,3.6,2,,2017-10-17T05:52:37,2017-10-17T17:31:00,0.91,"Rain, Partially cloudy",Partly cloudy throughout the day with rain.,rain,"48820099999,48823099999,48825099999,48831099999,VVNB"
Hanoi,2017-10-18,22.6,19,20.9,22.6,19,20.9,18.7,87.4,0.796,100,12.5,rain,0,0,23,13,342.7,1015.6,71.7,9.4,25.2,2.2,1,,2017-10-18T05:52:59,2017-10-18T17:30:13,0.94,"Rain, Partially cloudy",Partly cloudy throughout the day with rain.,rain,"48820099999,48823099999,48825099999,48831099999,VVNB"
Hanoi,2017-10-19,26,21,23.6,26,21,23.6,20.3,82.8,0.6,100,4.17,rain,0,0,26.6,12.1,311.9,1014.5,66.9,9.2,150.6,13.1,7,,2017-10-19T05:53:22,2017-10-19T17:29:28,0.98,"Rain, Partially cloudy",Partly cloudy throughout the day with early morning rain.,rain,"48820099999,48823099999,48825099999,48831099999,VVNB"
Hanoi,2017-10-20,29.5,23,25.9,31.2,23,26.3,20.4,73.2,0,0,0,,0,0,18.4,11.2,55,1013.2,39.8,9.7,162.8,14,7,,2017-10-20T05:53:45,2017-10-20T17:28:43,0,Partially cloudy,Partly cloudy throughout the day.,partly-cloudy-day,"48820099999,48823099999,48825099999,48831099999,VVNB"
Hanoi,2017-10-21,28.4,23.5,25.5,29.9,23.5,25.7,19.7,71.7,0.002,100,4.17,rain,0,0,21.6,15.7,51.2,1013.2,75.3,9.2,137,11.8,5,,2017-10-21T05:54:09,2017-10-21T17:27:59,0.05,"Rain, Partially cloudy",Partly cloudy throughout the day with afternoon rain.,rain,"48820099999,48823099999,48825099999,48831099999,VVNB"
Hanoi,2017-10-22,27.5,23,24.7,28.3,23,24.7,17.3,64.1,0,0,0,,0,0,24.1,13,23.3,1013.5,62.1,9.2,118.3,10.2,5,,2017-10-22T05:54:33,2017-10-22T17:27:16,0.08,Partially cloudy,Partly cloudy throughout the day.,partly-cloudy-day,"48820099999,48823099999,48825099999,48831099999,VVNB"
Hanoi,2017-10-23,25.5,22.5,24,25.5,22.5,24,16,61.6,0.035,100,4.17,rain,0,0,28.4,17.5,9.1,1016.1,74.4,9.6,122.8,10.7,6,,2017-10-23T05:54:58,2017-10-23T17:26:34,0.11,"Rain, Partially cloudy",Partly cloudy throughout the day with afternoon rain.,rain,"48820099999,48823099999,48825099999,48831099999,VVNB"
Hanoi,2017-10-24,26.6,22,23.7,26.6,22,23.7,16,63.1,0,0,0,,0,0,20.9,12.1,324,1018.4,47.8,9.3,152.8,13.1,7,,2017-10-24T05:55:23,2017-10-24T17:25:53,0.14,Partially cloudy,Partly cloudy throughout the day.,partly-cloudy-day,"48820099999,48823099999,48825099999,48831099999,VVNB"
Hanoi,2017-10-25,28.8,21.3,25,29.3,21.3,25.1,17.8,66,0,0,0,,0,0,13.7,9.4,27.9,1017.9,46,6.6,140.8,12.1,5,,2017-10-25T05:55:49,2017-10-25T17:25:12,0.18,Partially cloudy,Partly cloudy throughout the day.,partly-cloudy-day,"48820099999,48823099999,48825099999,48831099999,VVNB"
Hanoi,2017-10-26,28,23.5,25.5,29,23.5,25.8,20.4,74.2,0.098,100,4.17,rain,0,0,15.1,6.5,342,1016.7,57.3,5.5,155.2,13.4,7,,2017-10-26T05:56:15,2017-10-26T17:24:33,0.21,"Rain, Partially cloudy",Partly cloudy throughout the day with afternoon rain.,rain,"48820099999,48823099999,48825099999,48831099999,VVNB"
Hanoi,2017-10-27,31,22,25.9,33,22,26.5,21.3,77.3,0.4,100,12.5,rain,0,0,22.3,8.5,338.8,1014.6,50.9,5.6,168.6,14.6,7,,2017-10-27T05:56:42,2017-10-27T17:23:54,0.24,"Rain, Partially cloudy",Partly cloudy throughout the day with rain in the morning and afternoon.,rain,"48820099999,48823099999,48825099999,48831099999,VVNB"
Hanoi,2017-10-28,30,24,26.6,34.1,24,28.2,23,81.2,0.4,100,8.33,rain,0,0,21.6,10.3,323.7,1015.3,50.1,6.2,181.1,15.6,7,,2017-10-28T05:57:09,2017-10-28T17:23:17,0.25,"Rain, Partially cloudy",Partly cloudy throughout the day with rain in the morning and afternoon.,rain,"48820099999,48823099999,48825099999,48831099999,VVNB"
Hanoi,2017-10-29,30,22,25.9,31.3,22,26.4,19.8,71,0,0,0,,0,0,33.8,14.8,26.6,1018.3,20.3,7.5,205.7,17.9,8,,2017-10-29T05:57:37,2017-10-29T17:22:41,0.3,Partially cloudy,Partly cloudy throughout the day.,partly-cloudy-day,"48820099999,48823099999,48825099999,48831099999,VVNB"
Hanoi,2017-10-30,27.1,20,23.2,27.4,20,23.3,14.8,60.6,0,0,0,,0,0,37.1,25,23.5,1021.1,1.3,10.6,234.7,20.2,8,,2017-10-30T05:58:05,2017-10-30T17:22:05,0.34,Clear,Clear conditions throughout the day.,clear-day,"48820099999,48823099999,48825099999,48831099999,VVNB"
Hanoi,2017-10-31,27,17.5,22.2,27.3,17.5,22.2,14.1,61.4,0,0,0,,0,0,25.6,12.1,339.1,1019.5,15.9,8.7,213,18.3,8,,2017-10-31T05:58:34,2017-10-31T17:21:31,0.37,Clear,Clear conditions throughout the day.,clear-day,"48820099999,48823099999,48825099999,48831099999,VVNB"
Hanoi,2017-11-01,28,17,22.3,28.3,17,22.3,15.7,68,0,0,0,,0,0,18.4,8.5,319.3,1016.9,8.5,7.7,225,19.4,8,,2017-11-01T05:59:04,2017-11-01T17:20:58,0.4,Clear,Clear conditions throughout the day.,clear-day,"48820099999,48823099999,48825099999,48831099999,VVNB"
Hanoi,2017-11-02,29,18.5,23.4,29.5,18.5,23.5,16.9,68.7,0,0,0,,0,0,27.4,13,313.5,1015.4,3.4,7.3,222.1,19.3,8,,2017-11-02T05:59:34,2017-11-02T17:20:25,0.43,Clear,Clear conditions throughout the day.,clear-day,"48820099999,48823099999,48825099999,48831099999,VVNB"
Hanoi,2017-11-03,29.7,19.5,24.6,29.9,19.5,24.6,16.4,62.9,0,0,0,,0,0,35.3,20.3,346.6,1016.7,11.2,8.9,219.4,19.1,8,,2017-11-03T06:00:04,2017-11-03T17:19:54,0.47,Clear,Clear conditions throughout the day.,clear-day,"48820099999,48823099999,48825099999,48831099999,VVNB"
Hanoi,2017-11-04,29,21.2,25,28.5,21.2,24.8,12.7,47.8,0,0,0,,0,0,37.8,22.3,29.9,1019.4,85,10.1,214.2,18.4,8,,2017-11-04T06:00:35,2017-11-04T17:19:25,0.5,Partially cloudy,Partly cloudy throughout the day.,partly-cloudy-day,"48820099999,48823099999,48825099999,48831099999,VVNB"
Hanoi,2017-11-05,24.5,21,22.6,24.5,21,22.6,14.1,59.4,0.196,100,8.33,rain,0,0,24.1,13.9,350.3,1019.3,71.8,9.2,43.3,3.7,2,,2017-11-05T06:01:07,2017-11-05T17:18:56,0.53,"Rain, Partially cloudy",Partly cloudy throughout the day with rain in the morning and afternoon.,rain,"48820099999,48823099999,48825099999,48831099999,VVNB"
Hanoi,2017-11-06,25.7,20,22.8,25.7,20,22.8,14.6,60.5,0.1,100,4.17,rain,0,0,27.4,11.2,335.5,1016.7,54,9.4,104.6,8.9,4,,2017-11-06T06:01:39,2017-11-06T17:18:28,0.57,"Rain, Partially cloudy",Partly cloudy throughout the day with morning rain.,rain,"48820099999,48823099999,48825099999,48831099999,VVNB"
Hanoi,2017-11-07,24.7,19.7,22,24.7,19.7,22,16.1,69.9,0.012,100,4.17,rain,0,0,32.8,19.4,346.9,1017.6,66.8,9.7,87,7.6,4,,2017-11-07T06:02:11,2017-11-07T17:18:02,0.6,"Rain, Partially cloudy",Partly cloudy throughout the day with late afternoon rain.,rain,"48820099999,48823099999,48825099999,48831099999,VVNB"
Hanoi,2017-11-08,28,20.7,24.1,29.1,20.7,24.3,18.1,70.5,1.979,100,8.33,rain,0,0,27.7,14.8,17.3,1016.5,53.6,8.9,96.4,8.3,4,,2017-11-08T06:02:44,2017-11-08T17:17:37,0.64,"Rain, Partially cloudy",Partly cloudy throughout the day with rain.,rain,"48820099999,48823099999,48825099999,48831099999,VVNB"
Hanoi,2017-11-09,23,21,22,23,21,22,20.2,89.6,2.625,100,12.5,rain,0,0,14.4,8.3,347.8,1015.5,74.3,7.5,26.7,2.1,1,,2017-11-09T06:03:18,2017-11-09T17:17:13,0.67,"Rain, Partially cloudy",Partly cloudy throughout the day with a chance of rain throughout the day.,rain,"48820099999,48823099999,48825099999,48831099999,VVNB"
Hanoi,2017-11-10,27.5,22,24.7,29.6,22,25.2,21.5,82.8,0.197,100,4.17,rain,0,0,18,7.4,346.9,1014.7,67.1,7.7,97.2,8.3,3,,2017-11-10T06:03:51,2017-11-10T17:16:50,0.71,"Rain, Partially cloudy",Partly cloudy throughout the day with early morning rain.,rain,"48820099999,48823099999,48825099999,48831099999,VVNB"
Hanoi,2017-11-11,30,22,25.6,32.6,22,26.5,21.5,79.5,0.2,100,8.33,rain,0,0,16.6,10.2,276.5,1013.4,31.7,5.4,167.9,14.5,7,,2017-11-11T06:04:26,2017-11-11T17:16:29,0.75,"Rain, Partially cloudy",Partly cloudy throughout the day with rain in the morning and afternoon.,rain,"48820099999,48823099999,48825099999,48831099999,VVNB"
Hanoi,2017-11-12,28.1,22,25.1,30.8,22,25.7,22,83.7,0.098,100,4.17,rain,0,0,25.2,16.6,108.6,1011.8,35.2,5.1,161.1,14,6,,2017-11-12T06:05:01,2017-11-12T17:16:09,0.78,"Rain, Partially cloudy",Partly cloudy throughout the day with afternoon rain.,rain,"48820099999,48823099999,48825099999,48831099999,VVNB"
Hanoi,2017-11-13,30.5,22,25.9,33.1,22,27,21.6,78.8,0.4,100,12.5,rain,0,0,22.3,15.7,124.5,1011,25.2,5.7,137.4,12.1,5,,2017-11-13T06:05:36,2017-11-13T17:15:50,0.81,"Rain, Partially cloudy",Partly cloudy throughout the day with rain in the morning and afternoon.,rain,"48820099999,48823099999,48825099999,48831099999,VVNB"
Hanoi,2017-11-14,30.5,23,26.2,32.9,23,27.3,21.9,78.4,0.3,100,12.5,rain,0,0,18,15.7,85.5,1012.4,46.7,8.6,124,10.7,5,,2017-11-14T06:06:12,2017-11-14T17:15:33,0.85,"Rain, Partially cloudy",Partly cloudy throughout the day with rain in the morning and afternoon.,rain,"48820099999,48823099999,48825099999,48831099999,VVNB"
Hanoi,2017-11-15,29.5,23.5,25.9,32.3,23.5,26.7,22.2,80.5,0.005,100,4.17,rain,0,0,21.6,17.5,89.7,1013.8,68.2,8.6,98,8.6,4,,2017-11-15T06:06:48,2017-11-15T17:15:17,0.89,"Rain, Partially cloudy",Partly cloudy throughout the day with afternoon rain.,rain,"48820099999,48823099999,48825099999,48831099999,VVNB"
Hanoi,2017-11-16,30.4,24,26.3,34.8,24,27.7,23.3,84.4,0.202,100,4.17,rain,0,0,28.1,16.6,123.4,1011.7,63.8,7.3,101.6,8.8,4,,2017-11-16T06:07:24,2017-11-16T17:15:02,0.92,"Rain, Partially cloudy",Partly cloudy throughout the day with morning rain.,rain,"48820099999,48823099999,48825099999,48831099999,VVNB"
Hanoi,2017-11-17,33,24,27.7,39.3,24,30.3,23.7,79.8,0,0,0,,0,0,28.8,20.5,113.5,1007.8,43.1,8.5,179.6,15.4,7,,2017-11-17T06:08:01,2017-11-17T17:14:48,0.96,Partially cloudy,Partly cloudy throughout the day.,partly-cloudy-day,"48820099999,48823099999,48825099999,48831099999,VVNB"
Hanoi,2017-11-18,28.5,22,25.4,33.3,22,26.1,21.1,77.8,0.273,100,8.33,rain,0,0,49.7,26.8,48.6,1011.1,84.7,9,62.2,5.4,3,,2017-11-18T06:08:38,2017-11-18T17:14:36,0,"Rain, Partially cloudy",Partly cloudy throughout the day with rain in the morning and afternoon.,rain,"48820099999,48823099999,48825099999,48831099999,VVNB"
Hanoi,2017-11-19,22.4,19,20.3,22.4,19,20.3,15.6,74.6,2.868,100,8.33,rain,0,0,27.4,17.5,54.1,1016.4,84.7,10,30,2.5,1,,2017-11-19T06:09:16,2017-11-19T17:14:25,0.02,"Rain, Partially cloudy",Partly cloudy throughout the day with rain in the morning and afternoon.,rain,"48820099999,48823099999,48825099999,48831099999,VVNB"
Hanoi,2017-11-20,21,18,19.4,21,18,19.4,13.5,69.1,0.9,100,20.83,rain,0,0,28.4,22.3,31.3,1018.7,80.9,10,29.5,2.6,1,,2017-11-20T06:09:53,2017-11-20T17:14:16,0.06,"Rain, Partially cloudy",Partly cloudy throughout the day with rain clearing later.,rain,"48820099999,48823099999,48825099999,48831099999,VVNB"
Hanoi,2017-11-21,20.1,16,18.3,20.1,16,18.3,11.9,66.2,0.1,100,4.17,rain,0,0,20.2,15.7,39.7,1018.5,81.2,10.1,43.4,3.8,2,,2017-11-21T06:10:32,2017-11-21T17:14:08,0.09,"Rain, Partially cloudy",Partly cloudy throughout the day with early morning rain.,rain,"48820099999,48823099999,48825099999,48831099999,VVNB"
Hanoi,2017-11-22,19.5,16.7,18.1,19.5,16.7,18.1,11.8,66.6,0,0,0,,0,0,26.6,20.3,11.4,1019,94.5,10,56.2,4.9,3,,2017-11-22T06:11:10,2017-11-22T17:14:01,0.12,Overcast,Cloudy skies throughout the day.,cloudy,"48820099999,48823099999,48825099999,48831099999,VVNB"
Hanoi,2017-11-23,19.2,15,17.5,19.2,15,17.5,8.5,55.7,0,0,0,,0,0,32.8,23.2,10.5,1022,92.1,10,36.9,3.1,1,,2017-11-23T06:11:48,2017-11-23T17:13:56,0.16,Overcast,Cloudy skies throughout the day.,cloudy,"48820099999,48823099999,48825099999,48831099999,VVNB"
Hanoi,2017-11-24,17.6,13,15.4,17.6,13,15.4,6.7,56.3,0,0,0,,0,0,31.3,22.3,9.5,1024.7,91.3,10.1,55,4.7,2,,2017-11-24T06:12:27,2017-11-24T17:13:52,0.19,Overcast,Cloudy skies throughout the day.,cloudy,"48820099999,48823099999,48825099999,48831099999,VVNB"
Hanoi,2017-11-25,17.4,14,15.1,17.4,14,15.1,8.3,63.8,0.4,100,4.17,rain,0,0,29.5,21.4,3.1,1024,76.6,10.1,102.4,8.9,5,,2017-11-25T06:13:06,2017-11-25T17:13:50,0.22,"Rain, Partially cloudy",Partly cloudy throughout the day with late afternoon rain.,rain,"48820099999,48823099999,48825099999,48831099999,VVNB"
Hanoi,2017-11-26,21.5,14,17.4,21.5,14,17.4,11.3,68.4,0,0,0,,0,0,29.2,10.6,305.9,1022.4,55.1,9.8,165.4,14.3,6,,2017-11-26T06:13:45,2017-11-26T17:13:48,0.25,Partially cloudy,Partly cloudy throughout the day.,partly-cloudy-day,"48820099999,48823099999,48825099999,48831099999,VVNB"
Hanoi,2017-11-27,21.5,16,18.7,21.5,16,18.7,12.8,68.9,0,0,0,,0,0,16.6,9.4,324.9,1017.5,36.6,9.3,186.4,16.1,7,,2017-11-27T06:14:24,2017-11-27T17:13:49,0.25,Partially cloudy,Partly cloudy throughout the day.,partly-cloudy-day,"48820099999,48823099999,48825099999,48831099999,VVNB"
Hanoi,2017-11-28,26,17.7,21.8,26,17.7,21.8,15.3,67.4,0.1,100,4.17,rain,0,0,17.6,9.4,333.4,1016.6,39,8.3,159.5,13.7,6,,2017-11-28T06:15:03,2017-11-28T17:13:50,0.32,"Rain, Partially cloudy",Partly cloudy throughout the day with late afternoon rain.,rain,"48820099999,48823099999,48825099999,48831099999,VVNB"
Hanoi,2017-11-29,25.5,20,22.5,25.5,20,22.5,17.5,73.9,0.116,100,4.17,rain,0,0,16.2,8.5,321.4,1016.4,71.6,7.1,52.7,4.4,2,,2017-11-29T06:15:42,2017-11-29T17:13:53,0.35,"Rain, Partially cloudy",Partly cloudy throughout the day with morning rain.,rain,"48820099999,48823099999,48825099999,48831099999,VVNB"
Hanoi,2017-11-30,28,20,23.7,29.4,20,24,19.5,78.1,0.052,100,4.17,rain,0,0,29.5,11.2,103.9,1015.9,65.1,5.7,126.6,10.9,5,,2017-11-30T06:16:21,2017-11-30T17:13:57,0.39,"Rain, Partially cloudy",Partly cloudy throughout the day with afternoon rain.,rain,"48820099999,48823099999,48825099999,48831099999,VVNB"
Hanoi,2017-12-01,23,21,21.8,23,21,21.8,15.7,68.8,0.196,100,8.33,rain,0,0,25.2,22.3,34.6,1018.1,87.7,9.6,51,4.3,2,,2017-12-01T06:17:00,2017-12-01T17:14:03,0.42,"Rain, Partially cloudy",Partly cloudy throughout the day with rain in the morning and afternoon.,rain,"48820099999,48823099999,48825099999,48831099999,VVNB"
Hanoi,2017-12-02,23,19,20.7,23,19,20.7,14.5,67.9,0,0,0,,0,0,20.2,13,29.9,1018.8,61.5,8.4,83.5,7.1,3,,2017-12-02T06:17:40,2017-12-02T17:14:10,0.45,Partially cloudy,Partly cloudy throughout the day.,partly-cloudy-day,"48820099999,48823099999,48825099999,48831099999,VVNB"
Hanoi,2017-12-03,24,17.8,20.5,24,17.8,20.5,15.7,74.4,0,0,0,,0,0,17.3,10.3,70.9,1017.4,32.1,6.9,125.1,10.7,6,,2017-12-03T06:18:19,2017-12-03T17:14:18,0.5,Partially cloudy,Partly cloudy throughout the day.,partly-cloudy-day,"48820099999,48823099999,48825099999,48831099999,VVNB"
Hanoi,2017-12-04,25.3,18,21.3,25.3,18,21.3,14.6,67.3,0,0,0,,0,0,29.5,17.5,23.7,1018.6,29.1,9.2,174.2,15,7,,2017-12-04T06:18:57,2017-12-04T17:14:28,0.52,Partially cloudy,Partly cloudy throughout the day.,partly-cloudy-day,"48820099999,48823099999,48825099999,48831099999,VVNB"
Hanoi,2017-12-05,24,16,20.1,24,16,20.1,11.9,59.5,0,0,0,,0,0,27.7,18.4,21.5,1019.8,54.8,11.9,138.5,12,6,,2017-12-05T06:19:36,2017-12-05T17:14:39,0.55,Partially cloudy,Clearing in the afternoon.,partly-cloudy-day,"48820099999,48823099999,48825099999,48831099999,VVNB"
Hanoi,2017-12-06,23.5,15,19.8,23.5,15,19.8,13.7,68.5,0,0,0,,0,0,24.1,13,110,1016.2,52.3,8.5,114.4,9.9,5,,2017-12-06T06:20:14,2017-12-06T17:14:51,0.59,Partially cloudy,Partly cloudy throughout the day.,partly-cloudy-day,"48820099999,48823099999,48825099999,48831099999,VVNB"
Hanoi,2017-12-07,21,19,19.8,21,19,19.8,16.9,83.6,0.098,100,4.17,rain,0,0,15.5,11.2,54.7,1016.4,72,4.6,45.2,3.8,2,,2017-12-07T06:20:53,2017-12-07T17:15:04,0.62,"Rain, Partially cloudy",Partly cloudy throughout the day with afternoon rain.,rain,"48820099999,48823099999,48825099999,48831099999,VVNB"
Hanoi,2017-12-08,21,17,18.7,21,17,18.7,14.2,75.5,1.966,100,8.33,rain,0,0,28.4,16.6,17.4,1021.5,82.5,7.9,27.6,2.4,1,,2017-12-08T06:21:31,2017-12-08T17:15:19,0.66,"Rain, Partially cloudy",Partly cloudy throughout the day with rain in the morning and afternoon.,rain,"48820099999,48823099999,48825099999,48831099999,VVNB"
Hanoi,2017-12-09,19.5,16,17.5,19.5,16,17.5,10.9,65.6,0,0,0,,0,0,18,16.6,355.2,1019.7,80.4,9,61.9,5.5,2,,2017-12-09T06:22:08,2017-12-09T17:15:35,0.69,Partially cloudy,Partly cloudy throughout the day.,partly-cloudy-day,"48820099999,48823099999,48825099999,48831099999,VVNB"
Hanoi,2017-12-10,18,16.7,17.3,18,16.7,17.3,13.2,77.2,0.105,100,4.17,rain,0,0,16.2,11.2,17.7,1018.2,78,4.9,72.9,6.2,3,,2017-12-10T06:22:45,2017-12-10T17:15:52,0.75,"Rain, Partially cloudy",Partly cloudy throughout the day with late afternoon rain.,rain,"48820099999,48823099999,48825099999,48831099999,VVNB"
Hanoi,2017-12-11,18.5,16.5,17.3,18.5,16.5,17.3,12.4,73.6,0.396,100,8.33,rain,0,0,14.4,11.2,10.1,1018.3,88,6.8,24.4,2.2,1,,2017-12-11T06:23:22,2017-12-11T17:16:11,0.76,"Rain, Partially cloudy",Partly cloudy throughout the day with rain.,rain,"48820099999,48823099999,48825099999,48831099999,VVNB"
Hanoi,2017-12-12,17,15,15.3,17,15,15.3,13.6,89.7,0.513,100,8.33,rain,0,0,16.2,12.1,16.2,1017.2,79.1,4.7,25.6,2.2,1,,2017-12-12T06:23:59,2017-12-12T17:16:30,0.79,"Rain, Partially cloudy",Partly cloudy throughout the day with rain in the morning and afternoon.,rain,"48820099999,48823099999,48825099999,48831099999,VVNB"
Hanoi,2017-12-13,16.7,15,15.7,16.7,15,15.7,14.6,93.3,0.397,100,8.33,rain,0,0,15.1,9.4,39.7,1015.1,77.3,4.4,28,2.4,1,,2017-12-13T06:24:34,2017-12-13T17:16:51,0.83,"Rain, Partially cloudy",Partly cloudy throughout the day with rain.,rain,"48820099999,48823099999,48825099999,48831099999,VVNB"
Hanoi,2017-12-14,17.1,15.5,16.4,17.1,15.5,16.4,14.3,87.7,0.298,100,8.33,rain,0,0,24.8,14.8,20.1,1016.7,76.7,8.2,32.9,2.9,1,,2017-12-14T06:25:10,2017-12-14T17:17:13,0.86,"Rain, Partially cloudy",Partly cloudy throughout the day with rain.,rain,"48820099999,48823099999,48825099999,48831099999,VVNB"
Hanoi,2017-12-15,19,15,16.7,19,15,16.7,13.1,79.9,0.103,100,12.5,rain,0,0,25.2,15.7,24.2,1019.4,78.8,9.1,42.8,3.8,2,,2017-12-15T06:25:45,2017-12-15T17:17:36,0.9,"Rain, Partially cloudy",Partly cloudy throughout the day with a chance of rain throughout the day.,rain,"48820099999,48823099999,48825099999,48831099999,VVNB"
Hanoi,2017-12-16,21.5,14,17.7,21.5,14,17.7,9.6,59.6,0,0,0,,0,0,32,23.2,15.4,1025,84.6,10.1,86.7,7.6,4,,2017-12-16T06:26:19,2017-12-16T17:18:00,0.93,Partially cloudy,Partly cloudy throughout the day.,partly-cloudy-day,"48820099999,48823099999,48825099999,48831099999,VVNB"
Hanoi,2017-12-17,19.5,12,15.3,19.5,12,15.3,4.9,50.8,0,0,0,,0,0,32,21.2,47.2,1027.6,13.4,9.7,192.1,16.5,7,,2017-12-17T06:26:53,2017-12-17T17:18:25,0.96,Clear,Clear conditions throughout the day.,clear-day,"48820099999,48823099999,48825099999,48831099999,VVNB"
Hanoi,2017-12-18,19,10.9,14.7,19,10.9,14.7,4.4,51.3,0,0,0,,0,0,31.3,19.4,10.6,1027.7,17.9,9.7,193.9,16.7,7,,2017-12-18T06:27:26,2017-12-18T17:18:51,0,Clear,Clear conditions throughout the day.,clear-day,"48820099999,48823099999,48825099999,48831099999,VVNB"
Hanoi,2017-12-19,20,11.5,15.6,20,11.5,15.6,3,44.2,0,0,0,,0,0,40.7,22.3,3.7,1028.4,0.6,10.6,198.7,16.9,7,,2017-12-19T06:27:58,2017-12-19T17:19:18,0.03,Clear,Clear conditions throughout the day.,clear-day,"48820099999,48823099999,48825099999,48831099999,VVNB"
Hanoi,2017-12-20,20.5,10,15.3,20.5,9.5,15.2,2.6,44.7,0,0,0,,0,0,37.4,22.3,7.8,1029.6,10.1,11.3,202.6,17.6,7,,2017-12-20T06:28:29,2017-12-20T17:19:47,0.07,Clear,Clear conditions throughout the day.,clear-day,"48820099999,48823099999,48825099999,48831099999,VVNB"
Hanoi,2017-12-21,22,12,16.8,22,12,16.8,6,51.2,0,0,0,,0,0,21.2,13,305.5,1025.1,24.8,8.8,129.7,11,6,,2017-12-21T06:29:00,2017-12-21T17:20:16,0.1,Partially cloudy,Partly cloudy throughout the day.,partly-cloudy-day,"48820099999,48823099999,48825099999,48831099999,VVNB"
Hanoi,2017-12-22,21,15,17.1,21,15,17.1,8.8,58.8,0,0,0,,0,0,19.8,13,93.5,1019.6,26.9,8.1,135.8,11.8,5,,2017-12-22T06:29:30,2017-12-22T17:20:46,0.13,Partially cloudy,Partly cloudy throughout the day.,partly-cloudy-day,"48820099999,48823099999,48825099999,48831099999,VVNB"
Hanoi,2017-12-23,19,14.5,16.8,19,14.5,16.8,11.2,69.9,0.8,100,16.67,rain,0,0,16.9,11.2,343,1017.1,84.6,6.9,72.8,6.2,3,,2017-12-23T06:29:59,2017-12-23T17:21:16,0.17,"Rain, Partially cloudy",Partly cloudy throughout the day with late afternoon rain.,rain,"48820099999,48823099999,48825099999,48831099999,VVNB"
Hanoi,2017-12-24,24,15,18.8,24,15,18.8,12.2,67.3,0.4,100,8.33,rain,0,0,38.5,17.5,319.8,1020.8,37,8.3,164.2,14.2,7,,2017-12-24T06:30:27,2017-12-24T17:21:48,0.2,"Rain, Partially cloudy",Partly cloudy throughout the day with early morning rain.,rain,"48820099999,48823099999,48825099999,48831099999,VVNB"
Hanoi,2017-12-25,23.5,11.4,17.4,23.5,11.4,17.4,8.6,58.7,0,0,0,,0,0,24.1,13.9,25.1,1019.4,43,8,194.5,16.8,7,,2017-12-25T06:30:55,2017-12-25T17:22:21,0.23,Partially cloudy,Partly cloudy throughout the day.,partly-cloudy-day,"48820099999,48823099999,48825099999,48831099999,VVNB"
Hanoi,2017-12-26,22.5,10.5,17,22.5,10.5,17,10,65,0.4,100,4.17,rain,0,0,19.1,7.6,316.9,1020,41.7,6.6,155.2,13.4,6,,2017-12-26T06:31:21,2017-12-26T17:22:54,0.25,"Rain, Partially cloudy",Partly cloudy throughout the day with late afternoon rain.,rain,"48820099999,48823099999,48825099999,48831099999,VVNB"
Hanoi,2017-12-27,17,14,15.2,17,14,15.2,13.4,89.2,16.982,100,16.67,rain,0,0,27.7,12.1,316.1,1021.2,70.2,4.7,14.1,1.1,1,,2017-12-27T06:31:46,2017-12-27T17:23:28,0.3,"Rain, Partially cloudy",Partly cloudy throughout the day with a chance of rain throughout the day.,rain,"48820099999,48823099999,48825099999,48831099999,VVNB"
Hanoi,2017-12-28,18.3,14,16,18.3,14,16,14.3,89.5,19.895,100,12.5,rain,0,0,15.5,8.5,3.1,1020.8,75.7,5.8,43.2,3.8,2,,2017-12-28T06:32:11,2017-12-28T17:24:02,0.34,"Rain, Partially cloudy",Partly cloudy throughout the day with a chance of rain throughout the day.,rain,"48820099999,48823099999,48825099999,48831099999,VVNB"
Hanoi,2017-12-29,19.3,16,17.7,19.3,16,17.7,15.7,88.3,0.2,100,8.33,rain,0,0,15.1,9.4,24.4,1020.4,82,4.2,23.7,1.8,1,,2017-12-29T06:32:34,2017-12-29T17:24:38,0.37,"Rain, Partially cloudy",Partly cloudy throughout the day with late afternoon rain.,rain,"48820099999,48823099999,48825099999,48831099999,VVNB"
Hanoi,2017-12-30,20,17,18.1,20,17,18.1,15.8,87,2.669,100,12.5,rain,0,0,31.7,17.5,19.8,1022,74.4,6.6,20.8,1.9,1,,2017-12-30T06:32:57,2017-12-30T17:25:14,0.4,"Rain, Partially cloudy",Partly cloudy throughout the day with rain.,rain,"48820099999,48823099999,48825099999,48831099999,VVNB"
Hanoi,2017-12-31,19.5,16.3,17.6,19.5,16.3,17.6,10.6,63.9,0.002,100,4.17,rain,0,0,24.5,14.8,2.9,1022.2,92.3,9.9,50.8,4.5,2,,2017-12-31T06:33:18,2017-12-31T17:25:50,0.44,"Rain, Overcast",Cloudy skies throughout the day with early morning rain.,rain,"48820099999,48823099999,48825099999,48831099999,VVNB"
Hanoi,2018-01-01,19.5,14.8,17.4,19.5,14.8,17.4,13.2,76.8,0,0,0,,0,0,7.2,10.3,51.8,1018.3,81.5,6.7,0,0,0,,2018-01-01T06:33:38,2018-01-01T17:26:27,0.47,Partially cloudy,Partly cloudy throughout the day.,partly-cloudy-day,"48820099999,48823099999,48825099999,48831099999,VVNB"
Hanoi,2018-01-02,18.5,17,17.6,18.5,17,17.6,16.1,91.3,0.1,100,8.33,rain,0,0,14.8,9.4,349.5,1017,91.9,3,19.7,1.2,2,,2018-01-02T06:33:57,2018-01-02T17:27:05,0.5,"Rain, Overcast",Cloudy skies throughout the day with rain.,rain,"48820099999,48823099999,48825099999,48831099999,VVNB"
Hanoi,2018-01-03,22,17,19.4,22,17,19.4,17.9,91.3,0.895,100,8.33,rain,0,0,20.9,12.1,97.3,1016.3,91.9,3.6,61.4,5.3,3,,2018-01-03T06:34:15,2018-01-03T17:27:43,0.54,"Rain, Overcast",Cloudy skies throughout the day with rain.,rain,"48820099999,48823099999,48825099999,48831099999,VVNB"
Hanoi,2018-01-04,21,18,19.6,21,18,19.6,18.7,94.4,0.495,100,12.5,rain,0,0,13,8.3,89.6,1014.3,91.9,3.5,25.2,2.2,1,,2018-01-04T06:34:32,2018-01-04T17:28:21,0.57,"Rain, Overcast",Cloudy skies throughout the day with rain.,rain,"48820099999,48823099999,48825099999,48831099999,VVNB"
Hanoi,2018-01-05,21.7,19.7,20.5,21.7,19.7,20.5,19.4,93.7,0.688,100,8.33,rain,0,0,23,14.8,131.1,1013,91.9,4.5,23.8,2.1,1,,2018-01-05T06:34:47,2018-01-05T17:29:00,0.6,"Rain, Overcast",Cloudy skies throughout the day with rain.,rain,"48820099999,48823099999,48825099999,48831099999,VVNB"
Hanoi,2018-01-06,22,19,20.3,22,19,20.3,18.9,91.7,0.002,100,4.17,rain,0,0,22.7,16.6,136,1011.3,91.9,6.1,35.6,3.2,2,,2018-01-06T06:35:01,2018-01-06T17:29:39,0.64,"Rain, Overcast",Cloudy skies throughout the day with early morning rain.,rain,"48820099999,48823099999,48825099999,48831099999,VVNB"
Hanoi,2018-01-07,22,19,20.4,22,19,20.4,19.2,92.9,0.196,100,8.33,rain,0,0,25.2,15.7,129.5,1010.3,91.9,4.6,53.8,4.6,2,,2018-01-07T06:35:14,2018-01-07T17:30:19,0.67,"Rain, Overcast",Cloudy skies throughout the day with rain.,rain,"48820099999,48823099999,48825099999,48831099999,VVNB"
Hanoi,2018-01-08,21.7,12,17.5,21.7,12,17.5,14.3,82.2,0.493,100,8.33,rain,0,0,55.4,36.2,49.5,1014.5,91.9,6.7,43.7,3.8,2,,2018-01-08T06:35:26,2018-01-08T17:30:59,0.7,"Rain, Overcast",Cloudy skies throughout the day with rain.,rain,"48820099999,48823099999,48825099999,48831099999,VVNB"
Hanoi,2018-01-09,14,9.5,11.9,14,7.5,11.7,5.8,66.8,3.053,100,12.5,rain,0,0,25.2,25.9,9.8,1024.9,92.7,9.8,39.3,3.3,2,,2018-01-09T06:35:37,2018-01-09T17:31:39,0.75,"Rain, Overcast",Cloudy skies throughout the day with a chance of rain throughout the day.,rain,"48820099999,48823099999,48825099999,48831099999,VVNB"
Hanoi,2018-01-10,16,12,13.9,16,12,13.9,5.1,55.7,0,0,0,,0,0,22.7,13,8.8,1026.7,95.6,10,30.5,2.7,2,,2018-01-10T06:35:46,2018-01-10T17:32:19,0.77,Overcast,Cloudy skies throughout the day.,cloudy,"48820099999,48823099999,48825099999,48831099999,VVNB"
Hanoi,2018-01-11,17.1,12,14.6,17.1,12,14.6,5.9,57.2,0,0,0,,0,0,23,15.7,357.5,1026.7,79.4,9.7,35.8,3,2,,2018-01-11T06:35:54,2018-01-11T17:33:00,0.8,Partially cloudy,Partly cloudy throughout the day.,partly-cloudy-day,"48820099999,48823099999,48825099999,48831099999,VVNB"
Hanoi,2018-01-12,18.5,13,15.3,18.5,13,15.3,5.1,51.4,0,0,0,,0,0,19.8,14.8,17.9,1026,80.1,10,87.5,7.5,5,,2018-01-12T06:36:01,2018-01-12T17:33:40,0.84,Partially cloudy,Partly cloudy throughout the day.,partly-cloudy-day,"48820099999,48823099999,48825099999,48831099999,VVNB"
Hanoi,2018-01-13,18,13,15.4,18,13,15.4,7.2,58.8,0,0,0,,0,0,17.3,12.1,66.7,1023.4,84.6,9.4,80.6,6.9,4,,2018-01-13T06:36:06,2018-01-13T17:34:21,0.87,Partially cloudy,Partly cloudy throughout the day.,partly-cloudy-day,"48820099999,48823099999,48825099999,48831099999,VVNB"
Hanoi,2018-01-14,18,14,15.7,18,14,15.7,10.2,70.1,0,0,0,,0,0,16.9,10.3,44.9,1020.9,91.9,8,79.5,6.9,3,,2018-01-14T06:36:11,2018-01-14T17:35:02,0.9,Overcast,Cloudy skies throughout the day.,cloudy,"48820099999,48823099999,48825099999,48831099999,VVNB"
Hanoi,2018-01-15,19.1,15,17.1,19.1,15,17.1,13,77.3,0,0,0,,0,0,23,13,108.5,1016.8,91.5,5.9,91.9,7.9,4,,2018-01-15T06:36:13,2018-01-15T17:35:42,0.94,Overcast,Cloudy skies throughout the day.,cloudy,"48820099999,48823099999,48825099999,48831099999,VVNB"
Hanoi,2018-01-16,19,16,17.6,19,16,17.6,16.3,92.2,0.198,100,12.5,rain,0,0,16.2,9.4,18.2,1014.6,91.9,3.3,46.9,4.1,2,,2018-01-16T06:36:15,2018-01-16T17:36:23,0.97,"Rain, Overcast",Cloudy skies throughout the day with rain.,rain,"48820099999,48823099999,48825099999,48831099999,VVNB"
Hanoi,2018-01-17,22.1,17.7,19.5,22.1,17.7,19.5,16.5,83.4,0.197,100,4.17,rain,0,0,29.2,15.7,124.2,1014.1,82.7,3.8,103.2,8.9,5,,2018-01-17T06:36:15,2018-01-17T17:37:04,0,"Rain, Partially cloudy",Partly cloudy throughout the day with early morning rain.,rain,"48820099999,48823099999,48825099999,48831099999,VVNB"
Hanoi,2018-01-18,22,17,19.4,22,17,19.4,16.2,82.3,0.3,100,12.5,rain,0,0,25.2,14.8,105.6,1014.5,90.9,5.5,57.5,5,2,,2018-01-18T06:36:14,2018-01-18T17:37:44,0.04,"Rain, Overcast",Cloudy skies throughout the day with rain in the morning and afternoon.,rain,"48820099999,48823099999,48825099999,48831099999,VVNB"
Hanoi,2018-01-19,26.5,18.5,21.8,26.5,18.5,21.8,15.8,70.2,0,0,0,,0,0,19.4,12.1,124.7,1016.5,48,7.6,182.9,15.8,7,,2018-01-19T06:36:11,2018-01-19T17:38:25,0.07,Partially cloudy,Partly cloudy throughout the day.,partly-cloudy-day,"48820099999,48823099999,48825099999,48831099999,VVNB"
Hanoi,2018-01-20,21.5,17.5,19.9,21.5,17.5,19.9,18,88.9,0.1,100,4.17,rain,0,0,21.2,14.8,110.9,1014.7,80.3,4.7,60.5,5.3,2,,2018-01-20T06:36:07,2018-01-20T17:39:05,0.11,"Rain, Partially cloudy",Partly cloudy throughout the day with afternoon rain.,rain,"48820099999,48823099999,48825099999,48831099999,VVNB"
Hanoi,2018-01-21,23.5,19,20.7,23.5,19,20.7,18.6,88,0.6,100,20.83,rain,0,0,16.9,13,108.2,1013.4,78,3.6,74,6.3,3,,2018-01-21T06:36:02,2018-01-21T17:39:46,0.14,"Rain, Partially cloudy",Partly cloudy throughout the day with a chance of rain throughout the day.,rain,"48820099999,48823099999,48825099999,48831099999,VVNB"
Hanoi,2018-01-22,25,20,21.4,25,20,21.4,18.6,84.6,1.081,100,8.33,rain,0,0,24.8,20.5,132.6,1012.9,82.9,5.6,49.2,4.3,2,,2018-01-22T06:35:56,2018-01-22T17:40:26,0.18,"Rain, Partially cloudy",Partly cloudy throughout the day with rain in the morning and afternoon.,rain,"48820099999,48823099999,48825099999,48831099999,VVNB"
Hanoi,2018-01-23,26,19,21.4,26,19,21.4,18.2,82.9,0.098,100,4.17,rain,0,0,25.2,17.5,117.6,1012,66.7,6.3,106.5,9.1,5,,2018-01-23T06:35:48,2018-01-23T17:41:06,0.21,"Rain, Partially cloudy",Partly cloudy throughout the day with early morning rain.,rain,"48820099999,48823099999,48825099999,48831099999,VVNB"
Hanoi,2018-01-24,25,19,21.6,25,19,21.6,19,85.6,0.4,100,16.67,rain,0,0,40.3,24.1,120.1,1010.3,73.6,6.5,115.6,9.9,5,,2018-01-24T06:35:39,2018-01-24T17:41:45,0.25,"Rain, Partially cloudy",Partly cloudy throughout the day with rain in the morning and afternoon.,rain,"48820099999,48823099999,48825099999,48831099999,VVNB"
Hanoi,2018-01-25,27.5,21,23.2,29.1,21,23.5,19.9,82.2,0.2,100,8.33,rain,0,0,40,25,126.9,1010.2,80.9,8.6,124,10.6,6,,2018-01-25T06:35:28,2018-01-25T17:42:25,0.25,"Rain, Partially cloudy",Partly cloudy throughout the day with rain clearing later.,rain,"48820099999,48823099999,48825099999,48831099999,VVNB"
Hanoi,2018-01-26,23,19,21.3,23,19,21.3,18.6,84.9,0.098,100,4.17,rain,0,0,37.8,22.3,121.5,1012.6,91.9,8,55.6,4.7,4,,2018-01-26T06:35:16,2018-01-26T17:43:04,0.31,"Rain, Overcast",Cloudy skies throughout the day with morning rain.,rain,"48820099999,48823099999,48825099999,48831099999,VVNB"
Hanoi,2018-01-27,19,16,17.9,19,16,17.9,16.8,93.2,1.093,100,8.33,rain,0,0,24.8,23.2,105.9,1012.1,92.2,3.9,19.4,1.6,1,,2018-01-27T06:35:03,2018-01-27T17:43:43,0.35,"Rain, Overcast",Cloudy skies throughout the day with rain.,rain,"48820099999,48823099999,48825099999,48831099999,VVNB"
Hanoi,2018-01-28,17.9,12,14.6,17.9,12,14.6,12.9,89.7,4.526,100,12.5,rain,0,0,33.5,25,42.5,1013.5,91.9,7.5,23.6,2.1,1,,2018-01-28T06:34:49,2018-01-28T17:44:21,0.38,"Rain, Overcast",Cloudy skies throughout the day with rain.,rain,"48820099999,48823099999,48825099999,48831099999,VVNB"
Hanoi,2018-01-29,14.5,11,12.2,14.5,11,12.2,4.5,59.9,0.31,100,4.17,rain,0,0,28.8,20.5,33.7,1020.9,93.5,10,48.2,4,2,,2018-01-29T06:34:33,2018-01-29T17:44:59,0.42,"Rain, Overcast",Cloudy skies throughout the day with early morning rain.,rain,"48820099999,48823099999,48825099999,48831099999,VVNB"
Hanoi,2018-01-30,13,9.9,11.3,13,8.7,11.2,4.1,61.4,0.1,100,4.17,rain,0,0,22.7,19.4,34.7,1020.4,92,9.6,66.5,5.8,3,,2018-01-30T06:34:16,2018-01-30T17:45:37,0.45,"Rain, Overcast",Cloudy skies throughout the day with morning rain.,rain,"48820099999,48823099999,48825099999,48831099999,VVNB"
Hanoi,2018-01-31,14.4,9.5,11.9,14.4,7.5,11.7,5.2,64.2,0.098,100,4.17,rain,0,0,35.6,18.4,359,1024.4,82.2,9.1,63,5.5,3,,2018-01-31T06:33:58,2018-01-31T17:46:15,0.5,"Rain, Partially cloudy",Partly cloudy throughout the day with early morning rain.,rain,"48820099999,48823099999,48825099999,48831099999,VVNB,remote"
Hanoi,2018-02-01,17,11,14,17,11,14,3.7,51,0,0,0,,0,0,22.3,12.1,68.3,1022.1,61,9.7,171.5,14.8,7,,2018-02-01T06:33:38,2018-02-01T17:46:52,0.52,Partially cloudy,Partly cloudy throughout the day.,partly-cloudy-day,"48820099999,48823099999,48825099999,48831099999,VVNB"
Hanoi,2018-02-02,15.1,13,13.8,15.1,13,13.8,4.8,55,0,0,0,,0,0,33.5,16.6,10.1,1025.6,72.3,9.4,71.4,6,3,,2018-02-02T06:33:18,2018-02-02T17:47:28,0.55,Partially cloudy,Partly cloudy throughout the day.,partly-cloudy-day,"48820099999,48823099999,48825099999,48831099999,VVNB"
Hanoi,2018-02-03,17,12,14.2,17,12,14.2,3.3,48.1,0,0,0,,0,0,28.1,17.5,8.5,1026,66.4,9.9,164.2,14.3,6,,2018-02-03T06:32:56,2018-02-03T17:48:04,0.59,Partially cloudy,Partly cloudy throughout the day.,partly-cloudy-day,"48820099999,48823099999,48825099999,48831099999,VVNB"
Hanoi,2018-02-04,16,12,13.8,16,12,13.8,2.9,48.3,0,0,0,,0,0,25.6,19.4,32.2,1025.4,81.8,10,136.5,11.8,6,,2018-02-04T06:32:32,2018-02-04T17:48:40,0.62,Partially cloudy,Partly cloudy throughout the day.,partly-cloudy-day,"48820099999,48823099999,48825099999,48831099999,VVNB"
Hanoi,2018-02-05,15,11,12.7,15,11,12.7,2.7,50.9,0,0,0,,0,0,31,17.5,6.5,1027.7,78.8,9.8,115.5,10.1,4,,2018-02-05T06:32:08,2018-02-05T17:49:15,0.65,Partially cloudy,Partly cloudy throughout the day.,partly-cloudy-day,"48820099999,48823099999,48825099999,48831099999,VVNB"
Hanoi,2018-02-06,15.5,10,13.3,15.5,10,13.3,1.2,44.8,0,0,0,,0,0,23.4,10.3,61.8,1023.6,83.7,9.8,126.3,10.9,5,,2018-02-06T06:31:42,2018-02-06T17:49:50,0.68,Partially cloudy,Partly cloudy throughout the day.,partly-cloudy-day,"48820099999,48823099999,48825099999,48831099999,VVNB"
Hanoi,2018-02-07,15.4,12,13.8,15.4,12,13.8,2.9,48,0,0,0,,0,0,18.7,13.9,42.7,1021.1,88,9.9,83.9,7.4,3,,2018-02-07T06:31:16,2018-02-07T17:50:25,0.75,Partially cloudy,Partly cloudy throughout the day.,partly-cloudy-day,"48820099999,48823099999,48825099999,48831099999,VVNB"
Hanoi,2018-02-08,17.8,12.9,14.7,17.8,12.9,14.7,1.9,42.4,0,0,0,,0,0,17.6,11.6,52.1,1018.5,72,9.7,181.8,15.7,7,,2018-02-08T06:30:48,2018-02-08T17:50:58,0.75,Partially cloudy,Partly cloudy throughout the day.,partly-cloudy-day,"48820099999,48823099999,48825099999,48831099999,VVNB"
Hanoi,2018-02-09,19.9,10.5,15.2,19.9,10.5,15.2,8.9,66.7,0,0,0,,0,0,22.3,13.9,85.5,1013.9,70,7.2,175.1,15.2,7,,2018-02-09T06:30:19,2018-02-09T17:51:32,0.78,Partially cloudy,Partly cloudy throughout the day.,partly-cloudy-day,"48820099999,48823099999,48825099999,48831099999,VVNB"
Hanoi,2018-02-10,18.5,15.5,16.8,18.5,15.5,16.8,13.9,83.2,0.098,100,4.17,rain,0,0,23.8,13.9,33,1016.6,92.6,4.5,46.1,4,2,,2018-02-10T06:29:49,2018-02-10T17:52:05,0.81,"Rain, Overcast",Cloudy skies throughout the day with late afternoon rain.,rain,"48820099999,48823099999,48825099999,48831099999,VVNB"
Hanoi,2018-02-11,16.5,15,15.7,16.5,15,15.7,9.7,67.5,0.346,100,8.33,rain,0,0,21.6,19.4,37.1,1022.5,91.9,8.7,47.2,4,3,,2018-02-11T06:29:17,2018-02-11T17:52:37,0.85,"Rain, Overcast",Cloudy skies throughout the day with rain.,rain,"48820099999,48823099999,48825099999,48831099999,VVNB"
Hanoi,2018-02-12,15.1,12.9,14.2,15.1,12.9,14.2,9,71.3,0.098,100,4.17,rain,0,0,22.7,14.8,22.3,1026.7,90.2,6.7,39.5,3.3,2,,2018-02-12T06:28:45,2018-02-12T17:53:09,0.88,"Rain, Overcast",Cloudy skies throughout the day with morning rain.,rain,"48820099999,48823099999,48825099999,48831099999,VVNB"
Hanoi,2018-02-13,19.3,14,15.9,19.3,14,15.9,8.9,64,0,0,0,,0,0,18.4,9.4,48.8,1022.7,79.1,6.5,131.2,11.3,6,,2018-02-13T06:28:12,2018-02-13T17:53:41,0.91,Partially cloudy,Partly cloudy throughout the day.,partly-cloudy-day,"48820099999,48823099999,48825099999,48831099999,VVNB"
Hanoi,2018-02-14,22.3,13.9,17.7,22.3,13.9,17.7,13.6,77.4,0,0,0,,0,0,25.9,18.4,111,1016.4,83.8,4.8,206.1,17.6,8,,2018-02-14T06:27:38,2018-02-14T17:54:12,0.95,Partially cloudy,Partly cloudy throughout the day.,partly-cloudy-day,"48820099999,48823099999,48825099999,48831099999,VVNB"
Hanoi,2018-02-15,22,17,19.7,22,17,19.7,16.3,81.1,0,0,0,,0,0,26.6,16.6,107.4,1013.9,91.9,4.5,172.8,15,7,,2018-02-15T06:27:02,2018-02-15T17:54:42,0.98,Overcast,Cloudy skies throughout the day.,cloudy,"48820099999,48823099999,48825099999,48831099999,VVNB"
Hanoi,2018-02-16,24,19,20.7,24,19,20.7,17.9,84.4,0.208,100,12.5,rain,0,0,15.5,10.3,123.1,1014.6,73.7,6.5,94.4,8.2,3,,2018-02-16T06:26:26,2018-02-16T17:55:12,0,"Rain, Partially cloudy",Partly cloudy throughout the day with a chance of rain throughout the day.,rain,"48820099999,48823099999,48825099999,48831099999,VVNB"
Hanoi,2018-02-17,24,19,21.3,24,19,21.3,17.8,81.1,0.3,100,12.5,rain,0,0,28.1,17.5,116.4,1014,88.1,7.6,119.1,10.3,5,,2018-02-17T06:25:49,2018-02-17T17:55:41,0.05,"Rain, Partially cloudy",Partly cloudy throughout the day with a chance of rain throughout the day.,rain,"48820099999,48823099999,48825099999,48831099999,VVNB"
Hanoi,2018-02-18,23,18,20.4,23,18,20.4,17.6,84.2,0.2,100,8.33,rain,0,0,26.6,16.6,116.3,1014.5,83.8,7.4,83.1,7.2,3,,2018-02-18T06:25:11,2018-02-18T17:56:10,0.08,"Rain, Partially cloudy",Partly cloudy throughout the day with afternoon rain.,rain,"48820099999,48823099999,48825099999,48831099999,VVNB"
Hanoi,2018-02-19,24,19.7,21.6,24,19.7,21.6,19.6,88.6,0.297,100,12.5,rain,0,0,25.6,15.7,129.5,1014,90.9,6.6,82.8,7,4,,2018-02-19T06:24:31,2018-02-19T17:56:39,0.12,"Rain, Overcast",Cloudy skies throughout the day with rain.,rain,"48820099999,48823099999,48825099999,48831099999,VVNB"
Hanoi,2018-02-20,25.1,20.3,22.6,25.1,20.3,22.6,20.3,87.1,0.788,100,4.17,rain,0,0,28.8,17.5,134.2,1012.1,91,6.7,86.8,7.5,3,,2018-02-20T06:23:51,2018-02-20T17:57:07,0.15,"Rain, Overcast",Cloudy skies throughout the day with early morning rain.,rain,"48820099999,48823099999,48825099999,48831099999,VVNB"
Hanoi,2018-02-21,24.1,21.1,22.7,24.1,21.1,22.7,20.7,88.9,0.884,100,8.33,rain,0,0,28.1,18.4,132.8,1011.5,92.5,7.7,60.6,5.1,3,,2018-02-21T06:23:11,2018-02-21T17:57:35,0.19,"Rain, Overcast",Cloudy skies throughout the day with rain in the morning and afternoon.,rain,"48820099999,48823099999,48825099999,48831099999"
Hanoi,2018-02-22,22.1,15.7,18.5,22.1,15.7,18.5,16,85.5,2.178,100,12.5,rain,0,0,32.4,24.1,66.9,1015.5,92.7,7.4,29.5,2.5,1,,2018-02-22T06:22:29,2018-02-22T17:58:02,0.22,"Rain, Overcast",Cloudy skies throughout the day with rain.,rain,"48820099999,48823099999,48825099999,48831099999,VVNB"
Hanoi,2018-02-23,18,14.5,15.8,18,14.5,15.8,10,68.6,0.463,100,12.5,rain,0,0,17.6,22.3,69.7,1019.2,88.3,9.9,71.1,6.2,3,,2018-02-23T06:21:47,2018-02-23T17:58:28,0.25,"Rain, Partially cloudy",Partly cloudy throughout the day with a chance of rain throughout the day.,rain,"48820099999,48823099999,48825099999,48831099999,VVNB"
Hanoi,2018-02-24,18,15,16.8,18,15,16.8,14,83.5,0.098,100,4.17,rain,0,0,16.6,9.4,51.5,1017.8,91.9,4.1,163.6,14.2,8,,2018-02-24T06:21:03,2018-02-24T17:58:54,0.29,"Rain, Overcast",Cloudy skies throughout the day with afternoon rain.,rain,"48820099999,48823099999,48825099999,48831099999,VVNB"
Hanoi,2018-02-25,20,17,18.3,20,17,18.3,16.2,87.8,0.889,100,12.5,rain,0,0,23,11.2,326.6,1018.4,91.9,5.4,58,5,3,,2018-02-25T06:20:19,2018-02-25T17:59:20,0.33,"Rain, Overcast",Cloudy skies throughout the day with a chance of rain throughout the day.,rain,"48820099999,48823099999,48825099999,48831099999,VVNB"
Hanoi,2018-02-26,21,17.7,19.2,21,17.7,19.2,16.4,84.1,0.527,100,12.5,rain,0,0,14.4,13.9,86.7,1017.5,91.9,7.6,58.1,4.9,2,,2018-02-26T06:19:35,2018-02-26T17:59:45,0.36,"Rain, Overcast",Cloudy skies throughout the day with a chance of rain throughout the day.,rain,"48820099999,48823099999,48825099999,48831099999,VVNB"
Hanoi,2018-02-27,23,18,19.8,23,18,19.8,18,89.3,0.196,100,8.33,rain,0,0,30.6,18.5,125.2,1013.7,89.3,4.9,54.8,4.8,2,,2018-02-27T06:18:49,2018-02-27T18:00:10,0.4,"Rain, Partially cloudy",Partly cloudy throughout the day with rain.,rain,"48820099999,48823099999,48825099999,48831099999,VVNB"
Hanoi,2018-02-28,25.5,19.7,22.1,25.5,19.7,22.1,19.1,83.7,0.1,100,4.17,rain,0,0,24.1,17.5,134.6,1012.5,91.8,6.1,94.2,7.9,4,,2018-02-28T06:18:03,2018-02-28T18:00:35,0.44,"Rain, Overcast",Cloudy skies throughout the day with afternoon rain.,rain,"48820099999,48823099999,48825099999,48831099999,VVNB"
Hanoi,2018-03-01,27.3,20.7,23.2,29,20.7,23.3,20,82.7,0.098,100,4.17,rain,0,0,36.4,23.2,120.7,1009.4,87,7.2,143.8,12.4,5,,2018-03-01T06:17:16,2018-03-01T18:00:59,0.47,"Rain, Partially cloudy",Partly cloudy throughout the day with morning rain.,rain,"48820099999,48823099999,48825099999,48831099999,VVNB"
Hanoi,2018-03-02,26,21,23.1,26,21,23.1,21.2,89.2,0.1,100,8.33,rain,0,0,27,19.4,122.8,1008,88,5.7,164.5,14.3,7,,2018-03-02T06:16:29,2018-03-02T18:01:22,0.5,"Rain, Partially cloudy",Partly cloudy throughout the day with rain.,rain,"48820099999,48823099999,48825099999,48831099999,VVNB"
Hanoi,2018-03-03,27.8,22,24.1,30.1,22,24.5,21.8,87.4,0.196,100,8.33,rain,0,0,25.9,21.4,113.1,1006.6,86.2,6.9,181.8,15.5,7,,2018-03-03T06:15:41,2018-03-03T18:01:46,0.54,"Rain, Partially cloudy",Partly cloudy throughout the day with rain.,rain,"48820099999,48823099999,48825099999,48831099999,VVNB"
Hanoi,2018-03-04,29.8,23,25.2,34.4,23,26,22.3,84.5,0,0,0,,0,0,25.9,17.5,100.3,1006.1,79.5,6.6,227.5,19.7,9,,2018-03-04T06:14:52,2018-03-04T18:02:08,0.57,Partially cloudy,Partly cloudy throughout the day.,partly-cloudy-day,"48820099999,48823099999,48825099999,48831099999,VVNB"
Hanoi,2018-03-05,30,23,25.7,32.6,23,26.4,21.3,78,0.3,100,12.5,rain,0,0,20.9,19.4,116.5,1009.1,64.3,8.1,218.2,18.9,9,,2018-03-05T06:14:03,2018-03-05T18:02:31,0.6,"Rain, Partially cloudy",Partly cloudy throughout the day with rain clearing later.,rain,"48820099999,48823099999,48825099999,48831099999,VVNB"
Hanoi,2018-03-06,28,23.5,25.3,30.1,23.5,25.7,21.1,78.2,0.002,100,4.17,rain,0,0,39.2,21.2,132.7,1012.1,89.7,9,109.5,9.5,4,,2018-03-06T06:13:14,2018-03-06T18:02:53,0.63,"Rain, Partially cloudy",Partly cloudy throughout the day with early morning rain.,rain,"48820099999,48823099999,48825099999,48831099999,VVNB"
Hanoi,2018-03-07,27.5,22.7,24.7,29.9,22.7,24.9,22.1,86.1,0.203,100,8.33,rain,0,0,45.7,21.4,126.4,1012.9,90.6,7.1,104.1,8.9,5,,2018-03-07T06:12:24,2018-03-07T18:03:15,0.67,"Rain, Overcast",Cloudy skies throughout the day with rain.,rain,"48820099999,48823099999,48825099999,48831099999,VVNB"
Hanoi,2018-03-08,22.1,16,19.3,22.1,16,19.3,12,63.5,4.199,100,12.5,rain,0,0,53.6,33.5,27.1,1020.2,87.2,10,73.1,6.3,3,,2018-03-08T06:11:33,2018-03-08T18:03:36,0.7,"Rain, Partially cloudy",Partly cloudy throughout the day with a chance of rain throughout the day.,rain,"48820099999,48823099999,48825099999,48831099999,VVNB"
Hanoi,2018-03-09,23.5,15.5,19.3,23.5,15.5,19.3,9.5,55,0,0,0,,0,0,31.3,20.5,79.5,1022.3,27.1,10.1,264.3,22.8,9,,2018-03-09T06:10:42,2018-03-09T18:03:58,0.75,Partially cloudy,Partly cloudy throughout the day.,partly-cloudy-day,"48820099999,48823099999,48825099999,48831099999,VVNB"
Hanoi,2018-03-10,23,14,18.4,23,14,18.4,10.4,61,0,0,0,,0,0,29.2,20.5,125,1020.3,10.6,9.8,259.6,22.5,9,,2018-03-10T06:09:51,2018-03-10T18:04:18,0.76,Clear,Clear conditions throughout the day.,clear-day,"48820099999,48823099999,48825099999,48831099999,VVNB"
Hanoi,2018-03-11,23,14.5,18.8,23,14.5,18.8,13.4,71.9,0.9,100,12.5,rain,0,0,20.5,13.9,109.4,1018.9,40.8,7.7,103.5,9,5,,2018-03-11T06:08:59,2018-03-11T18:04:39,0.8,"Rain, Partially cloudy",Partly cloudy throughout the day with afternoon rain.,rain,"48820099999,48823099999,48825099999,48831099999,VVNB"
Hanoi,2018-03-12,21,17,18.9,21,17,18.9,16.4,85.7,0.196,100,8.33,rain,0,0,31.7,13.9,278.1,1017.2,91.2,4.6,110.1,9.7,4,,2018-03-12T06:08:07,2018-03-12T18:04:59,0.83,"Rain, Overcast",Cloudy skies throughout the day with rain in the morning and afternoon.,rain,"48820099999,48823099999,48825099999,48831099999,VVNB"
Hanoi,2018-03-13,23,17.8,19.8,23,17.8,19.8,17.6,87.6,0.306,100,8.33,rain,0,0,37.4,18.4,146.3,1014,84.4,4.9,101.4,8.8,4,,2018-03-13T06:07:14,2018-03-13T18:05:20,0.86,"Rain, Partially cloudy",Partly cloudy throughout the day with rain in the morning and afternoon.,rain,"48820099999,48823099999,48825099999,48831099999,VVNB"
Hanoi,2018-03-14,25,19,21.5,25,19,21.5,18.8,85.2,0.098,100,4.17,rain,0,0,33.1,19.4,123.6,1011.7,83.7,6.6,119.2,10.3,4,,2018-03-14T06:06:21,2018-03-14T18:05:39,0.89,"Rain, Partially cloudy",Partly cloudy throughout the day with afternoon rain.,rain,"48820099999,48823099999,48825099999,48831099999,VVNB"
Hanoi,2018-03-15,27.4,20,23.2,29.1,20,23.4,19.4,79.7,0.6,100,16.67,rain,0,0,28.1,21.4,125.3,1011.7,77.5,7.2,122.7,10.7,5,,2018-03-15T06:05:28,2018-03-15T18:05:59,0.92,"Rain, Partially cloudy",Partly cloudy throughout the day with rain in the morning and afternoon.,rain,"48820099999,48823099999,48825099999,48831099999,VVNB"
Hanoi,2018-03-16,25.3,21,22.7,25.3,21,22.7,20.2,85.6,0.7,100,25,rain,0,0,29.9,19.4,110.5,1012.3,91.9,6.2,79.2,6.8,3,,2018-03-16T06:04:35,2018-03-16T18:06:19,0.96,"Rain, Overcast",Cloudy skies throughout the day with rain in the morning and afternoon.,rain,"48820099999,48823099999,48825099999,48831099999,VVNB"
Hanoi,2018-03-17,27.5,21,23.6,29.5,21,23.8,21.1,86.4,0.112,100,12.5,rain,0,0,41.8,24.1,132,1011.9,90.9,5.6,116.3,10,6,,2018-03-17T06:03:42,2018-03-17T18:06:38,0,"Rain, Overcast",Cloudy skies throughout the day with rain.,rain,"48820099999,48823099999,48825099999,48831099999,VVNB"
Hanoi,2018-03-18,23.5,20.8,22.8,23.5,20.8,22.8,21.6,93.3,19.923,100,16.67,rain,0,0,43.2,21.2,125.8,1011.9,88.8,5.5,81.9,6.9,4,,2018-03-18T06:02:48,2018-03-18T18:06:57,0.02,"Rain, Partially cloudy",Partly cloudy throughout the day with a chance of rain throughout the day.,rain,"48820099999,48823099999,48825099999,48831099999,VVNB"
Hanoi,2018-03-19,28,22,24.6,30.9,22,25,21.7,84.6,11.017,100,8.33,rain,0,0,35.3,16.6,106.5,1009.1,90,6.4,178.4,15.3,7,,2018-03-19T06:01:54,2018-03-19T18:07:16,0.06,"Rain, Partially cloudy",Partly cloudy throughout the day with rain clearing later.,rain,"48820099999,48823099999,48825099999,48831099999,VVNB"
Hanoi,2018-03-20,26.7,19,22.7,27.1,19,22.7,16,66.9,0.3,100,4.17,rain,0,0,25.2,24.1,96.1,1013.9,30.8,10.8,280.2,24.1,9,,2018-03-20T06:01:00,2018-03-20T18:07:35,0.1,"Rain, Partially cloudy",Partly cloudy throughout the day with early morning rain.,rain,"48820099999,48823099999,48825099999,48831099999,VVNB"
Hanoi,2018-03-21,24,18,20.7,24,18,20.7,13.1,63.2,0,0,0,,0,0,24.8,18.5,100.7,1017.1,50.4,9,209.3,18.1,7,,2018-03-21T06:00:06,2018-03-21T18:07:53,0.13,Partially cloudy,Partly cloudy throughout the day.,partly-cloudy-day,"48820099999,48823099999,48825099999,48831099999,VVNB"
Hanoi,2018-03-22,24.1,17,20.4,24.1,17,20.4,12.9,63.9,0,0,0,,0,0,19.4,12.1,95.5,1016.2,36.9,7.7,248.8,21.6,9,,2018-03-22T05:59:11,2018-03-22T18:08:12,0.17,Partially cloudy,Partly cloudy throughout the day.,partly-cloudy-day,"48820099999,48823099999,48825099999,48831099999,VVNB"
Hanoi,2018-03-23,25,17,21.1,25,17,21.1,15,68.7,0,0,0,,0,0,27.7,17.5,112.4,1016.4,36.8,7.7,212.1,18.4,8,,2018-03-23T05:58:17,2018-03-23T18:08:30,0.2,Partially cloudy,Partly cloudy throughout the day.,partly-cloudy-day,"48820099999,48823099999,48825099999,48831099999,VVNB"
Hanoi,2018-03-24,24.9,19.6,21.8,24.9,19.6,21.8,16.9,74.1,0,0,0,,0,0,27.7,14.8,127.3,1016,71.8,7.3,143.1,12.5,5,,2018-03-24T05:57:23,2018-03-24T18:08:48,0.25,Partially cloudy,Partly cloudy throughout the day.,partly-cloudy-day,"48820099999,48823099999,48825099999,48831099999,VVNB"
Hanoi,2018-03-25,23.9,20.7,21.9,23.9,20.7,21.9,18.1,79,0,0,0,,0,0,25.6,10.3,96.1,1017.2,89.1,6.7,77.8,6.6,4,,2018-03-25T05:56:28,2018-03-25T18:09:07,0.27,Partially cloudy,Partly cloudy throughout the day.,partly-cloudy-day,"48820099999,48823099999,48825099999,48831099999,VVNB"
Hanoi,2018-03-26,25.1,20.7,22.8,25.1,20.7,22.8,19.4,81.8,0.1,100,4.17,rain,0,0,25.2,14.8,129.1,1017.5,86.9,4.7,202.8,17.6,8,,2018-03-26T05:55:34,2018-03-26T18:09:25,0.31,"Rain, Partially cloudy",Partly cloudy throughout the day with afternoon rain.,rain,"48820099999,48823099999,48825099999,48831099999,VVNB"
Hanoi,2018-03-27,26,21,23.3,26,21,23.3,18.9,77.1,0.3,100,4.17,rain,0,0,27,14.8,131,1015.4,66,6.9,173.3,14.9,7,,2018-03-27T05:54:40,2018-03-27T18:09:43,0.35,"Rain, Partially cloudy",Partly cloudy throughout the day with late afternoon rain.,rain,"48820099999,48823099999,48825099999,48831099999,VVNB"
Hanoi,2018-03-28,27.1,21,23.6,28.3,21,23.7,19.3,77.7,1.4,100,20.83,rain,0,0,39.6,20.5,128.2,1012,78.9,7.9,154.1,13.4,5,,2018-03-28T05:53:45,2018-03-28T18:10:01,0.38,"Rain, Partially cloudy",Partly cloudy throughout the day with a chance of rain throughout the day.,rain,"48820099999,48823099999,48825099999,48831099999,VVNB"
Hanoi,2018-03-29,27.7,22,24.4,29.8,22,24.7,20.4,79,0.1,100,4.17,rain,0,0,27.7,17.5,120.9,1011.8,75.3,7.4,147,12.7,5,,2018-03-29T05:52:51,2018-03-29T18:10:19,0.42,"Rain, Partially cloudy",Partly cloudy throughout the day with morning rain.,rain,"48820099999,48823099999,48825099999,48831099999,VVNB"
Hanoi,2018-03-30,27,22.9,24.5,28.8,22.9,24.7,20.5,78.8,0.7,100,16.67,rain,0,0,29.2,15.7,107.2,1013.4,76,7.4,97.1,8.4,5,,2018-03-30T05:51:57,2018-03-30T18:10:37,0.45,"Rain, Partially cloudy",Partly cloudy throughout the day with rain in the morning and afternoon.,rain,"48820099999,48823099999,48825099999,48831099999,VVNB"
Hanoi,2018-03-31,28,21,24.4,29.7,21,24.8,20.2,78.6,0.1,100,4.17,rain,0,0,25.6,14.8,126.6,1013.9,51.4,7.1,191.6,16.8,7,,2018-03-31T05:51:03,2018-03-31T18:10:55,0.5,"Rain, Partially cloudy",Partly cloudy throughout the day with afternoon rain.,rain,"48820099999,48823099999,48825099999,48831099999,VVNB"
Hanoi,2018-04-01,28,22,24.7,29.7,22,25,20,76.2,0,0,0,,0,0,29.5,14.8,122.9,1013.5,59.3,7.6,189.7,16.4,6,,2018-04-01T05:50:09,2018-04-01T18:11:13,0.52,Partially cloudy,Partly cloudy throughout the day.,partly-cloudy-day,"48820099999,48823099999,48825099999,48831099999,VVNB"
Hanoi,2018-04-02,30,21,24.9,32.6,21,25.6,20.1,75.9,0,0,0,,0,0,29.5,19.4,113.1,1012.2,51.9,7.3,234,20.1,8,,2018-04-02T05:49:15,2018-04-02T18:11:32,0.55,Partially cloudy,Partly cloudy throughout the day.,partly-cloudy-day,"48820099999,48823099999,48825099999,48831099999,VVNB"
Hanoi,2018-04-03,28,22,24.7,29.4,22,25.1,19.9,76,0,0,0,,0,0,32,20.5,123.2,1011.3,65.4,8.5,182.5,15.8,7,,2018-04-03T05:48:22,2018-04-03T18:11:50,0.59,Partially cloudy,Partly cloudy throughout the day.,partly-cloudy-day,"48820099999,48823099999,48825099999,48831099999,VVNB"
Hanoi,2018-04-04,28.1,21.5,24.7,30,21.5,25.1,20.3,77.5,0,0,0,,0,0,34.9,22.3,127.2,1010.7,75.3,7.9,198.7,17.3,8,,2018-04-04T05:47:29,2018-04-04T18:12:08,0.62,Partially cloudy,Partly cloudy throughout the day.,partly-cloudy-day,"48820099999,48823099999,48825099999,48831099999,VVNB"
Hanoi,2018-04-05,28,22,24.9,29.7,22,25.2,20.3,76.2,0.098,100,4.17,rain,0,0,34.6,18.4,128.4,1009,71.8,8.9,152.3,13.2,5,,2018-04-05T05:46:36,2018-04-05T18:12:26,0.65,"Rain, Partially cloudy",Partly cloudy throughout the day with early morning rain.,rain,"48820099999,48823099999,48825099999,48831099999,VVNB"
Hanoi,2018-04-06,24,19,21.4,24,19,21.4,16.5,74.3,12.255,100,12.5,rain,0,0,56.5,31.5,30.4,1016.4,86.2,8.9,63,5.4,2,,2018-04-06T05:45:43,2018-04-06T18:12:45,0.68,"Rain, Partially cloudy",Partly cloudy throughout the day with rain.,rain,"48820099999,48823099999,48825099999,48831099999,VVNB"
Hanoi,2018-04-07,22.1,16,19.7,22.1,16,19.7,8.4,49,0.017,100,4.17,rain,0,0,40.7,21.4,26.4,1025.2,76.6,9.9,96.4,8.3,4,,2018-04-07T05:44:51,2018-04-07T18:13:03,0.71,"Rain, Partially cloudy",Partly cloudy throughout the day with early morning rain.,rain,"48820099999,48823099999,48825099999,48831099999,VVNB"
Hanoi,2018-04-08,25,14,19.7,25,14,19.7,11.3,61,0,0,0,,0,0,19.1,17.6,115.6,1020.4,35.9,8.9,275.5,23.8,10,,2018-04-08T05:43:59,2018-04-08T18:13:22,0.75,Partially cloudy,Partly cloudy throughout the day.,partly-cloudy-day,"48820099999,48823099999,48825099999,48831099999,VVNB"
Hanoi,2018-04-09,27,15.5,21.2,27.2,15.5,21.2,14.3,66.5,0,0,0,,0,0,40,21.4,107.1,1015.4,29.3,8.6,239.7,20.9,9,,2018-04-09T05:43:07,2018-04-09T18:13:41,0.78,Partially cloudy,Partly cloudy throughout the day.,partly-cloudy-day,"48820099999,48823099999,48825099999,48831099999,VVNB"
Hanoi,2018-04-10,26,19,22.5,26,19,22.5,18.2,77.5,0,0,0,,0,0,38.5,21.4,128.2,1011.9,77.4,8,159.4,14,5,,2018-04-10T05:42:16,2018-04-10T18:14:00,0.81,Partially cloudy,Partly cloudy throughout the day.,partly-cloudy-day,"48820099999,48823099999,48825099999,48831099999,VVNB"
Hanoi,2018-04-11,27.5,22,24.1,30.2,22,24.5,21.6,86.3,0.198,100,8.33,rain,0,0,32.8,18.4,134.1,1009,90.7,6.5,167.2,14.5,6,,2018-04-11T05:41:25,2018-04-11T18:14:19,0.84,"Rain, Overcast",Cloudy skies throughout the day with rain in the morning and afternoon.,rain,"48820099999,48823099999,48825099999,48831099999,VVNB"
Hanoi,2018-04-12,27,23.5,25,29.6,23.5,25.3,22.8,88.2,0.196,100,8.33,rain,0,0,28.8,16.6,129.5,1006.7,91.6,6.3,198.4,17.1,8,,2018-04-12T05:40:35,2018-04-12T18:14:38,0.88,"Rain, Overcast",Cloudy skies throughout the day with rain in the morning and afternoon.,rain,"48820099999,48823099999,48825099999,48831099999,VVNB"
Hanoi,2018-04-13,26.6,24,25.2,26.6,24,25.2,23.8,92.1,0.098,100,4.17,rain,0,0,30.6,13,112.9,1007.4,91.5,5,233.1,20,9,,2018-04-13T05:39:45,2018-04-13T18:14:57,0.91,"Rain, Overcast",Cloudy skies throughout the day with morning rain.,rain,"48820099999,48823099999,48825099999,48831099999,VVNB"
Hanoi,2018-04-14,27.5,24,25.4,31,24,25.9,23.8,91.4,0.197,100,4.17,rain,0,0,45,14.8,90.1,1008.3,91.1,5.4,202.1,17.4,7,,2018-04-14T05:38:55,2018-04-14T18:15:16,0.94,"Rain, Overcast",Cloudy skies throughout the day with late afternoon rain.,rain,"48820099999,48823099999,48825099999,48831099999,VVNB"
Hanoi,2018-04-15,24.5,19.5,21.7,24.5,19.5,21.7,16.9,74.5,13.454,100,12.5,rain,0,0,33.5,21.4,40.6,1014.1,91.6,9.9,91.7,7.9,3,,2018-04-15T05:38:06,2018-04-15T18:15:36,0.97,"Rain, Overcast",Cloudy skies throughout the day with a chance of rain throughout the day.,rain,"48820099999,48823099999,48825099999,48831099999,VVNB"
Hanoi,2018-04-16,24,18,20.7,24,18,20.7,17.3,81.7,2.953,100,12.5,rain,0,0,23.8,16.6,341.7,1016.4,71.9,9.1,88.3,7.6,3,,2018-04-16T05:37:18,2018-04-16T18:15:56,0,"Rain, Partially cloudy",Partly cloudy throughout the day with a chance of rain throughout the day.,rain,"48820099999,48823099999,48825099999,48831099999,VVNB"
Hanoi,2018-04-17,26.6,20,22.7,26.6,20,22.7,18.2,76.9,0,0,0,,0,0,15.5,14.8,90,1016.4,42,7.2,170.3,14.7,6,,2018-04-17T05:36:30,2018-04-17T18:16:16,0.04,Partially cloudy,Partly cloudy throughout the day.,partly-cloudy-day,"48820099999,48823099999,48825099999,48831099999,VVNB"
Hanoi,2018-04-18,27.9,19,23.1,28.6,19,23.3,17.6,72.3,0,0,0,,0,0,18.7,15.7,116.4,1014.3,54.8,6.7,204.9,17.7,8,,2018-04-18T05:35:42,2018-04-18T18:16:36,0.08,Partially cloudy,Partly cloudy throughout the day.,partly-cloudy-day,"48820099999,48823099999,48825099999,48831099999,VVNB"
Hanoi,2018-04-19,27.5,20.5,23.8,28.9,20.5,24,20,80.1,0.4,100,8.33,rain,0,0,31.7,14.8,112,1011.5,61.1,6.1,197.9,17,7,,2018-04-19T05:34:55,2018-04-19T18:16:56,0.11,"Rain, Partially cloudy",Partly cloudy throughout the day with afternoon rain.,rain,"48820099999,48823099999,48825099999,48831099999,VVNB"
Hanoi,2018-04-20,31,22.7,25.8,34.6,22.7,26.7,21.8,79.7,0.1,100,4.17,rain,0,0,37.1,21.4,145.1,1009.6,65,8.1,145.6,12.6,5,,2018-04-20T05:34:09,2018-04-20T18:17:17,0.15,"Rain, Partially cloudy",Partly cloudy throughout the day with morning rain.,rain,"48820099999,48823099999,48825099999,48831099999,VVNB"
Hanoi,2018-04-21,31,24,26.9,36,24,28.6,23.3,81.7,0.4,100,12.5,rain,0,0,35.3,27.7,135.2,1008.1,90.6,9.2,166.6,14.6,5,,2018-04-21T05:33:23,2018-04-21T18:17:38,0.18,"Rain, Overcast",Cloudy skies throughout the day with rain in the morning and afternoon.,rain,"48820099999,48823099999,48825099999,48831099999,VVNB"
Hanoi,2018-04-22,30,25,26.8,35.8,25,28.3,23.6,82.9,0,0,0,,0,0,33.1,22.3,126.4,1006.8,91.6,9.3,218.6,18.7,8,,2018-04-22T05:32:38,2018-04-22T18:17:59,0.22,Overcast,Cloudy skies throughout the day.,cloudy,"48820099999,48823099999,48825099999,48831099999,VVNB"
Hanoi,2018-04-23,30.5,25,27,35.8,25,28.8,24.1,84.5,0,0,0,,0,0,27,20.3,113.5,1005.4,88,7.9,231.8,20,9,,2018-04-23T05:31:54,2018-04-23T18:18:20,0.25,Partially cloudy,Partly cloudy throughout the day.,partly-cloudy-day,"48820099999,48823099999,48825099999,48831099999,VVNB"
Hanoi,2018-04-24,29,25.6,27.2,33.6,25.6,29.7,24.1,83.4,0.197,100,4.17,rain,0,0,25.6,13.9,128.3,1007.7,91.3,7.5,113.7,9.9,5,,2018-04-24T05:31:11,2018-04-24T18:18:42,0.29,"Rain, Overcast",Cloudy skies throughout the day with morning rain.,rain,"48820099999,48823099999,48825099999,48831099999,VVNB"
Hanoi,2018-04-25,27,22,24,29.9,22,24.1,22.8,93,49.602,100,12.5,rain,0,0,24.5,16.6,92,1009.7,91.4,6.7,46.5,4.1,2,,2018-04-25T05:30:28,2018-04-25T18:19:03,0.33,"Rain, Overcast",Cloudy skies throughout the day with rain.,rain,"48820099999,48823099999,48825099999,48831099999,VVNB"
Hanoi,2018-04-26,28.4,23,25.2,31.9,23,26,22.1,83.5,0.002,100,4.17,rain,0,0,22,14.8,73.3,1011.4,90.1,7.1,94.3,8.1,4,,2018-04-26T05:29:46,2018-04-26T18:19:25,0.36,"Rain, Overcast",Cloudy skies throughout the day with morning rain.,rain,"48820099999,48823099999,48825099999,48831099999,VVNB"
Hanoi,2018-04-27,25,22,23.5,25,22,23.5,20.9,85.9,76.846,100,8.33,rain,0,0,22.3,13.9,344.8,1014.7,91.6,8.9,61.3,5.2,3,,2018-04-27T05:29:04,2018-04-27T18:19:47,0.4,"Rain, Overcast",Cloudy skies throughout the day with rain in the morning and afternoon.,rain,"48820099999,48823099999,48825099999,48831099999,VVNB"
Hanoi,2018-04-28,26.4,23,24.4,26.4,23,24.4,22.5,89.3,0.786,100,8.33,rain,0,0,16.9,8.5,75.8,1013.5,89.4,7,138.6,12,5,,2018-04-28T05:28:24,2018-04-28T18:20:10,0.43,"Rain, Partially cloudy",Partly cloudy throughout the day with rain.,rain,"48820099999,48823099999,48825099999,48831099999,VVNB"
Hanoi,2018-04-29,28,23.7,25.3,31.3,23.7,25.8,23.1,87.6,0.098,100,4.17,rain,0,0,22,13.9,123.4,1011,79,5.8,76.1,6.7,3,,2018-04-29T05:27:44,2018-04-29T18:20:32,0.47,"Rain, Partially cloudy",Partly cloudy throughout the day with afternoon rain.,rain,"48820099999,48823099999,48825099999,48831099999,VVNB"
Hanoi,2018-04-30,32,23,27.2,37.3,23,29.3,23.2,80,0.017,100,4.17,rain,0,0,29.2,19.4,122.4,1010,72.3,7.8,194.2,16.7,7,,2018-04-30T05:27:05,2018-04-30T18:20:55,0.5,"Rain, Partially cloudy",Partly cloudy throughout the day with morning rain.,rain,"48820099999,48823099999,48825099999,48831099999,VVNB"
Hanoi,2018-05-01,33,25,28.4,40.6,25,32.1,24.5,80.5,0.5,100,20.83,rain,0,0,21.6,17.5,119.3,1009.9,73.7,9.5,220,19.1,8,,2018-05-01T05:26:26,2018-05-01T18:21:18,0.54,"Rain, Partially cloudy",Partly cloudy throughout the day with rain in the morning and afternoon.,rain,"48820099999,48823099999,48825099999,48831099999,VVNB"
Hanoi,2018-05-02,29.8,23.5,26.2,36.2,23.5,28.2,24.8,92.5,0.098,100,4.17,rain,0,0,19.8,16.6,82.7,1011.4,82,7.1,169.1,14.6,8,,2018-05-02T05:25:49,2018-05-02T18:21:41,0.57,"Rain, Partially cloudy",Partly cloudy throughout the day with afternoon rain.,rain,"48820099999,48823099999,48825099999,48831099999,VVNB"
Hanoi,2018-05-03,28.7,24,26.2,32.4,24,28,23.4,85.4,4.22,100,12.5,rain,0,0,24.1,11.2,77.5,1013.4,83.8,8.2,153.2,13.3,5,,2018-05-03T05:25:13,2018-05-03T18:22:05,0.6,"Rain, Partially cloudy",Partly cloudy throughout the day with a chance of rain throughout the day.,rain,"48820099999,48823099999,48825099999,48831099999,VVNB"
Hanoi,2018-05-04,32,25,27.8,37.9,25,30.4,23.8,79.8,0.688,100,4.17,rain,0,0,31.7,20.3,130.7,1011.7,77.5,8.3,181.1,15.6,7,,2018-05-04T05:24:37,2018-05-04T18:22:28,0.63,"Rain, Partially cloudy",Partly cloudy throughout the day with morning rain.,rain,"48820099999,48823099999,48825099999,48831099999,VVNB"
Hanoi,2018-05-05,31.5,25.5,27.8,37.8,25.5,30.9,24.8,84.3,2.105,100,8.33,rain,0,0,37.8,22.3,137.8,1011,65.6,9.1,213.6,18.3,8,,2018-05-05T05:24:02,2018-05-05T18:22:52,0.67,"Rain, Partially cloudy",Partly cloudy throughout the day with rain.,rain,"48820099999,48823099999,48825099999,48831099999,VVNB"
Hanoi,2018-05-06,33.6,26.5,29.2,42.1,26.5,34.7,25.5,81.5,0.017,100,4.17,rain,0,0,32,24.1,127.4,1007.5,57.8,10.5,260.7,22.6,9,,2018-05-06T05:23:29,2018-05-06T18:23:16,0.7,"Rain, Partially cloudy",Partly cloudy throughout the day with afternoon rain.,rain,"48820099999,48823099999,48825099999,48831099999,VVNB"
Hanoi,2018-05-07,36.9,26.9,31.3,45.4,30.9,37.9,25.4,73.4,0,0,0,,0,0,28.4,15.7,142.5,1003.3,36.4,11.1,290,25.2,10,,2018-05-07T05:22:56,2018-05-07T18:23:40,0.73,Partially cloudy,Partly cloudy throughout the day.,partly-cloudy-day,"48820099999,48823099999,48825099999,48831099999,VVNB"
Hanoi,2018-05-08,34.9,27,30.5,44.2,30.9,37,25.4,75.3,0.003,100,4.17,rain,0,0,38.2,21.4,80.7,1004.1,38,10.2,247.6,21.4,8,,2018-05-08T05:22:24,2018-05-08T18:24:05,0.75,"Rain, Partially cloudy",Partly cloudy throughout the day with late afternoon rain.,rain,"48820099999,48823099999,48825099999,48831099999,VVNB"
Hanoi,2018-05-09,33.6,26.7,29.7,43.2,28.7,35.8,25.1,77.1,19.4,100,45.83,rain,0,0,29.2,25,121.2,1007.3,72,8.8,136.1,11.9,6,,2018-05-09T05:21:53,2018-05-09T18:24:29,0.8,"Rain, Partially cloudy",Partly cloudy throughout the day with a chance of rain throughout the day.,rain,"48820099999,48823099999,48825099999,48831099999,VVNB"
Hanoi,2018-05-10,31.5,24,27.6,36.8,24,30.2,23.5,79.4,0.767,100,8.33,rain,0,0,25.6,22.3,114.9,1009.7,71.5,10,94.6,8.1,5,,2018-05-10T05:21:23,2018-05-10T18:24:54,0.83,"Rain, Partially cloudy",Partly cloudy throughout the day with rain clearing later.,rain,"48820099999,48823099999,48825099999,48831099999,VVNB"
Hanoi,2018-05-11,32,24,27.9,39.8,24,31.9,24.8,84.1,4.913,100,4.17,rain,0,0,29.5,27.7,132.9,1008.8,80.2,9.5,161.8,13.8,6,,2018-05-11T05:20:54,2018-05-11T18:25:19,0.86,"Rain, Partially cloudy",Partly cloudy throughout the day with late afternoon rain.,rain,"48820099999,48823099999,48825099999,48831099999,VVNB"
Hanoi,2018-05-12,32.2,23.4,27.1,38.1,23.4,29.4,23.7,82.9,3,100,4.17,rain,0,0,23,22.3,112.3,1009.4,69.2,8.7,188.3,16.1,7,,2018-05-12T05:20:26,2018-05-12T18:25:44,0.89,"Rain, Partially cloudy",Partly cloudy throughout the day with early morning rain.,rain,"48820099999,48823099999,48825099999,48831099999,VVNB"
Hanoi,2018-05-13,31,23,26.6,37.1,23,28.9,23.8,85.5,106.934,100,8.33,rain,0,0,22,17.6,110,1009.8,75.9,8.8,179.7,15.5,8,,2018-05-13T05:19:59,2018-05-13T18:26:09,0.93,"Rain, Partially cloudy",Partly cloudy throughout the day with rain.,rain,"48820099999,48823099999,48825099999,48831099999,VVNB"
Hanoi,2018-05-14,34,25,28.9,41.3,25,32.8,24.7,79.5,2.948,100,4.17,rain,0,0,44.6,24.1,123.7,1007.8,56.9,8.7,264,22.8,9,,2018-05-14T05:19:33,2018-05-14T18:26:34,0.96,"Rain, Partially cloudy",Partly cloudy throughout the day with early morning rain.,rain,"48820099999,48823099999,48825099999,48831099999,VVNB"
Hanoi,2018-05-15,35.5,24,29.4,44.8,24,34.2,24.4,75.9,0.017,100,4.17,rain,0,0,32,24.1,128.7,1004.8,28.3,10.2,299.3,25.7,10,,2018-05-15T05:19:08,2018-05-15T18:27:00,0,"Rain, Partially cloudy",Partly cloudy throughout the day with early morning rain.,rain,"48820099999,48823099999,48825099999,48831099999,VVNB"
Hanoi,2018-05-16,35,27,30.4,44.9,31.2,37.3,25.8,77.8,0,0,0,,0,0,34.9,25,126.2,1004.1,40.4,10.8,299.3,25.7,10,,2018-05-16T05:18:44,2018-05-16T18:27:25,0.03,Partially cloudy,Partly cloudy throughout the day.,partly-cloudy-day,"48820099999,48823099999,48825099999,48831099999,VVNB"
Hanoi,2018-05-17,36,27,30.6,48.1,30.1,37.5,25.5,75.4,0.003,100,4.17,rain,0,0,25.2,22.1,113.5,1003.9,39.4,11.8,292.8,25.4,9,,2018-05-17T05:18:21,2018-05-17T18:27:50,0.06,"Rain, Partially cloudy",Partly cloudy throughout the day with late afternoon rain.,rain,"48820099999,48823099999,48825099999,48831099999,VVNB"
Hanoi,2018-05-18,36,24,29.6,47.2,24,34.5,24.8,77.3,0.1,100,4.17,rain,0,0,29.9,25.9,117.7,1004.4,53.2,10.3,293.2,25.5,9,,2018-05-18T05:17:59,2018-05-18T18:28:16,0.1,"Rain, Partially cloudy",Partly cloudy throughout the day with late afternoon rain.,rain,"48820099999,48823099999,48825099999,48831099999,VVNB"
Hanoi,2018-05-19,34.5,24,28.7,44.2,24,32.3,24.3,78.9,3.944,100,4.17,rain,0,0,24.1,19.4,101.8,1005.2,42.2,9.8,295.7,25.4,10,,2018-05-19T05:17:39,2018-05-19T18:28:42,0.13,"Rain, Partially cloudy",Partly cloudy throughout the day with early morning rain.,rain,"48820099999,48823099999,48825099999,48831099999,VVNB"
Hanoi,2018-05-20,34.5,26,29.9,44.2,26,35.7,25.3,77.7,19.65,100,4.17,rain,0,0,27,26.8,121.4,1005.8,53.2,9.5,228,19.7,7,,2018-05-20T05:17:19,2018-05-20T18:29:07,0.17,"Rain, Partially cloudy",Partly cloudy throughout the day with early morning rain.,rain,"48820099999,48823099999,48825099999,48831099999,VVNB"
Hanoi,2018-05-21,33.1,26,29.2,41.4,26,34.6,25.1,79.5,4,100,33.33,rain,0,0,26.6,23.2,129.2,1007.3,65.6,10.5,172.6,14.9,7,,2018-05-21T05:17:00,2018-05-21T18:29:33,0.2,"Rain, Partially cloudy",Partly cloudy throughout the day with a chance of rain throughout the day.,rain,"48820099999,48823099999,48825099999,48831099999,VVNB"
Hanoi,2018-05-22,33.5,26,29.7,41.3,26,33.9,24.3,74,1.5,100,29.17,rain,0,0,26.6,18.5,126.3,1008.8,38,11.2,244.4,21.2,9,,2018-05-22T05:16:43,2018-05-22T18:29:58,0.25,"Rain, Partially cloudy",Partly cloudy throughout the day with rain in the morning and afternoon.,rain,"48820099999,48823099999,48825099999,48831099999,VVNB"
Hanoi,2018-05-23,34.5,26,30,41.2,26,34.4,24.2,72.6,0.1,100,4.17,rain,0,0,23.8,16.6,131,1008.7,39.3,11.4,272.2,23.6,8,,2018-05-23T05:16:26,2018-05-23T18:30:24,0.27,"Rain, Partially cloudy",Partly cloudy throughout the day with early morning rain.,rain,"48820099999,48823099999,48825099999,48831099999,VVNB"
Hanoi,2018-05-24,34.5,26,30.2,43.4,26,36.1,25.2,76.2,0,0,0,,0,0,33.5,25.9,133,1006.4,35.9,11.2,244.6,21.1,8,,2018-05-24T05:16:11,2018-05-24T18:30:49,0.31,Partially cloudy,Partly cloudy throughout the day.,partly-cloudy-day,"48820099999,48823099999,48825099999,48831099999,VVNB"
Hanoi,2018-05-25,36,28,31.5,43.9,33.2,38.3,25.2,70.6,0.1,100,4.17,rain,0,0,34.2,23.2,136.4,1003.9,43.2,10.4,296.2,25.7,9,,2018-05-25T05:15:57,2018-05-25T18:31:15,0.34,"Rain, Partially cloudy",Partly cloudy throughout the day with afternoon rain.,rain,"48820099999,48823099999,48825099999,48831099999,VVNB"
Hanoi,2018-05-26,36.2,27,31.3,46.3,30.4,38.1,25.1,70.9,0.5,100,8.33,rain,0,0,31,22.3,112.9,1004.4,32.2,11.2,277,23.8,9,,2018-05-26T05:15:44,2018-05-26T18:31:40,0.38,"Rain, Partially cloudy",Partly cloudy throughout the day with late afternoon rain.,rain,"48820099999,48823099999,48825099999,48831099999,VVNB"
Hanoi,2018-05-27,34,24,28.4,42.5,24,31.8,24.2,78.8,52.378,100,8.33,rain,0,0,33.1,19.4,40.2,1007.4,74.6,10.6,134.9,11.6,4,,2018-05-27T05:15:32,2018-05-27T18:32:05,0.42,"Rain, Partially cloudy",Partly cloudy throughout the day with rain.,rain,"48820099999,48823099999,48825099999,48831099999,VVNB"
Hanoi,2018-05-28,27.1,24,25.5,29.6,24,25.7,22.8,85.6,21.368,100,12.5,rain,0,0,21.2,12.1,357.7,1009.9,86.7,9.6,125.1,10.8,5,,2018-05-28T05:15:21,2018-05-28T18:32:30,0.45,"Rain, Partially cloudy",Partly cloudy throughout the day with a chance of rain throughout the day.,rain,"48820099999,48823099999,48825099999,48831099999,VVNB"
Hanoi,2018-05-29,33,25,28.2,39.8,25,31.4,24.7,82.4,3,100,37.5,rain,0,0,23.4,20.3,97.6,1008.8,77.3,8,179.4,15.6,6,,2018-05-29T05:15:11,2018-05-29T18:32:55,0.5,"Rain, Partially cloudy",Partly cloudy throughout the day with a chance of rain throughout the day.,rain,"48820099999,48823099999,48825099999,48831099999,VVNB"
Hanoi,2018-05-30,33.5,26,29.6,42,26,34.7,25.5,79.9,24.661,100,8.33,rain,0,0,25.6,19.4,121.5,1008.1,68.2,9.4,257.9,22,9,,2018-05-30T05:15:02,2018-05-30T18:33:19,0.52,"Rain, Partially cloudy",Partly cloudy throughout the day with rain.,rain,"48820099999,48823099999,48825099999,48831099999,VVNB"
Hanoi,2018-05-31,33.5,26,29.6,42,26,35.7,25.9,81.3,0.098,100,4.17,rain,0,0,23.4,16.6,120.4,1008.5,59.7,9.4,194.2,16.6,8,,2018-05-31T05:14:54,2018-05-31T18:33:44,0.55,"Rain, Partially cloudy",Partly cloudy throughout the day with morning rain.,rain,"48820099999,48823099999,48825099999,48831099999,VVNB"
Hanoi,2018-06-01,31.9,24.9,27,41.5,24.9,30.6,25.9,93.6,15.818,100,8.33,rain,0,0,26.3,20.5,89.6,1008.5,70.1,8.1,82.8,7.2,4,,2018-06-01T05:14:47,2018-06-01T18:34:08,0.59,"Rain, Partially cloudy",Partly cloudy throughout the day with rain.,rain,"48820099999,48823099999,48825099999,48831099999,VVNB"
Hanoi,2018-06-02,33,25,27.9,42.1,25,30.8,24.8,84.5,21.8,100,62.5,rain,0,0,28.4,19.4,91.2,1008.3,57.6,9.3,172,15,8,,2018-06-02T05:14:42,2018-06-02T18:34:32,0.62,"Rain, Partially cloudy",Partly cloudy throughout the day with a chance of rain throughout the day.,rain,"48820099999,48823099999,48825099999,48831099999,VVNB"
Hanoi,2018-06-03,33.6,25.8,29.3,42,25.8,34.2,25.3,80.3,1.965,100,4.17,rain,0,0,17.3,18.2,111.5,1006.1,67.7,9.7,201.6,17.4,7,,2018-06-03T05:14:37,2018-06-03T18:34:55,0.65,"Rain, Partially cloudy",Partly cloudy throughout the day with early morning rain.,rain,"48820099999,48823099999,48825099999,48831099999,VVNB"
Hanoi,2018-06-04,33.5,26,29.5,41,26,35.1,25.4,79.7,0.986,100,4.17,rain,0,0,20.5,20.3,33.1,1005.5,52.3,9.3,215.8,18.5,8,,2018-06-04T05:14:34,2018-06-04T18:35:18,0.68,"Rain, Partially cloudy",Partly cloudy throughout the day with afternoon rain.,rain,"48820099999,48823099999,48825099999,48831099999,VVNB"
Hanoi,2018-06-05,32.5,25.7,28.4,36.3,25.7,30.6,22.8,73.1,12.773,100,8.33,rain,0,0,29.9,14.1,331.8,1007,73.3,10.9,180,15.5,8,,2018-06-05T05:14:31,2018-06-05T18:35:41,0.72,"Rain, Partially cloudy",Partly cloudy throughout the day with rain clearing later.,rain,"48820099999,48823099999,48825099999,48831099999,VVNB"
Hanoi,2018-06-06,35.6,25,30.7,43.2,25,34.8,23.8,68.9,0.1,100,4.17,rain,0,0,22,12.6,313.3,1004.4,53.8,11.3,277.4,23.9,8,,2018-06-06T05:14:30,2018-06-06T18:36:04,0.75,"Rain, Partially cloudy",Partly cloudy throughout the day with morning rain.,rain,"48820099999,48823099999,48825099999,48831099999,VVNB"
Hanoi,2018-06-07,36.1,27.5,31.5,43.2,31.7,37.5,24.5,68,0,0,0,,0,0,21.2,13.9,326.2,1002.8,27,8.9,300,26,9,,2018-06-07T05:14:30,2018-06-07T18:36:26,0.75,Partially cloudy,Partly cloudy throughout the day.,partly-cloudy-day,"48820099999,48823099999,48825099999,48831099999,VVNB"
Hanoi,2018-06-08,36.9,27,31.7,42.6,29.4,37.1,23.7,64.1,0,0,0,,0,0,18,11.2,297.6,1000.8,24.1,7.8,295.5,25.6,9,,2018-06-08T05:14:30,2018-06-08T18:36:47,0.82,Partially cloudy,Partly cloudy throughout the day.,partly-cloudy-day,"48820099999,48823099999,48825099999,48831099999,VVNB"
Hanoi,2018-06-09,34,26.7,29.7,45,30,37.2,26.3,82.6,17.994,100,8.33,rain,0,0,26.3,19.6,334.8,1000.8,49.2,6.2,217.5,18.7,8,,2018-06-09T05:14:32,2018-06-09T18:37:08,0.85,"Rain, Partially cloudy",Partly cloudy throughout the day with rain.,rain,"48820099999,48823099999,48825099999,48831099999,VVNB"
Hanoi,2018-06-10,35,26,30.2,44.9,26,36.7,26,79.9,2.194,100,12.5,rain,0,0,29.2,25.9,303.3,1001.7,58,7.7,155.3,13.6,6,,2018-06-10T05:14:35,2018-06-10T18:37:29,0.88,"Rain, Partially cloudy",Partly cloudy throughout the day with rain.,rain,"48820099999,48823099999,48825099999,48831099999,VVNB"
Hanoi,2018-06-11,34.5,25.5,29.1,43.5,25.5,33.9,25.8,84.3,33.002,100,8.33,rain,0,0,20.9,19,117.3,1001.2,66.8,9.5,129.5,11.2,5,,2018-06-11T05:14:38,2018-06-11T18:37:49,0.91,"Rain, Partially cloudy",Partly cloudy throughout the day with rain.,rain,"48820099999,48823099999,48825099999,48831099999,VVNB"
Hanoi,2018-06-12,35,26,30.6,43.9,26,36.6,25.6,76.9,7.972,100,8.33,rain,0,0,23.8,25,217.1,999.5,78.3,9.3,128.6,11.1,4,,2018-06-12T05:14:43,2018-06-12T18:38:09,0.95,"Rain, Partially cloudy",Partly cloudy throughout the day with rain.,rain,"48820099999,48823099999,48825099999,48831099999,VVNB"
Hanoi,2018-06-13,35.5,29,31.8,42.6,32.7,37.9,24.2,64.7,0.098,100,4.17,rain,0,0,36,20.5,213.4,998.2,81.7,10,126.4,10.9,5,,2018-06-13T05:14:48,2018-06-13T18:38:28,0.98,"Rain, Partially cloudy",Partly cloudy throughout the day with early morning rain.,rain,"48820099999,48823099999,48825099999,48831099999,VVNB"
Hanoi,2018-06-14,34,26,30.6,42.7,26,36.6,24.9,72.5,6.8,100,37.5,rain,0,0,24.1,16.6,40.2,999.1,71.8,9.5,161.6,14,6,,2018-06-14T05:14:55,2018-06-14T18:38:46,0,"Rain, Partially cloudy",Partly cloudy throughout the day with a chance of rain throughout the day.,rain,"48820099999,48823099999,48825099999,48831099999,VVNB"
Hanoi,2018-06-15,31.5,23,27.3,37.2,23,29.8,23.6,81.4,20.703,100,8.33,rain,0,0,25.6,13.9,320.3,1001.8,78.9,9.9,173.3,15.1,6,,2018-06-15T05:15:02,2018-06-15T18:39:04,0.05,"Rain, Partially cloudy",Partly cloudy throughout the day with rain clearing later.,rain,"48820099999,48823099999,48825099999,48831099999,VVNB"
Hanoi,2018-06-16,31.5,25.7,28.3,37.8,25.7,32,24.8,81.7,0.295,100,4.17,rain,0,0,24.1,13.9,353.2,1002.4,75.9,8.6,224.7,19.2,8,,2018-06-16T05:15:10,2018-06-16T18:39:21,0.08,"Rain, Partially cloudy",Partly cloudy throughout the day with early morning rain.,rain,"48820099999,48823099999,48825099999,48831099999,VVNB"
Hanoi,2018-06-17,30.5,25.5,28.1,37.1,25.5,32.1,25.4,86.1,2.168,100,12.5,rain,0,0,25.6,15.8,109.9,1001.8,71.1,8.3,157.7,13.5,7,,2018-06-17T05:15:19,2018-06-17T18:39:37,0.12,"Rain, Partially cloudy",Partly cloudy throughout the day with a chance of rain throughout the day.,rain,"48820099999,48823099999,48825099999,48831099999,VVNB"
Hanoi,2018-06-18,34.1,27,30,44.4,31.2,37.7,26.5,82.7,5.1,100,37.5,rain,0,0,27.4,23.2,120.3,999.9,56.5,8.8,184.3,16,6,,2018-06-18T05:15:29,2018-06-18T18:39:53,0.15,"Rain, Partially cloudy",Partly cloudy throughout the day with a chance of rain throughout the day.,rain,"48820099999,48823099999,48825099999,48831099999,VVNB"
Hanoi,2018-06-19,36.3,28,31.1,45.8,33.3,39.6,26.6,78.9,28.788,100,4.17,rain,0,0,23.4,20.3,120,1000.4,56.5,11.2,247.7,21.4,9,,2018-06-19T05:15:40,2018-06-19T18:40:08,0.19,"Rain, Partially cloudy",Partly cloudy throughout the day with late afternoon rain.,rain,"48820099999,48823099999,48825099999,48831099999,VVNB"
Hanoi,2018-06-20,36.6,25,30.9,48.1,25,38.9,26.7,80.6,2.26,100,8.33,rain,0,0,29.9,25,111.3,1002.4,42.7,11,276,24.1,8,,2018-06-20T05:15:51,2018-06-20T18:40:22,0.25,"Rain, Partially cloudy",Partly cloudy throughout the day with rain.,rain,"48820099999,48823099999,48825099999,48831099999,VVNB"
Hanoi,2018-06-21,36.5,27,31.5,47.2,31.8,39.3,26.1,75.3,0.098,100,4.17,rain,0,0,35.6,12.1,132.6,1002,52.1,9.9,230.3,19.9,8,,2018-06-21T05:16:03,2018-06-21T18:40:35,0.26,"Rain, Partially cloudy",Partly cloudy throughout the day with early morning rain.,rain,"48820099999,48823099999,48825099999,48831099999,VVNB"
Hanoi,2018-06-22,37.3,29,33.1,46.1,37.1,41.3,25.6,66.4,0,0,0,,0,0,29.2,13,192.6,1000.7,48.8,10.4,267,23.1,9,,2018-06-22T05:16:17,2018-06-22T18:40:48,0.29,Partially cloudy,Partly cloudy throughout the day.,partly-cloudy-day,"48820099999,48823099999,48825099999,48831099999,VVNB"
Hanoi,2018-06-23,35.6,30,32.7,43.3,34.6,39.8,24.7,63.1,0.1,100,4.17,rain,0,0,32.4,12.1,198.4,999.9,76.5,10.4,189.8,16.4,6,,2018-06-23T05:16:30,2018-06-23T18:41:00,0.33,"Rain, Partially cloudy",Partly cloudy throughout the day with afternoon rain.,rain,"48820099999,48823099999,48825099999,48831099999,VVNB"
Hanoi,2018-06-24,33,28.5,30.8,41,33.6,37.6,25.2,72.8,0.098,100,4.17,rain,0,0,36.7,16.6,133.5,1001,67.6,9.3,153.2,13.2,6,,2018-06-24T05:16:45,2018-06-24T18:41:10,0.36,"Rain, Partially cloudy",Partly cloudy throughout the day with afternoon rain.,rain,"48820099999,48823099999,48825099999,48831099999,VVNB"
Hanoi,2018-06-25,32,24,28.8,38.5,24,33.5,24.9,80.5,5.5,100,41.67,rain,0,0,33.1,19.4,118.3,1002.5,77.9,9.8,82.8,7.1,3,,2018-06-25T05:17:00,2018-06-25T18:41:21,0.4,"Rain, Partially cloudy",Partly cloudy throughout the day with a chance of rain throughout the day.,rain,"48820099999,48823099999,48825099999,48831099999,VVNB"
Hanoi,2018-06-26,31,26,28.2,39.1,26,33,25.9,87.6,0.196,100,8.33,rain,0,0,37.4,15.7,95,1005.8,62.9,9.5,121.1,10.4,4,,2018-06-26T05:17:16,2018-06-26T18:41:30,0.43,"Rain, Partially cloudy",Partly cloudy throughout the day with rain.,rain,"48820099999,48823099999,48825099999,48831099999,VVNB"
Hanoi,2018-06-27,27.9,25,26,32.9,25,27.3,25.3,96,19.651,100,8.33,rain,0,0,31,12.1,95.4,1008.1,72.8,8.9,141.5,12.1,7,,2018-06-27T05:17:32,2018-06-27T18:41:38,0.47,"Rain, Partially cloudy",Partly cloudy throughout the day with rain.,rain,"48820099999,48823099999,48825099999,48831099999,VVNB"
Hanoi,2018-06-28,34,26,29.8,40.6,26,33.8,24.5,75.1,0,0,0,,0,0,34.9,13,142.5,1005.6,43,8.4,289.4,25.1,9,,2018-06-28T05:17:49,2018-06-28T18:41:45,0.5,Partially cloudy,Partly cloudy throughout the day.,partly-cloudy-day,"48820099999,48823099999,48825099999,48831099999,VVNB"
Hanoi,2018-06-29,36,27,31.5,44.1,31.2,38,24.9,69.5,0,0,0,,0,0,27.4,17.5,124,1001.3,46.7,11.5,289.7,25.1,9,,2018-06-29T05:18:07,2018-06-29T18:41:52,0.53,Partially cloudy,Partly cloudy throughout the day.,partly-cloudy-day,"48820099999,48823099999,48825099999,48831099999,VVNB"
Hanoi,2018-06-30,36.9,28,32.4,46.1,34.5,40.2,25.6,69.3,0.4,100,4.17,rain,0,0,29.9,16.6,112.1,999.9,42.6,12.3,293.6,25.2,9,,2018-06-30T05:18:25,2018-06-30T18:41:57,0.57,"Rain, Partially cloudy",Partly cloudy throughout the day with afternoon rain.,rain,"48820099999,48823099999,48825099999,48831099999,VVNB"
Hanoi,2018-07-01,37.5,28,33.1,47.6,34.5,41.9,26,68.2,0.4,100,4.17,rain,0,0,33.1,15.7,132.9,999.6,74.6,12.1,291.1,25,9,,2018-07-01T05:18:44,2018-07-01T18:42:01,0.6,"Rain, Partially cloudy",Partly cloudy throughout the day with late afternoon rain.,rain,"48820099999,48823099999,48825099999,48831099999,VVNB"
Hanoi,2018-07-02,38.4,29,33.7,48.1,37.7,41.9,25.3,63.6,1.4,100,4.17,rain,0,0,36.7,20.3,204.4,997.9,57.4,11.7,296.1,25.7,10,,2018-07-02T05:19:03,2018-07-02T18:42:05,0.63,"Rain, Partially cloudy",Partly cloudy throughout the day with afternoon rain.,rain,"48820099999,48823099999,48825099999,48831099999,VVNB"
Hanoi,2018-07-03,39,31,34.5,47.3,35.5,41.3,24,55.2,0,0,0,,0,0,36.4,20.5,229.4,996.8,76.7,11.7,303.2,26.1,10,,2018-07-03T05:19:22,2018-07-03T18:42:07,0.67,Partially cloudy,Partly cloudy throughout the day.,partly-cloudy-day,"48820099999,48823099999,48825099999,48831099999,VVNB"
Hanoi,2018-07-04,38.9,30.5,34.7,48.8,33.9,41.2,23.6,53.1,0,0,0,,0,0,32.8,15.7,229.7,996.4,61.7,12.6,299.2,25.9,9,,2018-07-04T05:19:43,2018-07-04T18:42:08,0.7,Partially cloudy,Partly cloudy throughout the day.,partly-cloudy-day,"48820099999,48823099999,48825099999,48831099999,VVNB"
Hanoi,2018-07-05,39,30,34.4,49.5,38.1,43.2,25.5,61.1,0.2,100,4.17,rain,0,0,29.2,18.4,128.6,996.7,41.6,12,297.6,25.6,10,,2018-07-05T05:20:03,2018-07-05T18:42:09,0.73,"Rain, Partially cloudy",Partly cloudy throughout the day with late afternoon rain.,rain,"48820099999,48823099999,48825099999,48831099999,VVNB"
Hanoi,2018-07-06,37.7,29,33.3,49.2,35.1,42.3,26,66.5,5.5,100,16.67,rain,0,0,22.7,22.1,91.3,997.6,78.4,11.1,258.6,22.5,9,,2018-07-06T05:20:24,2018-07-06T18:42:08,0.75,"Rain, Partially cloudy",Partly cloudy throughout the day with late afternoon rain.,rain,"48820099999,48823099999,48825099999,48831099999,VVNB"
Hanoi,2018-07-07,34,26,29.8,44.7,26,36.6,26.1,81.7,0.098,100,4.17,rain,0,0,27.7,13.9,62.5,999.5,73.7,9.8,142.2,12.2,6,,2018-07-07T05:20:45,2018-07-07T18:42:06,0.8,"Rain, Partially cloudy",Partly cloudy throughout the day with late afternoon rain.,rain,"48820099999,48823099999,48825099999,48831099999,VVNB"
Hanoi,2018-07-08,31,27,28.9,39,31.5,35.5,26.4,87.1,0.116,100,4.17,rain,0,0,21.6,16.6,105.1,1001.2,65.2,8.8,69.3,5.9,3,,2018-07-08T05:21:07,2018-07-08T18:42:03,0.84,"Rain, Partially cloudy",Partly cloudy throughout the day with afternoon rain.,rain,"48820099999,48823099999,48825099999,48831099999,VVNB"
Hanoi,2018-07-09,32,26,29,40.1,26,35,25.8,83.7,0.487,100,12.5,rain,0,0,25.2,19.4,98.2,1003.4,64.6,9.5,167.1,14.4,8,,2018-07-09T05:21:29,2018-07-09T18:41:59,0.87,"Rain, Partially cloudy",Partly cloudy throughout the day with rain.,rain,"48820099999,48823099999,48825099999,48831099999,VVNB"
Hanoi,2018-07-10,33,25.5,28.9,39.3,25.5,33.1,25.3,82.3,26.667,100,8.33,rain,0,0,23.8,16.7,150.9,1004.1,72.2,9.7,185.4,16,7,,2018-07-10T05:21:51,2018-07-10T18:41:54,0.9,"Rain, Partially cloudy",Partly cloudy throughout the day with rain in the morning and afternoon.,rain,"48820099999,48823099999,48825099999,48831099999,VVNB"
Hanoi,2018-07-11,34.5,26,30.2,40.9,26,34.7,24.7,74.7,0.402,100,8.33,rain,0,0,22.3,9.5,277.9,1002.1,54,9.7,266.9,23.3,9,,2018-07-11T05:22:13,2018-07-11T18:41:48,0.94,"Rain, Partially cloudy",Partly cloudy throughout the day with rain clearing later.,rain,"48820099999,48823099999,48825099999,48831099999,VVNB"
Hanoi,2018-07-12,36,27,31.6,43.9,31.5,38.3,25.2,71,0.5,100,12.5,rain,0,0,20.9,15.7,4,1000.6,48.2,10.1,278.5,24.2,9,,2018-07-12T05:22:36,2018-07-12T18:41:41,0.97,"Rain, Partially cloudy",Partly cloudy throughout the day with rain in the morning and afternoon.,rain,"48820099999,48823099999,48825099999,48831099999,VVNB"
Hanoi,2018-07-13,31.5,26,29.1,39.9,26,34.5,25.4,81.3,0.85,100,12.5,rain,0,0,29.5,14.9,320.3,1001.2,77.6,9.3,192.8,16.7,8,,2018-07-13T05:22:59,2018-07-13T18:41:32,0,"Rain, Partially cloudy",Partly cloudy throughout the day with rain.,rain,"48820099999,48823099999,48825099999,48831099999,VVNB"
Hanoi,2018-07-14,31,25.7,27.7,38.4,25.7,31.8,25.9,90.2,33.785,100,12.5,rain,0,0,20.5,15.7,311.6,1001.2,78.2,8.6,91.5,7.8,3,,2018-07-14T05:23:22,2018-07-14T18:41:23,0.04,"Rain, Partially cloudy",Partly cloudy throughout the day with rain.,rain,"48820099999,48823099999,48825099999,48831099999,VVNB"
Hanoi,2018-07-15,30,25.7,26.9,35.1,25.7,29.5,25.9,94.2,28.392,100,33.33,rain,0,0,28.4,14.4,314.3,1001.5,89.6,9.2,73.4,6.4,3,,2018-07-15T05:23:45,2018-07-15T18:41:12,0.07,"Rain, Partially cloudy",Partly cloudy throughout the day with a chance of rain throughout the day.,rain,"48820099999,48823099999,48825099999,48831099999,VVNB"
Hanoi,2018-07-16,32,26,29,38.5,26,33.1,24.8,79.1,22.215,100,33.33,rain,0,0,33.1,20.5,2.5,1001.3,88.9,9.6,99.5,8.6,4,,2018-07-16T05:24:08,2018-07-16T18:41:00,0.1,"Rain, Partially cloudy",Partly cloudy throughout the day with a chance of rain throughout the day.,rain,"48820099999,48823099999,48825099999,48831099999,VVNB"
Hanoi,2018-07-17,31,26,28.2,36.5,26,32.4,24.5,81,37.223,100,25,rain,0,0,38.2,15.7,339.1,1002,84.2,9.4,91.8,8,4,,2018-07-17T05:24:32,2018-07-17T18:40:47,0.14,"Rain, Partially cloudy",Partly cloudy throughout the day with a chance of rain throughout the day.,rain,"48820099999,48823099999,48825099999,48831099999,VVNB"
Hanoi,2018-07-18,32,26,28,40.7,26,32.2,25.8,88.4,10.702,100,12.5,rain,0,0,42.8,13.9,321.1,1000.7,56.6,9.1,132.3,11.5,7,,2018-07-18T05:24:55,2018-07-18T18:40:33,0.17,"Rain, Partially cloudy",Partly cloudy throughout the day with rain.,rain,"48820099999,48823099999,48825099999,48831099999,VVNB"
Hanoi,2018-07-19,28.5,26,27,35.7,26,30.3,26.2,95.5,32.192,100,16.67,rain,0,0,30.2,25,51.4,1001.8,88.2,9.5,47.7,4.3,2,,2018-07-19T05:25:19,2018-07-19T18:40:18,0.21,"Rain, Partially cloudy",Partly cloudy throughout the day with a chance of rain throughout the day.,rain,"48820099999,48823099999,48825099999,48831099999,VVNB"
Hanoi,2018-07-20,30.2,25,27,39.6,25,29.9,26.3,96,10.825,100,8.33,rain,0,0,21.6,16.6,79.9,1001.8,79.8,8.9,30.9,2.8,2,,2018-07-20T05:25:42,2018-07-20T18:40:02,0.25,"Rain, Partially cloudy",Partly cloudy throughout the day with rain.,rain,"48820099999,48823099999,48825099999,48831099999,VVNB"
Hanoi,2018-07-21,28.5,24.9,26.4,35.7,24.9,29,25.8,96.5,179.129,100,16.67,rain,0,0,32.8,16.4,38.1,1000,89.4,8.2,40.1,3.3,2,,2018-07-21T05:26:06,2018-07-21T18:39:44,0.27,"Rain, Partially cloudy",Partly cloudy throughout the day with a chance of rain throughout the day.,rain,"48820099999,48823099999,48825099999,48831099999,VVNB"
Hanoi,2018-07-22,34.5,26.1,30,42.7,26.1,35.3,24.6,73.8,1.979,100,4.17,rain,0,0,47.5,15.7,346,999.4,74.8,10,216.4,18.8,7,,2018-07-22T05:26:29,2018-07-22T18:39:26,0.31,"Rain, Partially cloudy",Partly cloudy throughout the day with early morning rain.,rain,"48820099999,48823099999,48825099999,48831099999,VVNB"
Hanoi,2018-07-23,35,27,30.1,45.8,29.2,36.4,25.1,75.7,7.9,100,29.17,rain,0,0,28.4,10.8,329.2,998.6,57.3,9.8,266.7,23,9,,2018-07-23T05:26:53,2018-07-23T18:39:06,0.34,"Rain, Partially cloudy",Partly cloudy throughout the day with rain.,rain,"48820099999,48823099999,48825099999,48831099999,VVNB"
Hanoi,2018-07-24,34.8,27,30.1,43.4,30.6,36,25.1,75.9,1.9,100,12.5,rain,0,0,24.1,13,330.5,999.4,57.4,10,205.3,17.6,8,,2018-07-24T05:27:17,2018-07-24T18:38:45,0.38,"Rain, Partially cloudy",Partly cloudy throughout the day with rain.,rain,"48820099999,48823099999,48825099999,48831099999,VVNB"
Hanoi,2018-07-25,32.2,26.7,28.9,40.1,30.3,34.4,25.4,82.4,0.002,100,4.17,rain,0,0,19.8,18,109.3,1000.9,64.3,8.4,160.7,13.8,6,,2018-07-25T05:27:40,2018-07-25T18:38:23,0.41,"Rain, Partially cloudy",Partly cloudy throughout the day with late afternoon rain.,rain,"48820099999,48823099999,48825099999,48831099999,VVNB"
Hanoi,2018-07-26,31.2,25.9,27.8,38.5,25.9,30.8,25.5,88.2,13.454,100,16.67,rain,0,0,28.4,16.6,94.7,1002.8,70.8,9.7,163.1,14.2,7,,2018-07-26T05:28:03,2018-07-26T18:38:00,0.44,"Rain, Partially cloudy",Partly cloudy throughout the day with a chance of rain throughout the day.,rain,"48820099999,48823099999,48825099999,48831099999,VVNB"
Hanoi,2018-07-27,30.5,25.5,26.7,37.9,25.5,28.7,26.1,96.3,44.011,100,16.67,rain,0,0,23.4,13,38.8,1002.9,85.1,9.4,93.7,7.9,4,,2018-07-27T05:28:27,2018-07-27T18:37:36,0.48,"Rain, Partially cloudy",Partly cloudy throughout the day with a chance of rain throughout the day.,rain,"48820099999,48823099999,48825099999,48831099999,VVNB"
Hanoi,2018-07-28,30.2,25,27.3,35.9,25,30.2,25.6,91.1,0.775,100,8.33,rain,0,0,23,15.7,59.7,1002.7,84.3,9.5,105.1,8.9,4,,2018-07-28T05:28:50,2018-07-28T18:37:11,0.5,"Rain, Partially cloudy",Partly cloudy throughout the day with rain.,rain,"48820099999,48823099999,48825099999,48831099999,VVNB"
Hanoi,2018-07-29,31,25.7,27.7,37.7,25.7,30.8,25.3,87.7,9.249,100,12.5,rain,0,0,25.2,16.6,55.5,1002.4,79.6,9.7,123.9,10.7,5,,2018-07-29T05:29:13,2018-07-29T18:36:45,0.55,"Rain, Partially cloudy",Partly cloudy throughout the day with a chance of rain throughout the day.,rain,"48820099999,48823099999,48825099999,48831099999,VVNB"
Hanoi,2018-07-30,32.4,26,28,39.2,26,30.9,25.6,88.2,43.458,100,12.5,rain,0,0,20.2,11.2,9.3,1002.3,81.4,9.2,117.7,9.9,5,,2018-07-30T05:29:36,2018-07-30T18:36:17,0.58,"Rain, Partially cloudy",Partly cloudy throughout the day with rain.,rain,"48820099999,48823099999,48825099999,48831099999,VVNB"
Hanoi,2018-07-31,32.4,25,27.8,40.8,25,31,25.8,89.8,84.648,100,8.33,rain,0,0,32,23.2,101.2,1002.7,79.1,8.7,146.2,12.6,7,,2018-07-31T05:29:58,2018-07-31T18:35:49,0.62,"Rain, Partially cloudy",Partly cloudy throughout the day with rain.,rain,"48820099999,48823099999,48825099999,48831099999,VVNB"
Hanoi,2018-08-01,32.3,25,28.2,39.8,25,32.6,25.6,86.4,5.596,100,12.5,rain,0,0,28.8,9.4,77.3,1002.8,77.6,8.6,129.6,11.2,6,,2018-08-01T05:30:21,2018-08-01T18:35:20,0.65,"Rain, Partially cloudy",Partly cloudy throughout the day with rain.,rain,"48820099999,48823099999,48825099999,48831099999,VVNB"
Hanoi,2018-08-02,31.2,25.6,28.1,40.2,25.6,33.7,26.3,90.1,3.471,100,12.5,rain,0,0,23,14.8,115.5,1001.7,68.5,8.8,153.4,13.2,6,,2018-08-02T05:30:43,2018-08-02T18:34:49,0.68,"Rain, Partially cloudy",Partly cloudy throughout the day with rain.,rain,"48820099999,48823099999,48825099999,48831099999,VVNB"
Hanoi,2018-08-03,33,25,28.4,41.3,25,32,25.4,85.4,6.367,100,12.5,rain,0,0,24.8,12.1,87.4,1000.5,65,9.8,118,10.1,5,,2018-08-03T05:31:06,2018-08-03T18:34:18,0.72,"Rain, Partially cloudy",Partly cloudy throughout the day with rain.,rain,"48820099999,48823099999,48825099999,48831099999,VVNB"
Hanoi,2018-08-04,30.1,25,27.2,38.8,25,30.8,26.2,94.5,3.122,100,8.33,rain,0,0,31,13,50.3,1002.3,78.3,8.6,96.1,8.3,5,,2018-08-04T05:31:28,2018-08-04T18:33:45,0.75,"Rain, Partially cloudy",Partly cloudy throughout the day with rain.,rain,"48820099999,48823099999,48825099999,48831099999,VVNB"
Hanoi,2018-08-05,30,25,27.1,36.7,25,30,25.7,92.7,4.572,100,12.5,rain,0,0,21.6,9.4,36.5,1004.7,69.3,8.8,100.1,8.7,5,,2018-08-05T05:31:49,2018-08-05T18:33:12,0.75,"Rain, Partially cloudy",Partly cloudy throughout the day with rain.,rain,"48820099999,48823099999,48825099999,48831099999,VVNB"
Hanoi,2018-08-06,33,25.5,29.1,40.6,25.5,33.9,25.5,82.6,0.1,100,4.17,rain,0,0,15.5,17.5,127.2,1004.3,62,9.5,162.4,13.9,6,,2018-08-06T05:32:11,2018-08-06T18:32:38,0.82,"Rain, Partially cloudy",Partly cloudy throughout the day with morning rain.,rain,"48820099999,48823099999,48825099999,48831099999,VVNB"
Hanoi,2018-08-07,30,25,28.1,39.6,25,33.8,26.3,90.4,0.175,100,4.17,rain,0,0,23.4,13,331.7,1003.6,51.6,8.6,201.8,17.3,7,,2018-08-07T05:32:32,2018-08-07T18:32:02,0.86,"Rain, Partially cloudy",Partly cloudy throughout the day with late afternoon rain.,rain,"48820099999,48823099999,48825099999,48831099999,VVNB"
Hanoi,2018-08-08,33,26.7,29.1,40.6,30.5,35.3,26,84.6,0.035,100,4.17,rain,0,0,20.5,11.2,65.3,1003.5,52.7,9,188.3,16.2,7,,2018-08-08T05:32:53,2018-08-08T18:31:26,0.89,"Rain, Partially cloudy",Partly cloudy throughout the day with afternoon rain.,rain,"48820099999,48823099999,48825099999,48831099999,VVNB"
Hanoi,2018-08-09,33.1,26,29,41.7,26,34.6,25.9,84.1,0.4,100,12.5,rain,0,0,23.8,13.9,291.6,1003.2,47.7,8.1,257,22.1,9,,2018-08-09T05:33:14,2018-08-09T18:30:49,0.92,"Rain, Partially cloudy",Partly cloudy throughout the day with rain.,rain,"48820099999,48823099999,48825099999,48831099999,VVNB"
Hanoi,2018-08-10,34.8,26.5,30.1,44.6,26.5,37.1,26.3,81.5,0.1,100,4.17,rain,0,0,21.2,14.1,281.5,1001.1,45.6,8.6,196.7,16.9,6,,2018-08-10T05:33:35,2018-08-10T18:30:11,0.96,"Rain, Partially cloudy",Partly cloudy throughout the day with afternoon rain.,rain,"48820099999,48823099999,48825099999,48831099999,VVNB"
Hanoi,2018-08-11,35.4,27,30.2,45.1,31.8,37.2,25.8,78.2,0.3,100,8.33,rain,0,0,19.4,12.1,327.1,999.1,49.4,9.1,270.2,23.3,9,,2018-08-11T05:33:55,2018-08-11T18:29:32,0,"Rain, Partially cloudy",Partly cloudy throughout the day with rain.,rain,"48820099999,48823099999,48825099999,48831099999,VVNB"
Hanoi,2018-08-12,35,25.7,29,44.1,25.7,33.5,25.4,82.5,57.14,100,8.33,rain,0,0,25.9,15.7,292.4,998.8,67.2,9.4,177.9,15.3,8,,2018-08-12T05:34:15,2018-08-12T18:28:52,0.03,"Rain, Partially cloudy",Partly cloudy throughout the day with rain.,rain,"48820099999,48823099999,48825099999,48831099999,VVNB"
Hanoi,2018-08-13,36,25,30.5,44.8,25,35.5,24.9,74.3,2.192,100,4.17,rain,0,0,24.8,13.9,274.6,998.7,66.2,10.6,283.2,24.4,9,,2018-08-13T05:34:35,2018-08-13T18:28:11,0.06,"Rain, Partially cloudy",Partly cloudy throughout the day with early morning rain.,rain,"48820099999,48823099999,48825099999,48831099999,VVNB"
Hanoi,2018-08-14,34.5,27,30.9,44.4,31.5,39.3,26.5,78.4,0,0,0,,0,0,24.5,17.5,287.5,998.2,58.4,9.1,223.3,19.3,9,,2018-08-14T05:34:55,2018-08-14T18:27:29,0.09,Partially cloudy,Partly cloudy throughout the day.,partly-cloudy-day,"48820099999,48823099999,48825099999,48831099999,VVNB"
Hanoi,2018-08-15,30.5,26,28.1,40.2,26,33.4,26.6,92.1,7.384,100,12.5,rain,0,0,24.5,19.4,327.6,999.6,84.1,9.2,141.2,12.1,5,,2018-08-15T05:35:14,2018-08-15T18:26:47,0.13,"Rain, Partially cloudy",Partly cloudy throughout the day with a chance of rain throughout the day.,rain,"48820099999,48823099999,48825099999,48831099999,VVNB"
Hanoi,2018-08-16,30,26,27.3,40.4,26,31.1,26.5,95.8,16.503,100,20.83,rain,0,0,34.9,20.3,301.8,997.8,91.5,8.5,51.1,4.4,2,,2018-08-16T05:35:33,2018-08-16T18:26:04,0.16,"Rain, Overcast",Cloudy skies throughout the day with a chance of rain throughout the day.,rain,"48820099999,48823099999,48825099999,48831099999,VVNB"
Hanoi,2018-08-17,29.3,26,26.9,36,26,29.7,26.2,96.4,23.518,100,25,rain,0,0,43.6,19.4,12.7,998.4,91.2,9.2,46.1,3.8,2,,2018-08-17T05:35:52,2018-08-17T18:25:20,0.19,"Rain, Overcast",Cloudy skies throughout the day with a chance of rain throughout the day.,rain,"48820099999,48823099999,48825099999,48831099999,VVNB"
Hanoi,2018-08-18,30.5,25.7,27.3,36.8,25.7,30.1,25.8,92,5.839,100,16.67,rain,0,0,24.1,15.7,340.7,1001.1,85.5,7.4,116.8,10.1,5,,2018-08-18T05:36:11,2018-08-18T18:24:35,0.25,"Rain, Partially cloudy",Partly cloudy throughout the day with a chance of rain throughout the day.,rain,"48820099999,48823099999,48825099999,48831099999,VVNB"
Hanoi,2018-08-19,34.1,25.7,29.4,42.7,25.7,34.6,25.9,82.8,0.174,100,8.33,rain,0,0,18.7,15.7,244.7,1002.1,48.8,8.1,204,17.7,7,,2018-08-19T05:36:29,2018-08-19T18:23:50,0.26,"Rain, Partially cloudy",Partly cloudy throughout the day with rain in the morning and afternoon.,rain,"48820099999,48823099999,48825099999,48831099999,VVNB"
Hanoi,2018-08-20,35.7,27,30.9,44.9,31.8,39.3,26.7,79.7,0.2,100,8.33,rain,0,0,22.7,11.2,141.2,1001.9,40.9,8.3,216.7,18.7,7,,2018-08-20T05:36:47,2018-08-20T18:23:03,0.29,"Rain, Partially cloudy",Partly cloudy throughout the day with rain in the morning and afternoon.,rain,"48820099999,48823099999,48825099999,48831099999,VVNB"
Hanoi,2018-08-21,32.6,27.5,29.3,43.3,32.4,36.4,26.3,84.6,10.8,100,33.33,rain,0,0,22,14.8,30.9,1000.3,61,8.5,211.5,18.4,7,,2018-08-21T05:37:05,2018-08-21T18:22:17,0.32,"Rain, Partially cloudy",Partly cloudy throughout the day with rain.,rain,"48820099999,48823099999,48825099999,48831099999,VVNB"
Hanoi,2018-08-22,35.1,27.1,29.9,45.1,32,37,26.2,81.8,0.539,100,4.17,rain,0,0,21.6,14.8,68.6,1000.2,55.7,9.6,175.5,15.2,7,,2018-08-22T05:37:23,2018-08-22T18:21:29,0.36,"Rain, Partially cloudy",Partly cloudy throughout the day with afternoon rain.,rain,"48820099999,48823099999,48825099999,48831099999,VVNB"
Hanoi,2018-08-23,34.5,27,29.7,44,31.8,36.9,26.6,84.9,8.155,100,4.17,rain,0,0,24.1,18.4,3.9,1001.9,65.4,8,194.8,16.8,8,,2018-08-23T05:37:40,2018-08-23T18:20:41,0.39,"Rain, Partially cloudy",Partly cloudy throughout the day with late afternoon rain.,rain,"48820099999,48823099999,48825099999,48831099999,VVNB"
Hanoi,2018-08-24,34.5,25,29.5,44.2,25,35.4,26,83.1,0.098,100,4.17,rain,0,0,20.5,28.8,311.9,1002.6,62.7,8.7,216.1,18.7,8,,2018-08-24T05:37:57,2018-08-24T18:19:52,0.42,"Rain, Partially cloudy",Partly cloudy throughout the day with late afternoon rain.,rain,"48820099999,48823099999,48825099999,48831099999,VVNB"
Hanoi,2018-08-25,34.4,25,29.2,41.3,25,33.5,25,80,13.762,100,4.17,rain,0,0,21.2,13,305.5,1001.9,61.1,9.7,178,15.4,8,,2018-08-25T05:38:14,2018-08-25T18:19:02,0.46,"Rain, Partially cloudy",Partly cloudy throughout the day with early morning rain.,rain,"48820099999,48823099999,48825099999,48831099999,VVNB"
Hanoi,2018-08-26,34,27,29.7,40,31.2,35,24.8,76.7,2,100,29.17,rain,0,0,28.1,13,357.4,1001.2,40.8,8.6,246.7,21.2,9,,2018-08-26T05:38:31,2018-08-26T18:18:12,0.5,"Rain, Partially cloudy",Partly cloudy throughout the day with rain.,rain,"48820099999,48823099999,48825099999,48831099999,VVNB"
Hanoi,2018-08-27,35.5,26,29,44.1,26,33.1,25.4,82.9,0.151,100,4.17,rain,0,0,22,21.4,344,1001.9,45.5,8.8,244.4,21.1,9,,2018-08-27T05:38:47,2018-08-27T18:17:22,0.52,"Rain, Partially cloudy",Partly cloudy throughout the day with late afternoon rain.,rain,"48820099999,48823099999,48825099999,48831099999,VVNB"
Hanoi,2018-08-28,27,25,26.1,31.8,25,26.3,25.8,98.3,59.897,100,12.5,rain,0,0,17.6,14.8,264.1,1002.5,90.1,7.4,50.8,4.3,2,,2018-08-28T05:39:04,2018-08-28T18:16:31,0.56,"Rain, Overcast",Cloudy skies throughout the day with rain.,rain,"48820099999,48823099999,48825099999,48831099999,VVNB"
Hanoi,2018-08-29,27.5,25,25.6,32.1,25,26,25.4,98.5,44.339,100,16.67,rain,0,0,33.1,15.7,279.6,999.7,88,7.8,73.5,6.3,5,,2018-08-29T05:39:20,2018-08-29T18:15:39,0.6,"Rain, Partially cloudy",Partly cloudy throughout the day with a chance of rain throughout the day.,rain,"48820099999,48823099999,48825099999,48831099999,VVNB"
Hanoi,2018-08-30,28.5,25,26.3,37,25,28,26.1,98.7,75.466,100,16.67,rain,0,0,42.8,18.4,25.6,998.4,89.9,7.7,33.7,3,2,,2018-08-30T05:39:36,2018-08-30T18:14:47,0.63,"Rain, Partially cloudy",Partly cloudy throughout the day with a chance of rain throughout the day.,rain,"48820099999,48823099999,48825099999,48831099999,VVNB"
Hanoi,2018-08-31,33.5,26.5,29.3,41.3,26.5,35,26,83.9,1.081,100,8.33,rain,0,0,31,19.4,114.3,1003.6,78.4,10.7,167.6,14.3,7,,2018-08-31T05:39:51,2018-08-31T18:13:54,0.67,"Rain, Partially cloudy",Partly cloudy throughout the day with rain.,rain,"48820099999,48823099999,48825099999,48831099999,VVNB"
Hanoi,2018-09-01,34.4,27,30,43.1,31.8,37.6,26.6,83.6,0.098,100,4.17,rain,0,0,26.6,20.5,100.7,1005.4,63.1,9.8,166.3,14.4,7,,2018-09-01T05:40:07,2018-09-01T18:13:01,0.7,"Rain, Partially cloudy",Partly cloudy throughout the day with morning rain.,rain,"48820099999,48823099999,48825099999,48831099999,VVNB"
Hanoi,2018-09-02,29.1,27,27.8,39.7,30.7,34.2,27.1,96,0.8,100,12.5,rain,0,0,25.9,18.5,99.6,1003.9,81.5,8.7,61.1,5.2,3,,2018-09-02T05:40:22,2018-09-02T18:12:08,0.74,"Rain, Partially cloudy",Partly cloudy throughout the day with a chance of rain throughout the day.,rain,"48820099999,48823099999,48825099999,48831099999,VVNB"
Hanoi,2018-09-03,28,23.8,26.2,33.6,23.8,27.8,25.4,95.6,72.442,100,12.5,rain,0,0,22.3,17.6,97.4,1004.9,77.4,9.6,80.6,7,3,,2018-09-03T05:40:37,2018-09-03T18:11:14,0.75,"Rain, Partially cloudy",Partly cloudy throughout the day with a chance of rain throughout the day.,rain,"48820099999,48823099999,48825099999,48831099999,VVNB"
Hanoi,2018-09-04,33,25.4,28.9,39.9,25.4,33.1,25.1,81.2,1.5,100,33.33,rain,0,0,17.3,12.1,106.9,1005.6,55.6,9.4,224,19.3,8,,2018-09-04T05:40:52,2018-09-04T18:10:19,0.81,"Rain, Partially cloudy",Partly cloudy throughout the day with rain.,rain,"48820099999,48823099999,48825099999,48831099999,VVNB"
Hanoi,2018-09-05,35.2,27,30.4,42.7,31.4,37.4,26,78.9,0,0,0,,0,0,22,13.5,95.6,1004.2,45.3,8.8,248.9,21.7,8,,2018-09-05T05:41:07,2018-09-05T18:09:25,0.84,Partially cloudy,Partly cloudy throughout the day.,partly-cloudy-day,"48820099999,48823099999,48825099999,48831099999,VVNB"
Hanoi,2018-09-06,34.5,27.5,31.1,45.1,33.7,40.7,27.3,81.8,0.6,100,12.5,rain,0,0,18.7,16.6,102,1003.6,50.5,9.8,248.1,21.3,9,,2018-09-06T05:41:22,2018-09-06T18:08:30,0.88,"Rain, Partially cloudy",Partly cloudy throughout the day with rain.,rain,"48820099999,48823099999,48825099999,48831099999,VVNB"
Hanoi,2018-09-07,34,28,29.7,43.5,30.1,36.6,25.7,80.5,7.6,100,37.5,rain,0,0,29.5,26.8,37.7,1006.1,59.3,9.3,125.7,10.8,5,,2018-09-07T05:41:37,2018-09-07T18:07:34,0.91,"Rain, Partially cloudy",Partly cloudy throughout the day with a chance of rain throughout the day.,rain,"48820099999,48823099999,48825099999,48831099999,VVNB"
Hanoi,2018-09-08,30.2,26.5,27.9,32,26.5,29.6,20.4,63.7,0.157,100,4.17,rain,0,0,29.5,14.8,354.7,1009.9,96.1,10,136.1,11.6,5,,2018-09-08T05:41:51,2018-09-08T18:06:39,0.95,"Rain, Overcast",Cloudy skies throughout the day with late afternoon rain.,rain,"48820099999,48823099999,48825099999,48831099999,VVNB"
Hanoi,2018-09-09,30.5,26,27.8,33.1,26,29,19.9,62.8,0.007,100,4.17,rain,0,0,25.9,13,46.5,1011.8,66.2,9.7,222,19.2,9,,2018-09-09T05:42:06,2018-09-09T18:05:43,0.98,"Rain, Partially cloudy",Partly cloudy throughout the day with afternoon rain.,rain,"48820099999,48823099999,48825099999,48831099999,VVNB"
Hanoi,2018-09-10,31,24,27.5,34,24,29.2,22.1,73.8,1.6,100,20.83,rain,0,0,20.2,12.1,92,1012.4,58.6,8.5,197,17,6,,2018-09-10T05:42:20,2018-09-10T18:04:47,0,"Rain, Partially cloudy",Partly cloudy throughout the day with rain clearing later.,rain,"48820099999,48823099999,48825099999,48831099999,VVNB"
Hanoi,2018-09-11,31.6,25,28.1,36.5,25,31.1,24.1,79.9,1,100,25,rain,0,0,25.2,12.1,115.2,1010.1,45,7.2,203.8,17.6,8,,2018-09-11T05:42:35,2018-09-11T18:03:51,0.05,"Rain, Partially cloudy",Partly cloudy throughout the day with a chance of rain throughout the day.,rain,"48820099999,48823099999,48825099999,48831099999,VVNB"
Hanoi,2018-09-12,32.5,26,29,37.4,26,32.1,24,76,0.2,100,8.33,rain,0,0,22,12.1,95,1007.9,42.8,7.8,218.5,18.9,8,,2018-09-12T05:42:49,2018-09-12T18:02:54,0.08,"Rain, Partially cloudy",Partly cloudy throughout the day with morning rain.,rain,"48820099999,48823099999,48825099999,48831099999,VVNB"
Hanoi,2018-09-13,33,27,29.6,37,31.2,33.5,23.3,70.7,0.1,100,4.17,rain,0,0,22.7,13,87.8,1007.3,36.8,8.1,234.4,20.2,8,,2018-09-13T05:43:03,2018-09-13T18:01:57,0.11,"Rain, Partially cloudy",Partly cloudy throughout the day with morning rain.,rain,"48820099999,48823099999,48825099999,48831099999,VVNB"
Hanoi,2018-09-14,32,24.5,27.7,38.3,24.5,30.7,25.2,87.2,0.393,100,8.33,rain,0,0,21.2,16.7,35.2,1009.1,72.1,8.2,193.4,16.6,7,,2018-09-14T05:43:18,2018-09-14T18:01:01,0.15,"Rain, Partially cloudy",Partly cloudy throughout the day with rain.,rain,"48820099999,48823099999,48825099999,48831099999,VVNB"
Hanoi,2018-09-15,34.1,25,29.1,42,25,33.2,24.9,79.8,0.3,100,12.5,rain,0,0,27,14.8,294.8,1007.6,28.6,10.6,247.2,21.4,8,,2018-09-15T05:43:32,2018-09-15T18:00:04,0.18,"Rain, Partially cloudy",Partly cloudy throughout the day with a chance of rain throughout the day.,rain,"48820099999,48823099999,48825099999,48831099999,VVNB"
Hanoi,2018-09-16,36.1,26,30.8,43.3,26,35.6,24.8,73.3,0,0,0,,0,0,44.3,21.4,306.3,1001.1,26.6,9.7,242.7,20.9,9,,2018-09-16T05:43:46,2018-09-16T17:59:07,0.21,Partially cloudy,Becoming cloudy in the afternoon.,partly-cloudy-day,"48820099999,48823099999,48825099999,48831099999,VVNB"
Hanoi,2018-09-17,30.9,25,27.5,35.3,25,29.3,23.1,78.3,2.2,100,50,rain,0,0,27.7,18.4,302.2,1000.8,94.8,9.7,80.5,6.9,3,,2018-09-17T05:44:00,2018-09-17T17:58:10,0.25,"Rain, Overcast",Cloudy skies throughout the day with rain.,rain,"48820099999,48823099999,48825099999,48831099999,VVNB"
Hanoi,2018-09-18,28,24,26,35.4,24,28.5,25.7,98.2,47.615,100,8.33,rain,0,0,32.8,11.2,43.4,1008.5,80,8.5,63.8,5.4,3,,2018-09-18T05:44:15,2018-09-18T17:57:12,0.28,"Rain, Partially cloudy",Partly cloudy throughout the day with rain.,rain,"48823099999,48820099999,48825099999,48831099999,VVNB"
Hanoi,2018-09-19,30.1,23,26.3,35.2,23,28.4,24.6,91.2,26.93,100,16.67,rain,0,0,22,14.8,45.9,1011.8,71.2,8.8,91.6,8.1,4,,2018-09-19T05:44:29,2018-09-19T17:56:15,0.31,"Rain, Partially cloudy",Partly cloudy throughout the day with a chance of rain throughout the day.,rain,"48820099999,48823099999,48825099999,48831099999,VVNB"
Hanoi,2018-09-20,33.1,25,28.7,39.4,25,31.9,24.2,78.6,1.1,100,33.33,rain,0,0,17.3,13.9,113.1,1011.3,43,9,227,19.7,8,,2018-09-20T05:44:44,2018-09-20T17:55:18,0.34,"Rain, Partially cloudy",Partly cloudy throughout the day with a chance of rain throughout the day.,rain,"48820099999,48823099999,48825099999,48831099999,VVNB"
Hanoi,2018-09-21,33.5,25,29,38.2,25,32,23.5,74.6,0,0,0,,0,0,18.4,13.1,97.8,1011.3,23.9,9.8,258.8,22.4,9,,2018-09-21T05:44:58,2018-09-21T17:54:21,0.37,Partially cloudy,Becoming cloudy in the afternoon.,partly-cloudy-day,"48820099999,48823099999,48825099999,48831099999,VVNB"
Hanoi,2018-09-22,33.5,25.5,29.5,38.1,25.5,32.9,23.5,72.4,0,0,0,,0,0,14,8.5,81.1,1012.7,28,8.3,250.9,21.7,9,,2018-09-22T05:45:13,2018-09-22T17:53:24,0.41,Partially cloudy,Partly cloudy throughout the day.,partly-cloudy-day,"48820099999,48823099999,48825099999,48831099999,VVNB"
Hanoi,2018-09-23,33.5,25,29.4,38.7,25,32.9,24,74.6,0,0,0,,0,0,14.4,10.3,99,1012.6,28.2,8.3,231.3,20.2,7,,2018-09-23T05:45:27,2018-09-23T17:52:27,0.44,Partially cloudy,Partly cloudy throughout the day.,partly-cloudy-day,"48820099999,48823099999,48825099999,48831099999,VVNB"
Hanoi,2018-09-24,33.3,26,29.5,38.1,26,33,24.1,75.1,0,0,0,,0,0,19.4,14.8,98.7,1010,12.7,9.4,252.3,21.8,8,,2018-09-24T05:45:42,2018-09-24T17:51:30,0.47,Clear,Clear conditions throughout the day.,clear-day,"48820099999,48823099999,48825099999,48831099999,VVNB"
Hanoi,2018-09-25,34,26,29.4,42,26,34,25,78.3,0.4,100,8.33,rain,0,0,25.9,17.1,115,1007.2,37.4,10,221.4,19.2,8,,2018-09-25T05:45:57,2018-09-25T17:50:33,0.5,"Rain, Partially cloudy",Partly cloudy throughout the day with rain.,rain,"48820099999,48823099999,48825099999,48831099999,VVNB"
Hanoi,2018-09-26,33,27,28.8,41.3,31.2,35,26.1,85.7,9.236,100,12.5,rain,0,0,25.6,18.4,102.3,1006.9,71.6,9.7,161.1,14.1,6,,2018-09-26T05:46:12,2018-09-26T17:49:37,0.54,"Rain, Partially cloudy",Partly cloudy throughout the day with rain.,rain,"48820099999,48823099999,48825099999,48831099999,VVNB"
Hanoi,2018-09-27,27.5,25.7,26.5,33.2,25.7,28.1,25.9,96.8,79.248,100,16.67,rain,0,0,22,16.7,75.1,1008.2,89.8,9.5,54.1,4.4,3,,2018-09-27T05:46:28,2018-09-27T17:48:40,0.57,"Rain, Partially cloudy",Partly cloudy throughout the day with a chance of rain throughout the day.,rain,"48820099999,48823099999,48825099999,48831099999,VVNB"
Hanoi,2018-09-28,26.3,24,25,26.3,24,25,22.8,87.9,3.294,100,12.5,rain,0,0,22.7,18.4,354.7,1011.7,93.8,10,35.4,2.9,1,,2018-09-28T05:46:43,2018-09-28T17:47:44,0.61,"Rain, Overcast",Cloudy skies throughout the day with a chance of rain throughout the day.,rain,"48820099999,48823099999,48825099999,48831099999,VVNB"
Hanoi,2018-09-29,30.3,23.5,26.9,32.3,23.5,27.8,21.2,73.3,0.003,100,4.17,rain,0,0,28.1,17.6,334.7,1011.9,49.1,9.7,203.2,17.5,9,,2018-09-29T05:46:59,2018-09-29T17:46:48,0.65,"Rain, Partially cloudy",Partly cloudy throughout the day with early morning rain.,rain,"48820099999,48823099999,48825099999,48831099999,VVNB"
Hanoi,2018-09-30,30.8,25,27.6,31.9,25,28.3,19.9,63.8,0,0,0,,0,0,27,13.9,35.9,1011.6,41.9,11.1,229.5,19.9,9,,2018-09-30T05:47:15,2018-09-30T17:45:53,0.68,Partially cloudy,Partly cloudy throughout the day.,partly-cloudy-day,"48820099999,48823099999,48825099999,48831099999,VVNB"
Hanoi,2018-10-01,31.6,23,27.3,33.3,23,27.9,19.8,65.8,0,0,0,,0,0,24.5,13.9,20.7,1013.9,15.6,10,220,19,8,,2018-10-01T05:47:31,2018-10-01T17:44:57,0.72,Clear,Clear conditions throughout the day.,clear-day,"48820099999,48823099999,48825099999,48831099999,VVNB"
Hanoi,2018-10-02,31.5,22,26.9,32.1,22,27.2,19,64.6,0,0,0,,0,0,19.4,12.1,21.5,1014.8,19.3,10.5,260.5,22.3,9,,2018-10-02T05:47:47,2018-10-02T17:44:02,0.75,Clear,Clear conditions throughout the day.,clear-day,"48820099999,48823099999,48825099999,48831099999,VVNB"
Hanoi,2018-10-03,31.1,22,27.1,32.1,22,27.5,18.9,62.8,0,0,0,,0,0,19.1,8.5,59.6,1015.2,40.6,9.3,233.1,20.1,8,,2018-10-03T05:48:04,2018-10-03T17:43:07,0.79,Partially cloudy,Partly cloudy throughout the day.,partly-cloudy-day,"48820099999,48823099999,48825099999,48831099999,VVNB"
Hanoi,2018-10-04,31.8,22,27.1,32.9,22,27.4,19.1,64.1,0,0,0,,0,0,24.5,14.8,0.5,1015.3,8.9,9.7,261.1,22.6,9,,2018-10-04T05:48:21,2018-10-04T17:42:13,0.82,Clear,Clear conditions throughout the day.,clear-day,"48820099999,48823099999,48825099999,48831099999,VVNB"
Hanoi,2018-10-05,32,21.5,26.8,33.5,21.5,27.4,19.3,65,0,0,0,,0,0,21.2,9.4,334.9,1014.2,10.8,9.8,251.2,21.8,9,,2018-10-05T05:48:38,2018-10-05T17:41:19,0.86,Clear,Clear conditions throughout the day.,clear-day,"48820099999,48823099999,48825099999,48831099999,VVNB"
Hanoi,2018-10-06,32,23,27.2,35.9,23,28.4,20.6,69,0,0,0,,0,0,15.8,14.8,80.9,1013.5,16,7.7,225.9,19.6,8,,2018-10-06T05:48:55,2018-10-06T17:40:25,0.89,Clear,Clear conditions throughout the day.,clear-day,"48820099999,48823099999,48825099999,48831099999,VVNB"
Hanoi,2018-10-07,32,24,27.7,34.2,24,28.7,20,64,0,0,0,,0,0,19.4,14.8,102.8,1013.7,34.2,8.1,213,18.4,7,,2018-10-07T05:49:13,2018-10-07T17:39:32,0.93,Partially cloudy,Partly cloudy throughout the day.,partly-cloudy-day,"48820099999,48823099999,48825099999,48831099999,VVNB"
Hanoi,2018-10-08,32,23.5,27.5,34.9,23.5,28.6,21.4,71.5,0,0,0,,0,0,23.4,18.4,115.9,1013,19.5,7.8,202.3,17.5,8,,2018-10-08T05:49:31,2018-10-08T17:38:40,0.97,Clear,Clear conditions throughout the day.,clear-day,"48820099999,48823099999,48825099999,48831099999,VVNB"
Hanoi,2018-10-09,32,23,27.7,35.7,23,29.5,22.2,73.6,2.7,100,12.5,rain,0,0,29.5,23.2,82.1,1012.4,40,8,223.2,19.3,8,,2018-10-09T05:49:50,2018-10-09T17:37:48,0,"Rain, Partially cloudy",Partly cloudy throughout the day with late afternoon rain.,rain,"48820099999,48823099999,48825099999,48831099999,VVNB"
Hanoi,2018-10-10,22,19.8,21.1,22,19.8,21.1,19.5,91.1,39.301,100,12.5,rain,0,0,33.1,22.3,351.7,1017.6,92.9,8.8,63.3,5.4,3,,2018-10-10T05:50:09,2018-10-10T17:36:56,0.03,"Rain, Overcast",Cloudy skies throughout the day with a chance of rain throughout the day.,rain,"48820099999,48823099999,48825099999,48831099999,VVNB"
Hanoi,2018-10-11,25.8,21.5,23.4,25.8,21.5,23.4,15.9,63.4,0,0,0,,0,0,31.7,13.9,359.7,1018.7,86.3,9.9,147.8,12.7,7,,2018-10-11T05:50:28,2018-10-11T17:36:05,0.07,Partially cloudy,Partly cloudy throughout the day.,partly-cloudy-day,"48820099999,48823099999,48825099999,48831099999,VVNB"
Hanoi,2018-10-12,27.5,21,24.4,27.8,21,24.4,16.8,63.5,0,0,0,,0,0,24.8,14.8,20.3,1018.4,60.5,9.6,181.9,15.8,7,,2018-10-12T05:50:48,2018-10-12T17:35:14,0.1,Partially cloudy,Partly cloudy throughout the day.,partly-cloudy-day,"48820099999,48823099999,48825099999,48831099999,VVNB"
Hanoi,2018-10-13,27.4,22,24.8,29.2,22,25.1,19.1,71,0.005,100,4.17,rain,0,0,20.2,13.9,82.7,1015.8,52.4,7.4,174.2,15,7,,2018-10-13T05:51:08,2018-10-13T17:34:24,0.13,"Rain, Partially cloudy",Partly cloudy throughout the day with late afternoon rain.,rain,"48820099999,48823099999,48825099999,48831099999,VVNB"
Hanoi,2018-10-14,32.5,23,27.5,37.4,23,29.6,22.7,76.9,0,0,0,,0,0,29.5,22.3,139.2,1012.4,66.9,7.4,189.9,16.4,6,,2018-10-14T05:51:28,2018-10-14T17:33:35,0.16,Partially cloudy,Partly cloudy throughout the day.,partly-cloudy-day,"48820099999,48823099999,48825099999,48831099999,VVNB"
Hanoi,2018-10-15,33,23,28.4,39.3,23,31.4,24.3,80.3,6.8,100,16.67,rain,0,0,30.2,22.3,107.1,1011.9,67.9,9.2,154.7,13.2,6,,2018-10-15T05:51:49,2018-10-15T17:32:47,0.19,"Rain, Partially cloudy",Partly cloudy throughout the day with rain.,rain,"48820099999,48823099999,48825099999,48831099999,VVNB"
Hanoi,2018-10-16,23.1,21,22.4,23.1,21,22.4,20,86.3,3.145,100,12.5,rain,0,0,25.6,25,29.4,1012.9,91.9,9.6,42.3,3.7,2,,2018-10-16T05:52:10,2018-10-16T17:31:59,0.23,"Rain, Overcast",Cloudy skies throughout the day with a chance of rain throughout the day.,rain,"48820099999,48823099999,48825099999,48831099999,VVNB"
Hanoi,2018-10-17,23.5,20,21.7,23.5,20,21.7,19.2,86.3,1.42,100,8.33,rain,0,0,27,15.7,40,1012.3,91.9,9.1,32.3,2.8,1,,2018-10-17T05:52:32,2018-10-17T17:31:11,0.25,"Rain, Overcast",Cloudy skies throughout the day with rain in the morning and afternoon.,rain,"48820099999,48823099999,48825099999,48831099999,VVNB"
Hanoi,2018-10-18,23.3,19.4,21.5,23.3,19.4,21.5,18.9,85.4,0.99,100,8.33,rain,0,0,18,16.6,32.7,1013.6,91.8,9.3,42.5,3.5,2,,2018-10-18T05:52:54,2018-10-18T17:30:25,0.29,"Rain, Overcast",Cloudy skies throughout the day with rain in the morning and afternoon.,rain,"48820099999,48823099999,48825099999,48831099999,VVNB"
Hanoi,2018-10-19,23.6,20.9,22.2,23.6,20.9,22.2,21.6,96.4,0.589,100,8.33,rain,0,0,25.2,11.2,328.5,1015.2,91.9,8.1,59.6,5,3,,2018-10-19T05:53:17,2018-10-19T17:29:39,0.32,"Rain, Overcast",Cloudy skies throughout the day with rain in the morning and afternoon.,rain,"48820099999,48823099999,48825099999,48831099999,VVNB"
Hanoi,2018-10-20,28,23,24.8,31,23,25.3,23.6,93.1,4.035,100,16.67,rain,0,0,22,10.1,314.1,1015.4,91.8,6,80.9,7.1,4,,2018-10-20T05:53:40,2018-10-20T17:28:54,0.36,"Rain, Overcast",Cloudy skies throughout the day with a chance of rain throughout the day.,rain,"48820099999,48823099999,48825099999,48831099999,VVNB"
Hanoi,2018-10-21,32,24,27.7,36.3,24,30.1,24,81.8,0.098,100,4.17,rain,0,0,29.5,13.9,136.2,1014.1,58.7,7.7,148.3,12.7,6,,2018-10-21T05:54:03,2018-10-21T17:28:10,0.39,"Rain, Partially cloudy",Partly cloudy throughout the day with morning rain.,rain,"48820099999,48823099999,48825099999,48831099999,VVNB"
Hanoi,2018-10-22,31.2,24,26.7,36.5,24,28.3,24.2,87.4,3.031,100,12.5,rain,0,0,24.8,21.4,100.8,1013.5,69.4,8.2,130,11.2,5,,2018-10-22T05:54:28,2018-10-22T17:27:27,0.42,"Rain, Partially cloudy",Partly cloudy throughout the day with rain.,rain,"48820099999,48823099999,48825099999,48831099999,VVNB"
Hanoi,2018-10-23,27.4,21,24.2,30.6,21,24.8,23.5,95.8,35.646,100,8.33,rain,0,0,38.9,22.3,68.8,1014.6,86.1,9.4,43.2,3.8,3,,2018-10-23T05:54:52,2018-10-23T17:26:45,0.45,"Rain, Partially cloudy",Partly cloudy throughout the day with rain.,rain,"48820099999,48823099999,48825099999,48831099999,VVNB"
Hanoi,2018-10-24,28,20.5,23.9,32.3,20.5,24.4,22.6,92.9,5.385,100,16.67,rain,0,0,23.8,16.6,69.5,1014.8,71.2,9,88.1,7.5,4,,2018-10-24T05:55:17,2018-10-24T17:26:03,0.5,"Rain, Partially cloudy",Partly cloudy throughout the day with a chance of rain throughout the day.,rain,"48820099999,48823099999,48825099999,48831099999,VVNB"
Hanoi,2018-10-25,31.5,24,27.2,36.1,24,29.1,23.8,83.7,1.7,100,29.17,rain,0,0,31.7,19.4,126.4,1014.4,44.3,7.1,168.8,14.6,7,,2018-10-25T05:55:43,2018-10-25T17:25:22,0.52,"Rain, Partially cloudy",Partly cloudy throughout the day with a chance of rain throughout the day.,rain,"48820099999,48823099999,48825099999,48831099999,VVNB"
Hanoi,2018-10-26,31,23.5,26.8,36,23.5,28.6,24,85.9,3.1,100,41.67,rain,0,0,22.3,20.5,76.9,1016.2,63,7.6,129.8,11.3,5,,2018-10-26T05:56:09,2018-10-26T17:24:43,0.55,"Rain, Partially cloudy",Partly cloudy throughout the day with rain.,rain,"48820099999,48823099999,48825099999,48831099999,VVNB"
Hanoi,2018-10-27,26.5,23.5,24.8,26.5,23.5,24.8,19,70.6,0.107,100,8.33,rain,0,0,22.3,18.4,14.7,1018.8,74.4,10,67.1,5.8,2,,2018-10-27T05:56:36,2018-10-27T17:24:04,0.59,"Rain, Partially cloudy",Partly cloudy throughout the day with rain in the morning and afternoon.,rain,"48820099999,48823099999,48825099999,48831099999,VVNB"
Hanoi,2018-10-28,27.5,23,24.7,29,23,25.1,20.4,77.3,0.014,100,4.17,rain,0,0,20.2,13.9,339,1017.8,61.1,9.5,93.5,8.1,4,,2018-10-28T05:57:03,2018-10-28T17:23:26,0.63,"Rain, Partially cloudy",Partly cloudy throughout the day with late afternoon rain.,rain,"48820099999,48823099999,48825099999,48831099999,VVNB"
Hanoi,2018-10-29,30,23,26,31.3,23,26.4,20,71,0,0,0,,0,0,21.2,9.8,333.3,1016.3,40,9.5,204.3,17.5,8,,2018-10-29T05:57:31,2018-10-29T17:22:50,0.66,Partially cloudy,Partly cloudy throughout the day.,partly-cloudy-day,"48820099999,48823099999,48825099999,48831099999,VVNB"
Hanoi,2018-10-30,30,21,25.6,30.6,21,25.7,18.3,66.7,0,0,0,,0,0,28.4,16.6,356.4,1017.1,13.2,10.3,227.7,19.7,8,,2018-10-30T05:57:59,2018-10-30T17:22:14,0.7,Clear,Clear conditions throughout the day.,clear-day,"48820099999,48823099999,48825099999,48831099999,VVNB"
Hanoi,2018-10-31,29,19.5,24.9,29,19.5,24.9,14.9,54.9,0,0,0,,0,0,34.6,20.3,343.1,1017.9,8.5,10.1,231,19.9,8,,2018-10-31T05:58:28,2018-10-31T17:21:39,0.75,Clear,Clear conditions throughout the day.,clear-day,"48820099999,48823099999,48825099999,48831099999,VVNB"
Hanoi,2018-11-01,29,17.5,23.1,28.4,17.5,22.9,13.7,59.3,0,0,0,,0,0,30.6,19.4,338.6,1016.1,0.9,9.8,233,20,8,,2018-11-01T05:58:57,2018-11-01T17:21:06,0.77,Clear,Clear conditions throughout the day.,clear-day,"48820099999,48823099999,48825099999,48831099999,VVNB"
Hanoi,2018-11-02,29,17,22.7,28.4,17,22.5,13.8,60.3,0,0,0,,0,0,23.4,14.8,349.2,1016.4,1.9,10.9,228.5,19.6,8,,2018-11-02T05:59:27,2018-11-02T17:20:33,0.8,Clear,Clear conditions throughout the day.,clear-day,"48820099999,48823099999,48825099999,48831099999,VVNB"
Hanoi,2018-11-03,28.5,17,22.8,28.8,17,22.8,16,66.8,0,0,0,,0,0,14.8,8,188.3,1016.1,0.1,8.6,224.2,19.3,8,,2018-11-03T05:59:57,2018-11-03T17:20:02,0.84,Clear,Clear conditions throughout the day.,clear-day,"48820099999,48823099999,48825099999,48831099999,VVNB"
Hanoi,2018-11-04,29,20,24.1,30.1,20,24.5,19.5,76.7,0,0,0,,0,0,19.4,17.5,121.7,1014.7,39.9,6.4,165.6,14.3,7,,2018-11-04T06:00:28,2018-11-04T17:19:32,0.88,Partially cloudy,Partly cloudy throughout the day.,partly-cloudy-day,"48820099999,48823099999,48825099999,48831099999,VVNB"
Hanoi,2018-11-05,29.5,21,25.4,31.3,21,25.9,20.7,77.2,0,0,0,,0,0,22,14.8,104.5,1014.8,27.8,6.6,145.9,12.6,5,,2018-11-05T06:00:59,2018-11-05T17:19:03,0.91,Partially cloudy,Partly cloudy throughout the day.,partly-cloudy-day,"48820099999,48823099999,48825099999,48831099999,VVNB"
Hanoi,2018-11-06,30.5,22,26.1,32.5,22,26.8,21.2,76,0.9,100,16.67,rain,0,0,15.8,13.9,82.8,1015.4,31.9,8,141.2,12.3,6,,2018-11-06T06:01:31,2018-11-06T17:18:35,0.95,"Rain, Partially cloudy",Partly cloudy throughout the day with rain.,rain,"48820099999,48823099999,48825099999,48831099999,VVNB"
Hanoi,2018-11-07,30.5,24,26.8,33.3,24,27.9,21.9,76.1,4.4,100,58.33,rain,0,0,22.3,14.8,111.3,1015.8,53.5,9.3,86.6,7.4,4,,2018-11-07T06:02:03,2018-11-07T17:18:09,0,"Rain, Partially cloudy",Partly cloudy throughout the day with a chance of rain throughout the day.,rain,"48820099999,48823099999,48825099999,48831099999,VVNB"
Hanoi,2018-11-08,26,21.9,23.6,26,21.9,23.6,17.8,70.6,1.5,100,25,rain,0,0,40.3,25.9,21.8,1016.9,78.4,9.8,53.8,4.6,3,,2018-11-08T06:02:36,2018-11-08T17:17:43,0.02,"Rain, Partially cloudy",Partly cloudy throughout the day with rain clearing later.,rain,"48820099999,48823099999,48825099999,48831099999,VVNB"
Hanoi,2018-11-09,23.4,20.8,22,23.4,20.8,22,17.1,73.9,11.9,100,58.33,rain,0,0,24.1,9.4,353.2,1016.1,87.3,9.9,26.9,2.4,1,,2018-11-09T06:03:10,2018-11-09T17:17:19,0.05,"Rain, Partially cloudy",Partly cloudy throughout the day with a chance of rain throughout the day.,rain,"48820099999,48823099999,48825099999,48831099999,VVNB"
Hanoi,2018-11-10,24.5,20.7,22.4,24.5,20.7,22.4,21.2,93.4,4.028,100,8.33,rain,0,0,21.2,6.7,342.6,1015.9,90.8,5.8,44.2,3.9,3,,2018-11-10T06:03:44,2018-11-10T17:16:56,0.08,"Rain, Overcast",Cloudy skies throughout the day with rain.,rain,"48820099999,48823099999,48825099999,48831099999,VVNB"
Hanoi,2018-11-11,25.8,23,23.8,25.8,23,23.8,23,95.6,0.196,100,8.33,rain,0,0,19.1,9.8,24,1015.2,90.2,5.7,53.7,4.7,2,,2018-11-11T06:04:18,2018-11-11T17:16:34,0.11,"Rain, Overcast",Cloudy skies throughout the day with rain.,rain,"48820099999,48823099999,48825099999,48831099999,VVNB"
Hanoi,2018-11-12,26,22.7,24,26,22.7,24,22.5,91.9,13.888,100,12.5,rain,0,0,17.3,7.6,3,1013.4,88.6,8.8,94.3,8.2,4,,2018-11-12T06:04:53,2018-11-12T17:16:14,0.15,"Rain, Partially cloudy",Partly cloudy throughout the day with rain.,rain,"48820099999,48823099999,48825099999,48831099999,VVNB"
Hanoi,2018-11-13,27.5,22,24.6,29.3,22,24.7,22,86.2,0.983,100,4.17,rain,0,0,23.4,17.5,102.2,1012.1,68.8,8.7,42,3.8,2,,2018-11-13T06:05:28,2018-11-13T17:15:55,0.18,"Rain, Partially cloudy",Partly cloudy throughout the day with morning rain.,rain,"48820099999,48823099999,48825099999,48831099999,VVNB"
Hanoi,2018-11-14,29,23,25.6,31.7,23,26.4,22.2,82.7,0.295,100,4.17,rain,0,0,32.8,17.5,119.6,1011.7,56.6,8.2,134.4,11.7,6,,2018-11-14T06:06:03,2018-11-14T17:15:37,0.21,"Rain, Partially cloudy",Partly cloudy throughout the day with morning rain.,rain,"48820099999,48823099999,48825099999,48831099999,VVNB"
Hanoi,2018-11-15,30.5,24,26.3,34.4,24,27.7,23.5,85.5,0.6,100,12.5,rain,0,0,28.4,18.5,101.4,1012.2,51,8.7,141.7,12.2,6,,2018-11-15T06:06:39,2018-11-15T17:15:21,0.25,"Rain, Partially cloudy",Partly cloudy throughout the day with rain.,rain,"48820099999,48823099999,48825099999,48831099999,VVNB"
Hanoi,2018-11-16,30.5,24,26.8,34.2,24,28.3,23.1,81.7,0.4,100,16.67,rain,0,0,28.8,16.6,118.8,1012.3,70.9,8.9,135.1,11.6,5,,2018-11-16T06:07:16,2018-11-16T17:15:06,0.27,"Rain, Partially cloudy",Partly cloudy throughout the day with rain.,rain,"48820099999,48823099999,48825099999,48831099999,VVNB"
Hanoi,2018-11-17,30.3,24,26.2,33.9,24,27.2,23.3,85.4,1.3,100,20.83,rain,0,0,28.8,20.5,119.4,1012.6,71.8,8.4,96.6,8.4,4,,2018-11-17T06:07:52,2018-11-17T17:14:52,0.31,"Rain, Partially cloudy",Partly cloudy throughout the day with rain in the morning and afternoon.,rain,"48820099999,48823099999,48825099999,48831099999,VVNB"
Hanoi,2018-11-18,29.5,24,26.3,33.4,24,27.6,23.6,86.4,3.5,100,33.33,rain,0,0,30.2,18.4,107.9,1013.6,76,7.3,121.1,10.5,5,,2018-11-18T06:08:30,2018-11-18T17:14:39,0.34,"Rain, Partially cloudy",Partly cloudy throughout the day with rain.,rain,"48820099999,48823099999,48825099999,48831099999,VVNB"
Hanoi,2018-11-19,25.1,20.5,22.2,25.1,20.5,22.2,19.9,87.2,0.196,100,8.33,rain,0,0,29.9,19.4,60.1,1015.7,91.9,9.3,29.2,2.5,1,,2018-11-19T06:09:07,2018-11-19T17:14:28,0.37,"Rain, Overcast",Cloudy skies throughout the day with rain in the morning and afternoon.,rain,"48820099999,48823099999,48825099999,48831099999,VVNB"
Hanoi,2018-11-20,29.5,20,24.3,33,20,25.2,21.6,85.5,0.098,100,4.17,rain,0,0,17.6,19.4,101.5,1013.9,76.2,7.3,89.2,7.7,4,,2018-11-20T06:09:45,2018-11-20T17:14:18,0.4,"Rain, Partially cloudy",Partly cloudy throughout the day with morning rain.,rain,"48820099999,48823099999,48825099999,48831099999,VVNB"
Hanoi,2018-11-21,30.1,20.5,25.8,34.5,20.5,26.9,21.9,80.5,2.4,100,29.17,rain,0,0,46.1,28.8,73.1,1014.5,79.5,8.1,126.8,11,5,,2018-11-21T06:10:23,2018-11-21T17:14:10,0.43,"Rain, Partially cloudy",Partly cloudy throughout the day with rain.,rain,"48820099999,48823099999,48825099999,48831099999,VVNB"
Hanoi,2018-11-22,21,16,18.9,21,16,18.9,13,69.3,10.155,100,12.5,rain,0,0,26.3,23.2,20.4,1021.5,93.3,9.9,33.5,3,1,,2018-11-22T06:11:01,2018-11-22T17:14:03,0.47,"Rain, Overcast",Cloudy skies throughout the day with a chance of rain throughout the day.,rain,"48820099999,48823099999,48825099999,48831099999,VVNB"
Hanoi,2018-11-23,23.4,16.9,19.6,23.4,16.9,19.6,13,66.9,0,0,0,,0,0,18.7,12.5,23.6,1020.5,41.6,9.1,157.7,13.7,7,,2018-11-23T06:11:39,2018-11-23T17:13:57,0.5,Partially cloudy,Partly cloudy throughout the day.,partly-cloudy-day,"48820099999,48823099999,48825099999,48831099999,VVNB"
Hanoi,2018-11-24,24.8,16,20.3,24.8,16,20.3,15.7,76.2,0,0,0,,0,0,15.8,7.6,324.3,1018.3,63.1,6.8,160.2,13.9,7,,2018-11-24T06:12:18,2018-11-24T17:13:53,0.53,Partially cloudy,Partly cloudy throughout the day.,partly-cloudy-day,"48820099999,48823099999,48825099999,48831099999,VVNB"
Hanoi,2018-11-25,26.5,19,21.9,26.5,19,21.9,16.7,74.1,0.1,100,4.17,rain,0,0,24.8,16.6,340.6,1018.5,37.1,7.7,142.8,12.3,6,,2018-11-25T06:12:57,2018-11-25T17:13:50,0.57,"Rain, Partially cloudy",Partly cloudy throughout the day with early morning rain.,rain,"48820099999,48823099999,48825099999,48831099999,VVNB"
Hanoi,2018-11-26,26,19.5,22.1,26,19.5,22.1,16.1,70.4,0,0,0,,0,0,23.4,15.7,41.1,1018.8,23.9,7.8,185.1,16,7,,2018-11-26T06:13:36,2018-11-26T17:13:49,0.61,Partially cloudy,Partly cloudy throughout the day.,partly-cloudy-day,"48820099999,48823099999,48825099999,48831099999,VVNB"
Hanoi,2018-11-27,26.1,16,21,26.1,16,21,14.8,69.4,0.5,100,4.17,rain,0,0,21.2,8.5,1.9,1018.9,18.7,8,178.2,15.1,7,,2018-11-27T06:14:15,2018-11-27T17:13:49,0.64,Rain,Clear conditions throughout the day with afternoon rain.,rain,"48820099999,48823099999,48825099999,48831099999,VVNB"
Hanoi,2018-11-28,26,16,21,26,16,21,15.7,73.4,0,0,0,,0,0,21.6,10,308.4,1019.1,10.3,7,195.2,16.9,7,,2018-11-28T06:14:54,2018-11-28T17:13:50,0.68,Clear,Clear conditions throughout the day.,clear-day,"48820099999,48823099999,48825099999,48831099999,VVNB"
Hanoi,2018-11-29,26,17,21.7,26,17,21.7,16.5,73.5,0,0,0,,0,0,17.3,9.4,97.1,1019.8,25.5,6.6,169.2,14.7,7,,2018-11-29T06:15:33,2018-11-29T17:13:52,0.71,Partially cloudy,Partly cloudy throughout the day.,partly-cloudy-day,"48820099999,48823099999,48825099999,48831099999,VVNB"
Hanoi,2018-11-30,27.9,20.5,24,29.3,20.5,24.2,19.7,77.9,0.3,100,12.5,rain,0,0,17.6,12.1,100.5,1017.2,58.6,6,108.5,9.4,4,,2018-11-30T06:16:12,2018-11-30T17:13:56,0.75,"Rain, Partially cloudy",Partly cloudy throughout the day with rain in the morning and afternoon.,rain,"48820099999,48823099999,48825099999,48831099999,VVNB"
Hanoi,2018-12-01,27,22.7,24.3,29.3,22.7,24.5,22.5,90.2,15.139,100,12.5,rain,0,0,22.7,16.6,100.7,1015,83.8,6.4,49.4,4.3,2,,2018-12-01T06:16:51,2018-12-01T17:14:02,0.78,"Rain, Partially cloudy",Partly cloudy throughout the day with rain.,rain,"48820099999,48823099999,48825099999,48831099999,VVNB"
Hanoi,2018-12-02,30,23,25.7,32.6,23,26.5,22.2,82.6,0.2,100,8.33,rain,0,0,30.2,16.6,125.1,1012.6,55.8,8.5,123.8,10.5,5,,2018-12-02T06:17:30,2018-12-02T17:14:08,0.82,"Rain, Partially cloudy",Partly cloudy throughout the day with rain in the morning and afternoon.,rain,"48820099999,48823099999,48825099999,48831099999,VVNB"
Hanoi,2018-12-03,30,22.9,25.8,32.6,22.9,26.7,21.7,79.5,0,0,0,,0,0,29.5,18.5,133.6,1013.2,49.2,8.5,151,13,6,,2018-12-03T06:18:09,2018-12-03T17:14:16,0.85,Partially cloudy,Partly cloudy throughout the day.,partly-cloudy-day,"48820099999,48823099999,48825099999,48831099999,VVNB"
Hanoi,2018-12-04,30,23.7,26,32.6,23.7,26.7,22.4,82.2,0,0,0,,0,0,25.6,19.4,129.1,1014.4,64.1,8.3,130,11.3,6,,2018-12-04T06:18:48,2018-12-04T17:14:26,0.89,Partially cloudy,Partly cloudy throughout the day.,partly-cloudy-day,"48820099999,48823099999,48825099999,48831099999,VVNB"
Hanoi,2018-12-05,30,23.3,25.6,32.6,23.3,26.2,22,81.9,0.8,100,25,rain,0,0,32.8,20.3,123,1012.8,68.2,8,126.8,10.9,6,,2018-12-05T06:19:27,2018-12-05T17:14:36,0.93,"Rain, Partially cloudy",Partly cloudy throughout the day with a chance of rain throughout the day.,rain,"48820099999,48823099999,48825099999,48831099999,VVNB"
Hanoi,2018-12-06,30.5,23,25.8,33.3,23,26.6,21.8,80.1,0,0,0,,0,0,28.8,19.4,118.4,1012.7,63.5,8.3,139.6,12,5,,2018-12-06T06:20:06,2018-12-06T17:14:48,0.96,Partially cloudy,Partly cloudy throughout the day.,partly-cloudy-day,"48820099999,48823099999,48825099999,48831099999,VVNB,remote"
Hanoi,2018-12-07,27.3,17.5,23.3,29.3,17.5,23.4,20,83,0.098,100,4.17,rain,0,0,27.7,22.3,62.3,1015.5,88,8.4,36.7,3.2,2,,2018-12-07T06:20:44,2018-12-07T17:15:01,0,"Rain, Partially cloudy",Partly cloudy throughout the day with late afternoon rain.,rain,"48820099999,48823099999,48825099999,48831099999,VVNB"
Hanoi,2018-12-08,24.7,14,15.8,24.7,14,15.8,13.4,85.9,2.732,100,16.67,rain,0,0,30.2,25,39.1,1020.3,91.9,9.9,16.6,1.5,1,,2018-12-08T06:21:22,2018-12-08T17:15:16,0.03,"Rain, Overcast",Cloudy skies throughout the day with a chance of rain throughout the day.,rain,"48820099999,48823099999,48825099999,48831099999,VVNB"
Hanoi,2018-12-09,14.9,13.5,14.1,14.9,13.5,14.1,12.4,89.6,4.522,100,12.5,rain,0,0,21.6,17.5,37.8,1021.2,91.6,10,14.1,1.1,1,,2018-12-09T06:21:59,2018-12-09T17:15:31,0.06,"Rain, Overcast",Cloudy skies throughout the day with a chance of rain throughout the day.,rain,"48820099999,48823099999,48825099999,48831099999,VVNB"
Hanoi,2018-12-10,20,14,16.8,20,14,16.8,12.3,75.2,0.012,100,8.33,rain,0,0,19.4,13,35,1019.6,89.6,10,48.5,4.3,2,,2018-12-10T06:22:37,2018-12-10T17:15:48,0.09,"Rain, Partially cloudy",Partly cloudy throughout the day with rain.,rain,"48820099999,48823099999,48825099999,48831099999,VVNB"
Hanoi,2018-12-11,17.4,12,14.6,17.4,12,14.6,11.8,83.3,10.439,100,12.5,rain,0,0,23.4,20.5,34.1,1022.1,91.9,9.2,12.6,1.1,0,,2018-12-11T06:23:14,2018-12-11T17:16:06,0.13,"Rain, Overcast",Cloudy skies throughout the day with rain.,rain,"48820099999,48823099999,48825099999,48831099999,VVNB"
Hanoi,2018-12-12,13,11.1,12,13,11.1,12,9.8,86.6,33.118,100,16.67,rain,0,0,24.8,19.4,20.2,1026.2,92,9.5,22,1.9,1,,2018-12-12T06:23:50,2018-12-12T17:16:26,0.16,"Rain, Overcast",Cloudy skies throughout the day with a chance of rain throughout the day.,rain,"48820099999,48823099999,48825099999,48831099999,VVNB"
Hanoi,2018-12-13,15.4,12,13.4,15.4,12,13.4,8.2,71.4,0.793,100,4.17,rain,0,0,23,16.6,23.2,1026.2,89.9,10,41,3.6,2,,2018-12-13T06:24:26,2018-12-13T17:16:46,0.19,"Rain, Partially cloudy",Partly cloudy throughout the day with early morning rain.,rain,"48820099999,48823099999,48825099999,48831099999,VVNB,remote"
Hanoi,2018-12-14,18.1,13,15.6,18.1,13,15.6,9.2,65.9,0,0,0,,0,0,22.3,16.6,21,1025.5,88.6,10,70.8,6.1,3,,2018-12-14T06:25:02,2018-12-14T17:17:08,0.22,Partially cloudy,Partly cloudy throughout the day.,partly-cloudy-day,"48820099999,48823099999,48825099999,48831099999,VVNB"
Hanoi,2018-12-15,18,15,16.3,18,15,16.3,10.7,69.5,0,0,0,,0,0,19.1,11.2,19.9,1024,84.9,9.5,100,8.5,5,,2018-12-15T06:25:37,2018-12-15T17:17:31,0.25,Partially cloudy,Partly cloudy throughout the day.,partly-cloudy-day,"48820099999,48823099999,48825099999,48831099999,VVNB"
Hanoi,2018-12-16,19,15,16.8,19,15,16.8,11,68.6,0,0,0,,0,0,26.6,17.5,17.1,1024.5,60.1,9.9,70,5.9,3,,2018-12-16T06:26:11,2018-12-16T17:17:54,0.29,Partially cloudy,Partly cloudy throughout the day.,partly-cloudy-day,"48820099999,VVNB"
Hanoi,2018-12-17,23,14,17.9,23,14,17.9,10.2,62.2,0,0,0,,0,0,27.7,13.9,351,1023.1,7.6,10.7,183.9,15.9,7,,2018-12-17T06:26:45,2018-12-17T17:18:19,0.32,Clear,Clear conditions throughout the day.,clear-day,"48820099999,48823099999,48825099999,48831099999,VVNB"
Hanoi,2018-12-18,23,13,17.9,23,13,17.9,11.8,69.8,0,0,0,,0,0,18,12.1,84.4,1020.6,3,8,184.6,15.9,7,,2018-12-18T06:27:18,2018-12-18T17:18:45,0.35,Clear,Clear conditions throughout the day.,clear-day,"48820099999,48823099999,48825099999,48831099999,VVNB"
Hanoi,2018-12-19,26,16,20.5,26,16,20.5,15.7,75.4,0,0,0,,0,0,24.8,15.7,116.3,1016.9,52.3,6.2,143.8,12.5,6,,2018-12-19T06:27:50,2018-12-19T17:19:12,0.39,Partially cloudy,Clearing in the afternoon.,partly-cloudy-day,"48820099999,48823099999,48825099999,48831099999,VVNB"
Hanoi,2018-12-20,27.7,19,22.7,29,19,22.9,18.5,78.5,0,0,0,,0,0,25.6,15.7,138,1013.6,46.4,7.3,115.8,10,4,,2018-12-20T06:28:22,2018-12-20T17:19:40,0.42,Partially cloudy,Clearing in the afternoon.,partly-cloudy-day,"48820099999,48823099999,48825099999,48831099999,VVNB"
Hanoi,2018-12-21,27.5,21.7,24.2,28.9,21.7,24.4,20.2,79.7,0.2,100,8.33,rain,0,0,18.7,14.8,154.2,1012.6,57.5,5.9,98.7,8.5,4,,2018-12-21T06:28:53,2018-12-21T17:20:09,0.45,"Rain, Partially cloudy",Partly cloudy throughout the day with rain in the morning and afternoon.,rain,"48820099999,48823099999,48825099999,48831099999,VVNB"
Hanoi,2018-12-22,28,22,24.4,29.9,22,24.9,21.1,82.6,0.157,100,4.17,rain,0,0,21.2,17.5,126.2,1014.8,68.7,6.7,93.6,8,4,,2018-12-22T06:29:23,2018-12-22T17:20:39,0.48,"Rain, Partially cloudy",Partly cloudy throughout the day with afternoon rain.,rain,"48820099999,48823099999,48825099999,48831099999,VVNB"
Hanoi,2018-12-23,27,21,23.3,28.2,21,23.5,20.2,83.3,1.6,100,41.67,rain,0,0,34.6,12.1,101.2,1016.6,79.5,7.4,56.5,4.8,3,,2018-12-23T06:29:52,2018-12-23T17:21:09,0.5,"Rain, Partially cloudy",Partly cloudy throughout the day with a chance of rain throughout the day.,rain,"48820099999,48823099999,48825099999,48831099999,VVNB"
Hanoi,2018-12-24,24,19,21.4,24,19,21.4,15.9,71.1,0.1,100,4.17,rain,0,0,21.2,20.5,98.4,1016.1,83.3,8.8,91.1,7.9,5,,2018-12-24T06:30:21,2018-12-24T17:21:41,0.55,"Rain, Partially cloudy",Partly cloudy throughout the day with early morning rain.,rain,"48820099999,48823099999,48825099999,48831099999,VVNB"
Hanoi,2018-12-25,27,19,22.2,27.9,19,22.3,17.4,75.3,0,0,0,,0,0,21.2,21.4,119.4,1012.6,65.1,7.8,135.5,11.6,5,,2018-12-25T06:30:48,2018-12-25T17:22:13,0.59,Partially cloudy,Partly cloudy throughout the day.,partly-cloudy-day,"48820099999,48823099999,48825099999,48831099999,VVNB"
Hanoi,2018-12-26,28,20,23.2,29.1,20,23.4,19.2,80.1,0.1,100,4.17,rain,0,0,19.8,16.6,107.3,1012.1,55.1,7.5,106,9.1,5,,2018-12-26T06:31:15,2018-12-26T17:22:46,0.62,"Rain, Partially cloudy",Partly cloudy throughout the day with morning rain.,rain,"48820099999,48823099999,48825099999,48831099999,VVNB"
Hanoi,2018-12-27,25.9,19.5,22.4,25.9,19.5,22.4,18.7,80.2,3.3,100,45.83,rain,0,0,24.1,17.5,82,1013.8,85.2,7.2,25.6,2.3,1,,2018-12-27T06:31:41,2018-12-27T17:23:20,0.66,"Rain, Partially cloudy",Partly cloudy throughout the day with a chance of rain throughout the day.,rain,"48820099999,48823099999,48825099999,48831099999,VVNB"
Hanoi,2018-12-28,20.3,13,16.1,20.3,13,16.1,14.5,91,12.07,100,16.67,rain,0,0,28.1,20.5,31.7,1019.2,91.9,7,17.3,1.5,1,,2018-12-28T06:32:05,2018-12-28T17:23:54,0.69,"Rain, Overcast",Cloudy skies throughout the day with a chance of rain throughout the day.,rain,"48820099999,48823099999,48825099999,48831099999,VVNB"
Hanoi,2018-12-29,14.1,10.9,12.6,14.1,10.9,12.6,9.2,80,0.983,100,8.33,rain,0,0,27.4,23.2,24,1025,91.3,9.4,25.1,2.2,1,,2018-12-29T06:32:29,2018-12-29T17:24:29,0.75,"Rain, Overcast",Cloudy skies throughout the day with rain.,rain,"48820099999,48823099999,48825099999,48831099999,VVNB"
Hanoi,2018-12-30,11.3,8.9,9.8,11.3,6.4,8.8,5.9,77.1,10.432,100,12.5,rain,0,0,32.8,19.8,7.2,1028.4,90.1,9.8,19,1.7,1,,2018-12-30T06:32:52,2018-12-30T17:25:05,0.76,"Rain, Overcast",Cloudy skies throughout the day with a chance of rain throughout the day.,rain,"48820099999,48823099999,48825099999,48831099999,VVNB"
Hanoi,2018-12-31,14,8.7,11.3,14,6.6,10.7,5.6,68.7,5.895,100,4.17,rain,0,0,25.6,16.6,12.7,1028.9,80.4,9.8,65.5,5.6,3,,2018-12-31T06:33:13,2018-12-31T17:25:42,0.8,"Rain, Partially cloudy",Partly cloudy throughout the day with morning rain.,rain,"48820099999,48823099999,48825099999,48831099999,VVNB"
Hanoi,2019-01-01,13,11,11.8,13,11,11.8,5.3,64.6,0,0,0,,0,0,26.3,19.4,11.6,1028.4,89,10,50.8,4.3,2,,2019-01-01T06:33:34,2019-01-01T17:26:19,0.83,Partially cloudy,Partly cloudy throughout the day.,partly-cloudy-day,"48820099999,48823099999,48825099999,48831099999,VVNB"
Hanoi,2019-01-02,17,11.5,14.1,17,11.5,14.1,7.1,62.9,0.1,100,4.17,rain,0,0,22.3,17.5,0,1026.9,86.7,9.4,43.1,3.8,2,,2019-01-02T06:33:53,2019-01-02T17:26:56,0.87,"Rain, Partially cloudy",Partly cloudy throughout the day with late afternoon rain.,rain,"48820099999,48823099999,48825099999,48831099999,VVNB"
Hanoi,2019-01-03,18.3,13,15.3,18.3,13,15.3,9.1,66.4,0.007,100,4.17,rain,0,0,16.6,13,38,1024.5,80.6,10,45.5,3.8,2,,2019-01-03T06:34:11,2019-01-03T17:27:34,0.9,"Rain, Partially cloudy",Partly cloudy throughout the day with afternoon rain.,rain,"48820099999,48823099999,48825099999,48831099999,VVNB"
Hanoi,2019-01-04,19,13,16.3,19,13,16.3,12.4,78.1,0.884,100,4.17,rain,0,0,19.1,10.3,53.6,1022.3,83.3,8.6,47.4,3.9,2,,2019-01-04T06:34:28,2019-01-04T17:28:12,0.94,"Rain, Partially cloudy",Partly cloudy throughout the day with morning rain.,rain,"48820099999,48823099999,48825099999,48831099999,VVNB"
Hanoi,2019-01-05,22,16,19,22,16,19,15.2,79.5,0,0,0,,0,0,18.4,11.2,38.5,1020.5,77.3,7.5,89.3,7.8,4,,2019-01-05T06:34:44,2019-01-05T17:28:51,0.97,Partially cloudy,Partly cloudy throughout the day.,partly-cloudy-day,"48820099999,48823099999,48825099999,48831099999,VVNB"
Hanoi,2019-01-06,20.5,16,18.3,20.5,16,18.3,15.4,84.1,0.104,100,12.5,rain,0,0,17.3,12.1,58.1,1020.1,80.6,8.6,43.1,3.6,2,,2019-01-06T06:34:58,2019-01-06T17:29:30,0,"Rain, Partially cloudy",Partly cloudy throughout the day with a chance of rain throughout the day.,rain,"48820099999,48823099999,48825099999,48831099999,VVNB"
Hanoi,2019-01-07,20.8,17,18.5,20.8,17,18.5,18.1,97.5,0.098,100,4.17,rain,0,0,11.9,12.1,54.6,1019,83.3,3.8,31.1,2.7,1,,2019-01-07T06:35:12,2019-01-07T17:30:10,0.04,"Rain, Partially cloudy",Partly cloudy throughout the day with afternoon rain.,rain,"48820099999,48823099999,48825099999,48831099999,VVNB"
Hanoi,2019-01-08,18.8,15.5,17,18.8,15.5,17,16.3,96,0.81,100,8.33,rain,0,0,20.2,22.3,49.3,1019,74.7,7.2,19.9,1.8,1,,2019-01-08T06:35:24,2019-01-08T17:30:49,0.07,"Rain, Partially cloudy",Partly cloudy throughout the day with rain.,rain,"48820099999,48823099999,48825099999,48831099999,VVNB"
Hanoi,2019-01-09,14.5,13,13.6,14.5,13,13.6,13.4,98.4,4.964,100,12.5,rain,0,0,33.5,17.5,26.3,1020.8,75.8,7.5,21.3,1.7,1,,2019-01-09T06:35:35,2019-01-09T17:31:29,0.1,"Rain, Partially cloudy",Partly cloudy throughout the day with a chance of rain throughout the day.,rain,"48820099999,48823099999,48825099999,48831099999,VVNB"
Hanoi,2019-01-10,16.5,13.5,15,16.5,13.5,15,14.7,97.8,1.017,100,8.33,rain,0,0,16.2,9.4,17.1,1019,78.5,5.5,32.1,2.8,2,,2019-01-10T06:35:45,2019-01-10T17:32:10,0.14,"Rain, Partially cloudy",Partly cloudy throughout the day with rain.,rain,"48820099999,48823099999,48825099999,48831099999,VVNB"
Hanoi,2019-01-11,19.9,16,17.7,19.9,16,17.7,17.1,96.4,0.2,100,8.33,rain,0,0,13.7,7.4,348.9,1018.1,73.7,4.9,47.4,4.1,2,,2019-01-11T06:35:53,2019-01-11T17:32:50,0.17,"Rain, Partially cloudy",Partly cloudy throughout the day with morning rain.,rain,"48820099999,48823099999,48825099999,48831099999,VVNB"
Hanoi,2019-01-12,22.5,18,19.9,22.5,18,19.9,18.9,94.5,0.098,100,4.17,rain,0,0,16.2,13.9,111.4,1017.5,84.1,3.9,47.3,4,2,,2019-01-12T06:36:00,2019-01-12T17:33:31,0.2,"Rain, Partially cloudy",Partly cloudy throughout the day with afternoon rain.,rain,"48820099999,48823099999,48825099999,48831099999,VVNB"
Hanoi,2019-01-13,22.8,19,20.6,22.8,19,20.6,19.5,93.7,0.6,100,25,rain,0,0,24.5,15.7,118.7,1016.7,82.7,5.9,59.2,5,2,,2019-01-13T06:36:06,2019-01-13T17:34:11,0.24,"Rain, Partially cloudy",Partly cloudy throughout the day with a chance of rain throughout the day.,rain,"48820099999,48823099999,48825099999,48831099999,VVNB"
Hanoi,2019-01-14,24,19.5,21.2,24,19.5,21.2,20,93.7,5.3,100,37.5,rain,0,0,29.5,17.6,111.8,1015.3,74.2,4.9,59.5,5.1,3,,2019-01-14T06:36:10,2019-01-14T17:34:52,0.25,"Rain, Partially cloudy",Partly cloudy throughout the day with a chance of rain throughout the day.,rain,"48820099999,48823099999,48825099999,48831099999,VVNB"
Hanoi,2019-01-15,21.3,16,19.2,21.3,16,19.2,17,87.4,0.1,100,8.33,rain,0,0,34.2,24.1,55.7,1017.5,78.3,7.1,31.6,2.6,1,,2019-01-15T06:36:13,2019-01-15T17:35:33,0.3,"Rain, Partially cloudy",Partly cloudy throughout the day with rain in the morning and afternoon.,rain,"48820099999,48823099999,48825099999,48831099999,VVNB"
Hanoi,2019-01-16,15.5,12,13.5,15.5,12,13.5,10.2,81.2,0.295,100,4.17,rain,0,0,24.8,16.7,18.5,1021.7,82.8,9.9,22.6,1.8,1,,2019-01-16T06:36:15,2019-01-16T17:36:14,0.33,"Rain, Partially cloudy",Partly cloudy throughout the day with late afternoon rain.,rain,"48820099999,48823099999,48825099999,48831099999,VVNB"
Hanoi,2019-01-17,16.1,12,14.3,16.1,12,14.3,9,70.8,0,0,0,,0,0,19.8,14.8,18,1023.3,84.5,9.9,54.6,4.6,2,,2019-01-17T06:36:16,2019-01-17T17:36:54,0.37,Partially cloudy,Partly cloudy throughout the day.,partly-cloudy-day,"48820099999,48823099999,48825099999,48831099999,VVNB"
Hanoi,2019-01-18,17.9,14,15.5,17.9,14,15.5,10.7,73.2,0,0,0,,0,0,15.8,9.4,54.1,1021.2,82,7.6,103.8,9,4,,2019-01-18T06:36:15,2019-01-18T17:37:35,0.4,Partially cloudy,Partly cloudy throughout the day.,partly-cloudy-day,"48820099999,48823099999,48825099999,48831099999,VVNB"
Hanoi,2019-01-19,21.1,15,17.9,21.1,15,17.9,14.2,79.1,0,0,0,,0,0,13.3,6.8,351.1,1017.9,82.2,5.6,109.1,9.4,5,,2019-01-19T06:36:12,2019-01-19T17:38:16,0.43,Partially cloudy,Partly cloudy throughout the day.,partly-cloudy-day,"48820099999,48823099999,48825099999,48831099999,VVNB"
Hanoi,2019-01-20,19.6,18,18.6,19.6,18,18.6,17.8,95.4,0.098,100,4.17,rain,0,0,36.7,9.6,292.5,1018.1,88.6,4.1,38.8,3.2,1,,2019-01-20T06:36:09,2019-01-20T17:38:56,0.47,"Rain, Partially cloudy",Partly cloudy throughout the day with afternoon rain.,rain,"48820099999,48823099999,48825099999,48831099999,VVNB"
Hanoi,2019-01-21,19,14.5,15.8,19,14.5,15.8,11.8,77.7,2.179,100,8.33,rain,0,0,32,23.9,28.5,1022.8,81.4,9.7,28.8,2.6,1,,2019-01-21T06:36:04,2019-01-21T17:39:36,0.5,"Rain, Partially cloudy",Partly cloudy throughout the day with rain in the morning and afternoon.,rain,"48820099999,48823099999,48825099999,48831099999,VVNB"
Hanoi,2019-01-22,19,13.5,15.6,19,13.5,15.6,7.7,59.8,0.1,100,4.17,rain,0,0,26.3,13.9,29.8,1023.6,67,9.2,121.1,10.6,5,,2019-01-22T06:35:58,2019-01-22T17:40:16,0.53,"Rain, Partially cloudy",Partly cloudy throughout the day with early morning rain.,rain,"48820099999,48823099999,48825099999,48831099999,VVNB"
Hanoi,2019-01-23,19.5,12.5,16.4,19.5,12.5,16.4,10.5,68.7,0,0,0,,0,0,15.5,11.2,70.8,1020.4,73.2,6.1,152.2,13.1,6,,2019-01-23T06:35:50,2019-01-23T17:40:56,0.57,Partially cloudy,Partly cloudy throughout the day.,partly-cloudy-day,"48820099999,48823099999,48825099999,48831099999,VVNB"
Hanoi,2019-01-24,19.9,16,17.7,19.9,16,17.7,13.2,75.4,0.1,100,4.17,rain,0,0,22.7,10.3,80.4,1018.5,84,4.9,94.4,8,4,,2019-01-24T06:35:41,2019-01-24T17:41:36,0.6,"Rain, Partially cloudy",Partly cloudy throughout the day with afternoon rain.,rain,"48820099999,48823099999,48825099999,48831099999,VVNB"
Hanoi,2019-01-25,20,17,18.2,20,17,18.2,17,92.6,1.8,100,25,rain,0,0,15.8,11.2,281,1020.1,64.8,2.9,91.5,7.9,4,,2019-01-25T06:35:31,2019-01-25T17:42:16,0.64,"Rain, Partially cloudy",Partly cloudy throughout the day with rain.,rain,"48820099999,48823099999,48825099999,48831099999,VVNB"
Hanoi,2019-01-26,21.5,16,18.9,21.5,16,18.9,15.7,82.7,0.9,100,29.17,rain,0,0,19.4,10.3,17.7,1022.2,70.1,4.4,42,3.6,2,,2019-01-26T06:35:20,2019-01-26T17:42:55,0.67,"Rain, Partially cloudy",Partly cloudy throughout the day with a chance of rain throughout the day.,rain,"48820099999,48823099999,48825099999,48831099999,VVNB"
Hanoi,2019-01-27,22.4,13,18,22.4,13,18,14.9,83.5,0.1,100,4.17,rain,0,0,25.6,12.1,118.9,1021.2,39.6,4.2,117.2,10.1,4,,2019-01-27T06:35:07,2019-01-27T17:43:34,0.7,"Rain, Partially cloudy",Partly cloudy throughout the day with afternoon rain.,rain,"48820099999,48823099999,48825099999,48831099999,VVNB"
Hanoi,2019-01-28,24.5,16,20,24.5,16,20,15.8,78.8,0.2,100,8.33,rain,0,0,15.8,18.4,123.9,1018.8,36.2,6,100.3,8.5,4,,2019-01-28T06:34:53,2019-01-28T17:44:12,0.75,"Rain, Partially cloudy",Partly cloudy throughout the day with morning rain.,rain,"48820099999,48823099999,48825099999,48831099999,VVNB"
Hanoi,2019-01-29,23.7,18,21,23.7,18,21,17.3,80.3,0,0,0,,0,0,20.9,14.8,118.1,1018.3,63.6,7.2,101.4,8.9,4,,2019-01-29T06:34:37,2019-01-29T17:44:50,0.77,Partially cloudy,Partly cloudy throughout the day.,partly-cloudy-day,"48820099999,48823099999,48825099999,48831099999,VVNB"
Hanoi,2019-01-30,27,20,22.5,27.9,20,22.6,18.9,81.6,0.098,100,4.17,rain,0,0,42.1,27.9,135.2,1017.1,63.7,8.3,123.8,10.6,5,,2019-01-30T06:34:21,2019-01-30T17:45:28,0.81,"Rain, Partially cloudy",Partly cloudy throughout the day with afternoon rain.,rain,"48820099999,48823099999,48825099999,48831099999,VVNB"
Hanoi,2019-01-31,26.5,20,22.5,26.5,20,22.5,19,81.8,1.2,100,29.17,rain,0,0,21.2,19.4,94.3,1018.4,65.6,7.6,114.6,10,5,,2019-01-31T06:34:03,2019-01-31T17:46:06,0.84,"Rain, Partially cloudy",Partly cloudy throughout the day with rain.,rain,"48820099999,48823099999,48825099999,48831099999,VVNB"
Hanoi,2019-02-01,24,19,21.2,24,19,21.2,17.6,80.6,0.5,100,16.67,rain,0,0,31.3,17.5,119.7,1019.2,52.9,7.5,111.1,9.6,5,,2019-02-01T06:33:44,2019-02-01T17:46:43,0.87,"Rain, Partially cloudy",Partly cloudy throughout the day with rain.,rain,"48820099999,48823099999,48825099999,48831099999,VVNB"
Hanoi,2019-02-02,25,18,21.1,25,18,21.1,16.7,76.4,0,0,0,,0,0,26.6,16.6,125.8,1015.3,68.4,7.4,129,11.1,6,,2019-02-02T06:33:23,2019-02-02T17:47:20,0.91,Partially cloudy,Partly cloudy throughout the day.,partly-cloudy-day,"48820099999,48823099999,48825099999,48831099999,VVNB"
Hanoi,2019-02-03,25,19,22.1,25,19,22.1,18.9,82.5,0,0,0,,0,0,18.4,13.9,106.6,1015.2,71.7,6.6,116.6,10.2,5,,2019-02-03T06:33:01,2019-02-03T17:47:56,0.94,Partially cloudy,Partly cloudy throughout the day.,partly-cloudy-day,"48820099999,48823099999,48825099999,48831099999,VVNB"
Hanoi,2019-02-04,26.5,21,23.1,26.5,21,23.1,20.2,84.8,0.098,100,4.17,rain,0,0,28.4,17.5,118.1,1016,66.5,7.7,107.2,9.4,5,,2019-02-04T06:32:39,2019-02-04T17:48:32,0.98,"Rain, Partially cloudy",Partly cloudy throughout the day with afternoon rain.,rain,"48820099999,48823099999,48825099999,48831099999,VVNB"
Hanoi,2019-02-05,28,20.5,23.6,28.9,20.5,23.7,20.2,83,0.5,100,20.83,rain,0,0,24.1,14.8,109.1,1014.3,52.1,8.1,152.3,13.2,6,,2019-02-05T06:32:14,2019-02-05T17:49:07,0,"Rain, Partially cloudy",Partly cloudy throughout the day with rain clearing later.,rain,"48820099999,48823099999,48825099999,48831099999,VVNB"
Hanoi,2019-02-06,29,22,24.7,30.5,22,25.2,20.7,80.2,0.1,100,4.17,rain,0,0,34.6,25,133.1,1011.2,46.2,9.7,140.5,11.9,5,,2019-02-06T06:31:49,2019-02-06T17:49:42,0.04,"Rain, Partially cloudy",Partly cloudy throughout the day with morning rain.,rain,"48820099999,48823099999,48825099999,48831099999,VVNB"
Hanoi,2019-02-07,30.3,21.5,25.1,32.4,21.5,25.6,20.8,79.1,0,0,0,,0,0,22.7,21.4,120.2,1010.6,40.2,8.8,197.6,16.9,8,,2019-02-07T06:31:23,2019-02-07T17:50:17,0.08,Partially cloudy,Clearing in the afternoon.,partly-cloudy-day,"48820099999,48823099999,48825099999,48831099999,VVNB"
Hanoi,2019-02-08,31,21,25.3,32.7,21,25.8,20.6,77.6,0.1,100,4.17,rain,0,0,20.9,21.2,119.2,1009.8,48.9,9,196.2,17,8,,2019-02-08T06:30:55,2019-02-08T17:50:51,0.11,"Rain, Partially cloudy",Clearing in the afternoon with morning rain.,rain,"48820099999,48823099999,48825099999,48831099999,VVNB"
Hanoi,2019-02-09,30,22,25,31.9,22,25.4,20.1,75.5,0.2,100,8.33,rain,0,0,29.9,25,121.8,1012.6,67.7,8.9,168.2,14.4,7,,2019-02-09T06:30:26,2019-02-09T17:51:24,0.15,"Rain, Partially cloudy",Partly cloudy throughout the day with morning rain.,rain,"48820099999,48823099999,48825099999,48831099999,VVNB"
Hanoi,2019-02-10,28,23,25.1,29.7,23,25.6,21,78.8,1.4,100,41.67,rain,0,0,37.4,21.4,131.8,1016.8,72.9,9.7,102.2,8.9,4,,2019-02-10T06:29:57,2019-02-10T17:51:57,0.18,"Rain, Partially cloudy",Partly cloudy throughout the day with a chance of rain throughout the day.,rain,"48820099999,48823099999,48825099999,48831099999,VVNB"
Hanoi,2019-02-11,24,16.5,20.8,24,16.5,20.8,18.6,87.7,1.375,100,8.33,rain,0,0,25.9,19.4,92.8,1020.8,75,6.4,33.1,3,2,,2019-02-11T06:29:26,2019-02-11T17:52:30,0.21,"Rain, Partially cloudy",Partly cloudy throughout the day with rain.,rain,"48820099999,48823099999,48825099999,48831099999,VVNB"
Hanoi,2019-02-12,22,16,19.3,22,16,19.3,18.3,94.5,0.394,100,8.33,rain,0,0,19.8,16.6,99.6,1021.2,79.9,5.3,60.4,5.1,3,,2019-02-12T06:28:54,2019-02-12T17:53:02,0.25,"Rain, Partially cloudy",Partly cloudy throughout the day with rain.,rain,"48820099999,48823099999,48825099999,48831099999,VVNB"
Hanoi,2019-02-13,25,19.6,21.9,25,19.6,21.9,20.1,90.3,0.491,100,8.33,rain,0,0,29.2,20.5,127.4,1018.7,76.4,6.3,84.9,7.2,4,,2019-02-13T06:28:21,2019-02-13T17:53:33,0.25,"Rain, Partially cloudy",Partly cloudy throughout the day with rain in the morning and afternoon.,rain,"48820099999,48823099999,48825099999,48831099999,VVNB"
Hanoi,2019-02-14,26.5,20,23,26.5,20,23,19.8,83.5,0.2,100,8.33,rain,0,0,38.2,20.5,119.3,1016.8,65.1,8.8,126,10.8,6,,2019-02-14T06:27:46,2019-02-14T17:54:04,0.32,"Rain, Partially cloudy",Partly cloudy throughout the day with morning rain.,rain,"48820099999,48823099999,48825099999,48831099999,VVNB"
Hanoi,2019-02-15,25.7,21.9,23.3,25.7,21.9,23.3,21.2,88.5,0.098,100,4.17,rain,0,0,36,21.4,127.8,1016.2,70.2,8,91.1,7.8,4,,2019-02-15T06:27:11,2019-02-15T17:54:35,0.35,"Rain, Partially cloudy",Partly cloudy throughout the day with afternoon rain.,rain,"48820099999,48823099999,48825099999,48831099999,VVNB"
Hanoi,2019-02-16,25.5,22,23.4,25.5,22,23.4,22.5,94.6,0.1,100,4.17,rain,0,0,33.8,17.5,124.2,1014.1,70.5,7.7,111.4,9.7,4,,2019-02-16T06:26:35,2019-02-16T17:55:05,0.38,"Rain, Partially cloudy",Partly cloudy throughout the day with afternoon rain.,rain,"48820099999,48823099999,48825099999,48831099999,VVNB"
Hanoi,2019-02-17,23.4,21.7,22.5,23.4,21.7,22.5,22.1,97.8,3.105,100,12.5,rain,0,0,40.3,22.3,121.2,1011.3,80.6,8,39.4,3.6,2,,2019-02-17T06:25:58,2019-02-17T17:55:35,0.42,"Rain, Partially cloudy",Partly cloudy throughout the day with a chance of rain throughout the day.,rain,"48820099999,48823099999,48825099999,48831099999,VVNB"
Hanoi,2019-02-18,29,18,23.3,30.8,18,23.7,20.2,84,14.738,100,8.33,rain,0,0,29.5,19.4,89.6,1009.6,51.9,8.8,195.4,16.9,7,,2019-02-18T06:25:20,2019-02-18T17:56:04,0.45,"Rain, Partially cloudy",Partly cloudy throughout the day with rain clearing later.,rain,"48820099999,48823099999,48825099999,48831099999,VVNB"
Hanoi,2019-02-19,27.5,22.7,24.6,29.7,22.7,24.9,21.9,86.1,0.3,100,12.5,rain,0,0,32,21.4,113,1012,77.2,7.4,156.9,13.6,7,,2019-02-19T06:24:41,2019-02-19T17:56:32,0.5,"Rain, Partially cloudy",Partly cloudy throughout the day with morning rain.,rain,"48820099999,48823099999,48825099999,48831099999,VVNB"
Hanoi,2019-02-20,29,23.5,25.7,31.7,23.5,26.4,22.3,82.7,0.5,100,12.5,rain,0,0,29.9,25,124.3,1013.8,69.9,8.4,188.7,16.4,8,,2019-02-20T06:24:02,2019-02-20T17:57:01,0.52,"Rain, Partially cloudy",Partly cloudy throughout the day with rain in the morning and afternoon.,rain,"48820099999,48823099999,48825099999,48831099999,VVNB"
Hanoi,2019-02-21,30,24,26.2,33.3,24,27.1,22.3,80.5,1.5,100,20.83,rain,0,0,29.9,26.8,115.6,1013.5,61.1,9.2,192.1,16.6,8,,2019-02-21T06:23:21,2019-02-21T17:57:28,0.55,"Rain, Partially cloudy",Partly cloudy throughout the day with rain.,rain,"48820099999,48823099999,48825099999,48831099999,VVNB"
Hanoi,2019-02-22,22.3,16,18.4,22.3,16,18.4,14.4,78.1,2.063,100,8.33,rain,0,0,26.3,23.2,59.4,1015,88,8.4,39.4,3.4,2,,2019-02-22T06:22:40,2019-02-22T17:57:55,0.58,"Rain, Partially cloudy",Partly cloudy throughout the day with rain.,rain,"48820099999,48823099999,48825099999,48831099999,VVNB"
Hanoi,2019-02-23,17.5,15,16.3,17.5,15,16.3,15.5,95,0.465,100,8.33,rain,0,0,27.7,23.2,34.7,1013.8,74.2,6.6,28.4,2.3,1,,2019-02-23T06:21:57,2019-02-23T17:58:22,0.62,"Rain, Partially cloudy",Partly cloudy throughout the day with rain.,rain,"48820099999,48823099999,48825099999,48831099999,VVNB"
Hanoi,2019-02-24,17.8,14,15.8,17.8,14,15.8,10.3,70.5,0.107,100,8.33,rain,0,0,18.7,16.6,44.3,1016.6,79.8,9.4,55.3,4.7,2,,2019-02-24T06:21:14,2019-02-24T17:58:48,0.65,"Rain, Partially cloudy",Partly cloudy throughout the day with rain.,rain,"48820099999,48823099999,48825099999,48831099999,VVNB"
Hanoi,2019-02-25,18.4,14,15.9,18.4,14,15.9,12.6,81.8,0.4,100,8.33,rain,0,0,18.7,12.1,46.4,1016.9,71.6,8.6,64.5,5.5,3,,2019-02-25T06:20:31,2019-02-25T17:59:14,0.68,"Rain, Partially cloudy",Partly cloudy throughout the day with rain.,rain,"48820099999,48823099999,48825099999,48831099999,VVNB"
Hanoi,2019-02-26,19.1,15,17.1,19.1,15,17.1,15.8,92.7,0.198,100,8.33,rain,0,0,22.3,11.2,49.5,1015.3,75.4,5.3,77.2,6.6,3,,2019-02-26T06:19:46,2019-02-26T17:59:40,0.75,"Rain, Partially cloudy",Partly cloudy throughout the day with rain.,rain,"48820099999,48823099999,48825099999,48831099999,VVNB"
Hanoi,2019-02-27,24.3,17,20.3,24.3,17,20.3,18.1,88.2,0.197,100,4.17,rain,0,0,24.5,11.2,26.8,1012.8,67.2,4.9,100.5,8.8,4,,2019-02-27T06:19:01,2019-02-27T18:00:05,0.75,"Rain, Partially cloudy",Partly cloudy throughout the day with morning rain.,rain,"48820099999,48823099999,48825099999,48831099999,VVNB"
Hanoi,2019-02-28,26,21,23,26,21,23,21.4,91,0.3,100,12.5,rain,0,0,29.9,17.6,126.2,1012.1,65.8,4.6,104.5,9,4,,2019-02-28T06:18:15,2019-02-28T18:00:29,0.78,"Rain, Partially cloudy",Partly cloudy throughout the day with rain in the morning and afternoon.,rain,"48820099999,48823099999,48825099999,48831099999,VVNB"
Hanoi,2019-03-01,27,20,23.8,28.9,20,24,21.2,87,2.052,100,8.33,rain,0,0,36.7,21.4,122.1,1011.8,62.7,7.6,109.5,9.5,4,,2019-03-01T06:17:28,2019-03-01T18:00:53,0.82,"Rain, Partially cloudy",Partly cloudy throughout the day with rain clearing later.,rain,"48820099999,48823099999,48825099999,48831099999,VVNB"
Hanoi,2019-03-02,29,22,24.7,31.4,22,25,22.1,86.7,0.491,100,4.17,rain,0,0,30.6,22.3,112.9,1008.9,69.5,8,135.8,11.9,5,,2019-03-02T06:16:41,2019-03-02T18:01:17,0.85,"Rain, Partially cloudy",Partly cloudy throughout the day with late afternoon rain.,rain,"48820099999,48823099999,48825099999,48831099999,VVNB"
Hanoi,2019-03-03,29.6,23,25.3,32.3,23,25.9,21.5,80.9,0.7,100,20.83,rain,0,0,36.4,22.3,113.6,1008.9,69.1,9.1,77.1,6.7,3,,2019-03-03T06:15:53,2019-03-03T18:01:40,0.88,"Rain, Partially cloudy",Partly cloudy throughout the day with rain.,rain,"48820099999,48823099999,48825099999,48831099999,VVNB"
Hanoi,2019-03-04,24,22,22.6,24,22,22.6,19.9,85.2,0.378,100,8.33,rain,0,0,40,17.6,127.6,1008.4,84.1,7.6,64.5,5.6,3,,2019-03-04T06:15:05,2019-03-04T18:02:03,0.92,"Rain, Partially cloudy",Partly cloudy throughout the day with rain.,rain,"48820099999,48823099999,48825099999,48831099999,VVNB"
Hanoi,2019-03-05,29.5,23,25.7,32.7,23,26.5,23,86.1,0.098,100,4.17,rain,0,0,22.7,18.5,118.9,1007.3,78.2,7.7,172.6,14.9,7,,2019-03-05T06:14:16,2019-03-05T18:02:26,0.95,"Rain, Partially cloudy",Partly cloudy throughout the day with early morning rain.,rain,"48820099999,48823099999,48825099999,48831099999,VVNB"
Hanoi,2019-03-06,25,19,22.9,25,19,22.9,18.3,76.5,2.7,100,50,rain,0,0,42.5,25.9,49.6,1011.1,82.1,9.5,61.3,5.3,2,,2019-03-06T06:13:26,2019-03-06T18:02:48,0,"Rain, Partially cloudy",Partly cloudy throughout the day with a chance of rain throughout the day.,rain,"48820099999,48823099999,48825099999,48831099999,VVNB"
Hanoi,2019-03-07,19.2,17,18.1,19.2,17,18.1,14.4,79.5,0.196,100,8.33,rain,0,0,33.5,15.7,32.2,1014.2,82.8,9.7,67.5,5.8,3,,2019-03-07T06:12:36,2019-03-07T18:03:10,0.02,"Rain, Partially cloudy",Partly cloudy throughout the day with rain.,rain,"48820099999,48823099999,48825099999,48831099999,VVNB"
Hanoi,2019-03-08,19.5,16,17.4,19.5,16,17.4,15.5,89.1,0.206,100,12.5,rain,0,0,15.8,13,39.6,1013.5,73.8,8.6,58.1,5.1,2,,2019-03-08T06:11:46,2019-03-08T18:03:32,0.05,"Rain, Partially cloudy",Partly cloudy throughout the day with a chance of rain throughout the day.,rain,"48820099999,48823099999,48825099999,48831099999,VVNB"
Hanoi,2019-03-09,21.5,17,19.1,21.5,17,19.1,17.8,92.5,0.2,100,12.5,rain,0,0,27.7,20.5,48.8,1011.1,83,6.7,82.5,7.4,3,,2019-03-09T06:10:55,2019-03-09T18:03:53,0.09,"Rain, Partially cloudy",Partly cloudy throughout the day with a chance of rain throughout the day.,rain,"48820099999,48823099999,48825099999,48831099999,VVNB"
Hanoi,2019-03-10,21.5,17.7,19.6,21.5,17.7,19.6,13.1,66.8,0.012,100,4.17,rain,0,0,33.5,16.6,21.2,1014,85.1,9.9,72.7,6.3,3,,2019-03-10T06:10:04,2019-03-10T18:04:14,0.12,"Rain, Partially cloudy",Partly cloudy throughout the day with early morning rain.,rain,"48820099999,48823099999,48825099999,48831099999,VVNB"
Hanoi,2019-03-11,26,19,21.7,26,19,21.7,15.3,67.8,0,0,0,,0,0,18.4,11.2,76.7,1014.7,60.9,8.5,136.6,12,6,,2019-03-11T06:09:12,2019-03-11T18:04:35,0.16,Partially cloudy,Partly cloudy throughout the day.,partly-cloudy-day,"48820099999,48823099999,48825099999,48831099999,VVNB"
Hanoi,2019-03-12,26,18,22,26,18,22,17.1,76.1,0,0,0,,0,0,26.3,15.7,106.4,1014.3,51.4,4.8,186.4,16.1,7,,2019-03-12T06:08:20,2019-03-12T18:04:55,0.19,Partially cloudy,Partly cloudy throughout the day.,partly-cloudy-day,"48820099999,48823099999,48825099999,48831099999,VVNB"
Hanoi,2019-03-13,26,19.6,23,26,19.6,23,17.7,72.5,0.1,100,4.17,rain,0,0,22,15.7,105.4,1013.7,63.2,5.4,109.1,9.6,4,,2019-03-13T06:07:27,2019-03-13T18:05:15,0.23,"Rain, Partially cloudy",Partly cloudy throughout the day with afternoon rain.,rain,"48820099999,48823099999,48825099999,48831099999,VVNB"
Hanoi,2019-03-14,28,22.5,24.8,29.4,22.5,25.2,19.5,72.7,3.7,100,41.67,rain,0,0,33.5,16.6,69.3,1015.8,76,5.7,82.2,7.1,3,,2019-03-14T06:06:35,2019-03-14T18:05:35,0.25,"Rain, Partially cloudy",Partly cloudy throughout the day with a chance of rain throughout the day.,rain,"48823099999,48820099999,48825099999,48831099999,VVNB"
Hanoi,2019-03-15,23,19,20.8,23,19,20.8,14.9,69,0.338,100,8.33,rain,0,0,35.3,20.5,33.6,1019.2,84.5,10,46.3,4.2,2,,2019-03-15T06:05:42,2019-03-15T18:05:55,0.3,"Rain, Partially cloudy",Partly cloudy throughout the day with rain in the morning and afternoon.,rain,"48820099999,48823099999,48825099999,48831099999,VVNB"
Hanoi,2019-03-16,18.4,17,17.6,18.4,17,17.6,17,96.6,0.306,100,8.33,rain,0,0,14.8,13.9,52.3,1018.6,73.8,5.7,55.6,4.8,2,,2019-03-16T06:04:49,2019-03-16T18:06:14,0.33,"Rain, Partially cloudy",Partly cloudy throughout the day with rain.,rain,"48820099999,48823099999,48825099999,48831099999,VVNB"
Hanoi,2019-03-17,18.5,17,17.9,18.5,17,17.9,17.5,97.8,0.398,100,8.33,rain,0,0,31.7,12.1,31.5,1017,77.5,6.2,62,5.4,3,,2019-03-17T06:03:55,2019-03-17T18:06:34,0.37,"Rain, Partially cloudy",Partly cloudy throughout the day with rain.,rain,"48820099999,48823099999,48825099999,48831099999,VVNB"
Hanoi,2019-03-18,19.6,18,18.3,19.6,18,18.3,18,98.2,2.952,100,12.5,rain,0,0,27.7,11.2,28.6,1015.3,74.8,6.2,46.7,3.9,2,,2019-03-18T06:03:01,2019-03-18T18:06:53,0.4,"Rain, Partially cloudy",Partly cloudy throughout the day with a chance of rain throughout the day.,rain,"48820099999,48823099999,48825099999,48831099999,VVNB"
Hanoi,2019-03-19,24.3,18,21,24.3,18,21,20.7,98.2,2.956,100,8.33,rain,0,0,25.2,17.3,95.6,1011.5,74.6,4.6,70.3,6.2,3,,2019-03-19T06:02:07,2019-03-19T18:07:12,0.44,"Rain, Partially cloudy",Partly cloudy throughout the day with rain in the morning and afternoon.,rain,"48820099999,48823099999,48825099999,48831099999,VVNB"
Hanoi,2019-03-20,27.3,21,24,30.6,21,24.4,23.1,94.7,0.1,100,4.17,rain,0,0,25.9,17.6,116.7,1009.6,78.2,5,149.1,12.7,6,,2019-03-20T06:01:13,2019-03-20T18:07:30,0.47,"Rain, Partially cloudy",Partly cloudy throughout the day with morning rain.,rain,"48820099999,48823099999,48825099999,48831099999,VVNB"
Hanoi,2019-03-21,30.5,24,26.6,34.8,24,27.9,23.4,83.8,0,0,0,,0,0,21.6,19.4,115.9,1007.9,72.7,6.7,197.9,17.1,8,,2019-03-21T06:00:19,2019-03-21T18:07:49,0.5,Partially cloudy,Partly cloudy throughout the day.,partly-cloudy-day,"48820099999,48823099999,48825099999,48831099999,VVNB"
Hanoi,2019-03-22,31,24.5,27,34.6,24.5,28.6,23.3,81.1,0,0,0,,0,0,21.6,17.5,117.1,1008.3,72.7,7.6,217.3,18.7,9,,2019-03-22T05:59:25,2019-03-22T18:08:08,0.54,Partially cloudy,Partly cloudy throughout the day.,partly-cloudy-day,"48820099999,48823099999,48825099999,48831099999,VVNB"
Hanoi,2019-03-23,26,19,23,26,19,23,19.1,79.7,0.044,100,8.33,rain,0,0,48.2,30.6,65.5,1013.7,84.9,8.5,42,3.8,2,,2019-03-23T05:58:31,2019-03-23T18:08:26,0.57,"Rain, Partially cloudy",Partly cloudy throughout the day with rain.,rain,"48820099999,48823099999,48825099999,48831099999,VVNB"
Hanoi,2019-03-24,19,17,17.8,19,17,17.8,12.2,70,0.098,100,4.17,rain,0,0,18.7,17.5,48.5,1016.9,82.6,10,57.3,5.1,2,,2019-03-24T05:57:36,2019-03-24T18:08:44,0.6,"Rain, Partially cloudy",Partly cloudy throughout the day with early morning rain.,rain,"48820099999,48823099999,48825099999,48831099999,VVNB"
Hanoi,2019-03-25,21.7,16,18.7,21.7,16,18.7,14.2,76.2,0.01,100,4.17,rain,0,0,19.1,13,39.2,1016.8,82.3,9.6,83.7,7.2,3,,2019-03-25T05:56:42,2019-03-25T18:09:03,0.64,"Rain, Partially cloudy",Partly cloudy throughout the day with morning rain.,rain,"48820099999,48823099999,48825099999,48831099999,VVNB"
Hanoi,2019-03-26,22.7,18,20,22.7,18,20,18.5,91,0.1,100,4.17,rain,0,0,17.6,12.1,53.5,1016.3,85.1,6.1,113.6,9.8,5,,2019-03-26T05:55:48,2019-03-26T18:09:21,0.67,"Rain, Partially cloudy",Partly cloudy throughout the day with early morning rain.,rain,"48820099999,48823099999,48825099999,48831099999,VVNB"
Hanoi,2019-03-27,25.9,20,22.6,25.9,20,22.6,21,91.2,0.1,100,4.17,rain,0,0,31.3,12.1,208,1014.1,82.4,3.7,116.5,10.1,5,,2019-03-27T05:54:53,2019-03-27T18:09:39,0.7,"Rain, Partially cloudy",Partly cloudy throughout the day with morning rain.,rain,"48820099999,48823099999,48825099999,48831099999,VVNB"
Hanoi,2019-03-28,28.1,22,24.7,30.8,22,25.2,22,86,0.2,100,8.33,rain,0,0,19.4,13.9,133.1,1010.1,79.1,5.9,119.4,10.4,5,,2019-03-28T05:53:59,2019-03-28T18:09:57,0.75,"Rain, Partially cloudy",Partly cloudy throughout the day with rain in the morning and afternoon.,rain,"48820099999,48823099999,48825099999,48831099999,VVNB"
Hanoi,2019-03-29,27.3,22.5,25,29.2,22.5,25.2,21.8,83.4,0.7,100,20.83,rain,0,0,24.5,13.9,79.5,1008.8,73.2,8.3,146.5,12.6,6,,2019-03-29T05:53:05,2019-03-29T18:10:15,0.77,"Rain, Partially cloudy",Partly cloudy throughout the day with rain in the morning and afternoon.,rain,"48820099999,48823099999,48825099999,48831099999,VVNB"
Hanoi,2019-03-30,30,24,26.4,33.4,24,27.4,22.1,77.8,1.1,100,20.83,rain,0,0,34.2,20.5,129.8,1009.9,72.5,8.4,115.8,10.1,4,,2019-03-30T05:52:11,2019-03-30T18:10:33,0.8,"Rain, Partially cloudy",Partly cloudy throughout the day with a chance of rain throughout the day.,rain,"48820099999,48823099999,48825099999,48831099999,VVNB"
Hanoi,2019-03-31,31.1,24.5,26.9,35.6,24.5,28.7,24.1,85.5,1.4,100,29.17,rain,0,0,28.8,20.5,119.6,1011.7,69,6.7,164.2,14.2,7,,2019-03-31T05:51:16,2019-03-31T18:10:51,0.83,"Rain, Partially cloudy",Partly cloudy throughout the day with a chance of rain throughout the day.,rain,"48820099999,48823099999,48825099999,48831099999,VVNB"
Hanoi,2019-04-01,26,20,22.9,26,20,22.9,21,89.1,14.773,100,8.33,rain,0,0,33.5,16.6,75.1,1015.7,75.9,8.7,46.6,4.1,2,,2019-04-01T05:50:23,2019-04-01T18:11:10,0.86,"Rain, Partially cloudy",Partly cloudy throughout the day with rain.,rain,"48820099999,48823099999,48825099999,48831099999,VVNB"
Hanoi,2019-04-02,26,19,22.3,26,19,22.3,20.8,91.7,0.098,100,4.17,rain,0,0,23,14.8,83.8,1014.4,81.3,5.8,96,8.4,4,,2019-04-02T05:49:29,2019-04-02T18:11:28,0.9,"Rain, Partially cloudy",Partly cloudy throughout the day with early morning rain.,rain,"48820099999,48823099999,48825099999,48831099999,VVNB"
Hanoi,2019-04-03,25.2,22.5,23.9,25.2,22.5,23.9,23.2,95.7,0.493,100,8.33,rain,0,0,28.8,15.7,299.8,1014,78,6,158.3,13.6,7,,2019-04-03T05:48:35,2019-04-03T18:11:46,0.93,"Rain, Partially cloudy",Partly cloudy throughout the day with rain in the morning and afternoon.,rain,"48820099999,48823099999,48825099999,48831099999,VVNB"
Hanoi,2019-04-04,26,20,23.8,26,20,23.8,21.2,86,36.059,100,8.33,rain,0,0,24.5,13.9,88.5,1013.8,75.8,8.4,128,11,5,,2019-04-04T05:47:42,2019-04-04T18:12:04,0.96,"Rain, Partially cloudy",Partly cloudy throughout the day with rain.,rain,"48820099999,48823099999,48825099999,48831099999,VVNB"
Hanoi,2019-04-05,26,22,24,26,22,24,20.3,80.4,3.2,100,37.5,rain,0,0,19.8,18.4,80.2,1014.3,83.2,9.5,56,4.6,3,,2019-04-05T05:46:49,2019-04-05T18:12:22,0,"Rain, Partially cloudy",Partly cloudy throughout the day with a chance of rain throughout the day.,rain,"48820099999,48823099999,48825099999,48831099999,VVNB"
Hanoi,2019-04-06,26.7,22,24,29.3,22,24.1,23.3,95.9,0.098,100,4.17,rain,0,0,28.1,13.8,94.8,1012.1,77,5.7,165,14,6,,2019-04-06T05:45:57,2019-04-06T18:12:41,0.03,"Rain, Partially cloudy",Partly cloudy throughout the day with morning rain.,rain,"48820099999,48823099999,48825099999,48831099999,VVNB"
Hanoi,2019-04-07,31,24,27,35.5,24,29,23.5,82.3,0.5,100,20.83,rain,0,0,25.2,18.4,126.3,1010.7,70.6,7.7,181.8,15.6,7,,2019-04-07T05:45:04,2019-04-07T18:12:59,0.07,"Rain, Partially cloudy",Partly cloudy throughout the day with rain in the morning and afternoon.,rain,"48820099999,48823099999,48825099999,48831099999,VVNB"
Hanoi,2019-04-08,31,25,27.5,37,25,29.6,24.6,85.2,0,0,0,,0,0,32.4,21.4,123.7,1008.2,64.9,8.7,194.4,16.8,7,,2019-04-08T05:44:12,2019-04-08T18:13:18,0.1,Partially cloudy,Partly cloudy throughout the day.,partly-cloudy-day,"48820099999,48823099999,48825099999,48831099999,VVNB"
Hanoi,2019-04-09,32,25.7,28.3,38.5,25.7,31.9,24.8,81.9,0,0,0,,0,0,24.5,17.5,116.7,1007.7,62.9,9.1,227.6,19.7,9,,2019-04-09T05:43:20,2019-04-09T18:13:37,0.14,Partially cloudy,Partly cloudy throughout the day.,partly-cloudy-day,"48820099999,48823099999,48825099999,48831099999,VVNB"
Hanoi,2019-04-10,31,26,27.8,37.6,26,31.1,25.4,87.9,0.196,100,8.33,rain,0,0,23.8,18.4,109.3,1007.9,72.3,8.1,221.6,19.2,8,,2019-04-10T05:42:29,2019-04-10T18:13:55,0.17,"Rain, Partially cloudy",Partly cloudy throughout the day with rain in the morning and afternoon.,rain,"48820099999,48823099999,48825099999,48831099999,VVNB"
Hanoi,2019-04-11,31,26,27.9,38.6,26,31.6,25.6,88.1,3.046,100,8.33,rain,0,0,26.6,16.6,102.6,1006.6,71.1,8,212.1,18.3,8,,2019-04-11T05:41:38,2019-04-11T18:14:14,0.21,"Rain, Partially cloudy",Partly cloudy throughout the day with rain.,rain,"48820099999,48823099999,48825099999,48831099999,VVNB"
Hanoi,2019-04-12,29.4,26,27.4,34.8,26,29.8,24,82.3,0.009,100,4.17,rain,0,0,31,20.5,109.5,1007.9,82.7,8.7,102.1,8.6,6,,2019-04-12T05:40:47,2019-04-12T18:14:33,0.24,"Rain, Partially cloudy",Partly cloudy throughout the day with morning rain.,rain,"48820099999,48823099999,48825099999,48831099999,VVNB"
Hanoi,2019-04-13,31,25.6,28,37.1,25.6,31.1,24.1,80.2,0.2,100,8.33,rain,0,0,32,21.4,125,1008.9,81.7,9.7,180,15.5,8,,2019-04-13T05:39:57,2019-04-13T18:14:53,0.25,"Rain, Partially cloudy",Partly cloudy throughout the day with rain clearing later.,rain,"48820099999,48823099999,48825099999,48831099999,VVNB"
Hanoi,2019-04-14,30.5,24.5,27.8,35.9,24.5,31.7,24.9,85.1,3.243,100,8.33,rain,0,0,29.9,18.4,108.8,1010,74.4,9.6,183,15.8,9,,2019-04-14T05:39:08,2019-04-14T18:15:12,0.31,"Rain, Partially cloudy",Partly cloudy throughout the day with rain in the morning and afternoon.,rain,"48820099999,48823099999,48825099999,48831099999,VVNB"
Hanoi,2019-04-15,26.5,22,23.9,26.5,22,23.9,23,94.9,6.385,100,8.33,rain,0,0,26.6,20.3,60.7,1011,77.8,8.3,43.8,3.8,1,,2019-04-15T05:38:18,2019-04-15T18:15:32,0.35,"Rain, Partially cloudy",Partly cloudy throughout the day with rain in the morning and afternoon.,rain,"48820099999,48823099999,48825099999,48831099999,VVNB"
Hanoi,2019-04-16,24.5,22,23.2,24.5,22,23.2,21.6,91.4,2.965,100,8.33,rain,0,0,28.8,16.6,42.9,1011.5,79.8,8.6,60.2,5.2,3,,2019-04-16T05:37:30,2019-04-16T18:15:52,0.38,"Rain, Partially cloudy",Partly cloudy throughout the day with rain.,rain,"48820099999,48823099999,48825099999,48831099999,VVNB"
Hanoi,2019-04-17,26.4,21.9,24.1,26.4,21.9,24.1,21.6,86.3,0.396,100,8.33,rain,0,0,24.5,19.4,97.4,1009.6,87.1,6.8,86.7,7.5,3,,2019-04-17T05:36:42,2019-04-17T18:16:12,0.42,"Rain, Partially cloudy",Partly cloudy throughout the day with rain clearing later.,rain,"48820099999,48823099999,48825099999,48831099999,VVNB"
Hanoi,2019-04-18,32,24.5,27.9,40.6,24.5,32.3,25.6,88.2,0.101,100,8.33,rain,0,0,34.2,19.4,119.5,1003.8,65,6.6,228.5,19.9,9,,2019-04-18T05:35:54,2019-04-18T18:16:32,0.46,"Rain, Partially cloudy",Partly cloudy throughout the day with rain clearing later.,rain,"48820099999,48823099999,48825099999,48831099999,VVNB"
Hanoi,2019-04-19,35,26,29.9,45.8,26,36.3,26,81,0,0,0,,0,0,28.1,16.6,93.7,1001.2,46.9,8,284.7,24.8,10,,2019-04-19T05:35:07,2019-04-19T18:16:52,0.5,Partially cloudy,Partly cloudy throughout the day.,partly-cloudy-day,"48820099999,48823099999,48825099999,48831099999,VVNB"
Hanoi,2019-04-20,36.5,26.5,30.4,47,26.5,37.4,26.4,81.4,0,0,0,,0,0,24.5,17.5,93.2,1000.4,21.5,7.3,301.6,26.1,10,,2019-04-20T05:34:21,2019-04-20T18:17:13,0.52,Partially cloudy,Partly cloudy throughout the day.,partly-cloudy-day,"48820099999,48823099999,48825099999,48831099999,VVNB"
Hanoi,2019-04-21,32.5,27,29.2,40.6,31.2,35.9,26.2,84.8,0.116,100,4.17,rain,0,0,22.7,17.6,102.9,1003,52.2,8.8,281.1,24.4,9,,2019-04-21T05:33:35,2019-04-21T18:17:33,0.56,"Rain, Partially cloudy",Partly cloudy throughout the day with late afternoon rain.,rain,"48820099999,48823099999,48825099999,48831099999,VVNB"
Hanoi,2019-04-22,34.7,25,29.4,41.2,25,33,23,69.8,0.017,100,4.17,rain,0,0,31.7,25,110.4,1004.5,42,9.4,239.4,20.7,9,,2019-04-22T05:32:50,2019-04-22T18:17:54,0.59,"Rain, Partially cloudy",Partly cloudy throughout the day with early morning rain.,rain,"48820099999,48823099999,48825099999,48831099999,VVNB"
Hanoi,2019-04-23,32,27,29,39,30.9,34.6,25.4,81.7,0.1,100,4.17,rain,0,0,29.5,18.5,122.6,1007.2,71.8,9.4,190.8,16.4,7,,2019-04-23T05:32:05,2019-04-23T18:18:15,0.62,"Rain, Partially cloudy",Partly cloudy throughout the day with morning rain.,rain,"48820099999,48823099999,48825099999,48831099999,VVNB"
Hanoi,2019-04-24,35,25,29.7,44.1,25,35.1,25,77.5,0,0,0,,0,0,30.2,24.1,105.9,1006.7,51.9,9.6,273,23.6,9,,2019-04-24T05:31:22,2019-04-24T18:18:37,0.65,Partially cloudy,Clearing in the afternoon.,partly-cloudy-day,"48820099999,48823099999,48825099999,48831099999,VVNB"
Hanoi,2019-04-25,32.2,26.9,28.9,40.7,30.9,34.3,25.4,82,0,0,0,,0,0,28.8,20.5,111.1,1006.5,63,9.4,241.3,20.9,8,,2019-04-25T05:30:39,2019-04-25T18:18:58,0.69,Partially cloudy,Partly cloudy throughout the day.,partly-cloudy-day,"48820099999,48823099999,48825099999,48831099999,VVNB"
Hanoi,2019-04-26,33,27,29.1,39.3,30.6,34.3,25.3,81.3,1.3,100,20.83,rain,0,0,34.6,24.1,113.5,1007,62.7,10,163.5,14.1,6,,2019-04-26T05:29:56,2019-04-26T18:19:20,0.72,"Rain, Partially cloudy",Partly cloudy throughout the day with rain in the morning and afternoon.,rain,"48820099999,48823099999,48825099999,48831099999,VVNB"
Hanoi,2019-04-27,32.5,25.4,28.7,37.5,25.4,31.9,22.9,71.9,0.47,100,8.33,rain,0,0,37.4,25.9,143.4,1007.6,62.9,10,173.5,15.1,8,,2019-04-27T05:29:15,2019-04-27T18:19:42,0.75,"Rain, Partially cloudy",Partly cloudy throughout the day with rain clearing later.,rain,"48820099999,48823099999,48825099999,48831099999,VVNB"
Hanoi,2019-04-28,32.5,24,27.9,38.6,24,31.5,24.4,82.5,3.948,100,4.17,rain,0,0,36,31.5,122,1008.1,60.4,9.8,196.1,17,7,,2019-04-28T05:28:34,2019-04-28T18:20:05,0.78,"Rain, Partially cloudy",Partly cloudy throughout the day with late afternoon rain.,rain,"48820099999,48823099999,48825099999,48831099999,VVNB"
Hanoi,2019-04-29,32.5,23,28.3,40.1,23,32.1,25.1,84.2,0,0,0,,0,0,29.5,20.5,113.6,1007,57.1,8.3,246.4,21.3,8,,2019-04-29T05:27:54,2019-04-29T18:20:27,0.81,Partially cloudy,Partly cloudy throughout the day.,partly-cloudy-day,"48820099999,48823099999,48825099999,48831099999,VVNB"
Hanoi,2019-04-30,26.1,23,24.6,26.1,23,24.6,23.9,96.1,87.724,100,8.33,rain,0,0,33.5,16.7,77.3,1007.2,69.8,8.1,178.7,15.2,7,,2019-04-30T05:27:15,2019-04-30T18:20:50,0.85,"Rain, Partially cloudy",Partly cloudy throughout the day with rain.,rain,"48820099999,48823099999,48825099999,48831099999,VVNB"
Hanoi,2019-05-01,27.5,21.5,24,28.7,21.5,24.1,20.8,83.6,20.275,100,8.33,rain,0,0,17.6,13.3,32.6,1010,59.3,9.5,172.8,14.9,8,,2019-05-01T05:26:36,2019-05-01T18:21:13,0.88,"Rain, Partially cloudy",Partly cloudy throughout the day with rain in the morning and afternoon.,rain,"48820099999,48823099999,48825099999,48831099999,VVNB"
Hanoi,2019-05-02,27,23,24.7,28.5,23,24.8,21.5,83,3.36,100,12.5,rain,0,0,21.2,10.3,82.5,1010.4,76.2,8.5,85.5,7.5,4,,2019-05-02T05:25:59,2019-05-02T18:21:36,0.91,"Rain, Partially cloudy",Partly cloudy throughout the day with rain.,rain,"48820099999,48823099999,48825099999,48831099999,VVNB"
Hanoi,2019-05-03,25,22,23.7,25,22,23.7,21.8,89.4,4.965,100,8.33,rain,0,0,17.3,10.3,43.5,1011.8,80.5,6.3,52.3,4.5,2,,2019-05-03T05:25:22,2019-05-03T18:21:59,0.94,"Rain, Partially cloudy",Partly cloudy throughout the day with rain in the morning and afternoon.,rain,"48820099999,48823099999,48825099999,48831099999,VVNB"
Hanoi,2019-05-04,25.1,22,23.6,25.1,22,23.6,22.9,96.4,1.295,100,8.33,rain,0,0,29.2,11.2,42.6,1009.2,81.2,6.4,99,8.4,4,,2019-05-04T05:24:46,2019-05-04T18:22:23,0.98,"Rain, Partially cloudy",Partly cloudy throughout the day with rain.,rain,"48820099999,48823099999,48825099999,48831099999,VVNB"
Hanoi,2019-05-05,29.5,24,26.4,36.8,24,29.5,25.5,94.7,0.59,100,4.17,rain,0,0,17.6,14.3,61.9,1005,79.6,5.8,152,13.1,5,,2019-05-05T05:24:11,2019-05-05T18:22:47,0,"Rain, Partially cloudy",Partly cloudy throughout the day with early morning rain.,rain,"48820099999,48823099999,48825099999,48831099999,VVNB"
Hanoi,2019-05-06,30,26,27.7,37.1,26,31.8,25.8,89.8,6.6,100,37.5,rain,0,0,24.8,14.8,70,1004.3,80,8.3,117.6,10.1,5,,2019-05-06T05:23:37,2019-05-06T18:23:11,0.05,"Rain, Partially cloudy",Partly cloudy throughout the day with a chance of rain throughout the day.,rain,"48820099999,48823099999,48825099999,48831099999,VVNB"
Hanoi,2019-05-07,26.5,24,25.1,26.5,24,25.1,24.5,96.5,0.792,100,8.33,rain,0,0,22.3,13,80.7,1005.2,73.1,7.6,60.9,5.2,3,,2019-05-07T05:23:04,2019-05-07T18:23:35,0.08,"Rain, Partially cloudy",Partly cloudy throughout the day with rain.,rain,"48820099999,48823099999,48825099999,48831099999,VVNB"
Hanoi,2019-05-08,25.3,22.9,24.4,25.3,22.9,24.4,22.3,88.4,2.956,100,8.33,rain,0,0,31.3,15.7,40.7,1005.9,79.7,9.6,54.8,4.5,2,,2019-05-08T05:22:32,2019-05-08T18:23:59,0.12,"Rain, Partially cloudy",Partly cloudy throughout the day with rain.,rain,"48820099999,48823099999,48825099999,48831099999,VVNB"
Hanoi,2019-05-09,24,22,22.8,24,22,22.8,18.9,79,0.395,100,8.33,rain,0,0,31.7,15.7,34.8,1007.9,78.1,10,54.4,4.7,2,,2019-05-09T05:22:01,2019-05-09T18:24:24,0.15,"Rain, Partially cloudy",Partly cloudy throughout the day with rain clearing later.,rain,"48820099999,48823099999,48825099999,48831099999,VVNB"
Hanoi,2019-05-10,25.5,22,23.5,25.5,22,23.5,19.6,79.6,0.017,100,4.17,rain,0,0,20.2,9.4,7.8,1010,86.6,9.3,117.7,10.2,5,,2019-05-10T05:21:30,2019-05-10T18:24:49,0.19,"Rain, Partially cloudy",Partly cloudy throughout the day with early morning rain.,rain,"48820099999,48823099999,48825099999,48831099999,VVNB"
Hanoi,2019-05-11,27,22,24.6,29.5,22,24.9,23.1,91.9,0.295,100,8.33,rain,0,0,19.8,10.3,332.5,1010,78,5.4,132.1,11.4,5,,2019-05-11T05:21:01,2019-05-11T18:25:13,0.22,"Rain, Partially cloudy",Partly cloudy throughout the day with rain in the morning and afternoon.,rain,"48820099999,48823099999,48825099999,48831099999,VVNB"
Hanoi,2019-05-12,32,25,28.1,38.6,25,31.4,25,84.9,1,100,29.17,rain,0,0,34.6,18.4,117.7,1008,73.1,9,211,18.3,7,,2019-05-12T05:20:33,2019-05-12T18:25:38,0.25,"Rain, Partially cloudy",Partly cloudy throughout the day with rain in the morning and afternoon.,rain,"48820099999,48823099999,48825099999,48831099999,VVNB"
Hanoi,2019-05-13,31.7,26,28.5,38.8,26,33.1,25.7,85.9,1.2,100,8.33,rain,0,0,31,21.4,117,1007.2,67,9.1,219.7,19.1,7,,2019-05-13T05:20:06,2019-05-13T18:26:03,0.3,"Rain, Partially cloudy",Partly cloudy throughout the day with afternoon rain.,rain,"48820099999,48823099999,48825099999,48831099999,VVNB"
Hanoi,2019-05-14,33,25.6,28.6,41.3,25.6,33.7,26.1,87.4,1.965,100,4.17,rain,0,0,35.3,21.4,120.6,1006.1,71.2,8.8,206.1,17.8,8,,2019-05-14T05:19:40,2019-05-14T18:26:29,0.33,"Rain, Partially cloudy",Partly cloudy throughout the day with late afternoon rain.,rain,"48820099999,48823099999,48825099999,48831099999,VVNB"
Hanoi,2019-05-15,35,25.4,30.2,43.3,25.4,35.9,25.5,78.2,0.983,100,4.17,rain,0,0,28.1,20.3,124.5,1005.1,64.1,9.4,209.4,18,9,,2019-05-15T05:19:14,2019-05-15T18:26:54,0.37,"Rain, Partially cloudy",Partly cloudy throughout the day with early morning rain.,rain,"48820099999,48823099999,48825099999,48831099999,VVNB"
Hanoi,2019-05-16,36.5,27.5,31.3,47.9,33.7,39.3,26.2,76.2,0,0,0,,0,0,30.6,21.4,111.3,1003.1,52.1,9.8,263.3,22.7,9,,2019-05-16T05:18:50,2019-05-16T18:27:19,0.4,Partially cloudy,Partly cloudy throughout the day.,partly-cloudy-day,"48820099999,48823099999,48825099999,48831099999,VVNB"
Hanoi,2019-05-17,38,28,32.4,48.3,35.6,40.7,26.1,71.5,0,0,0,,0,0,26.3,18.4,107.8,1000.7,10.2,10,309.5,26.6,10,,2019-05-17T05:18:27,2019-05-17T18:27:45,0.44,Clear,Clear conditions throughout the day.,clear-day,"48820099999,48823099999,48825099999,48831099999,VVNB"
Hanoi,2019-05-18,39.5,28,33.2,51,34.5,41.4,25.7,67.3,0,0,0,,0,0,31.7,16.6,104.9,999.3,6.7,10.7,308.8,26.7,10,,2019-05-18T05:18:05,2019-05-18T18:28:10,0.48,Clear,Clear conditions throughout the day.,clear-day,"48820099999,48823099999,48825099999,48831099999,VVNB"
Hanoi,2019-05-19,39.3,29,33.2,50.3,34.5,41.7,25.7,66.3,0,0,0,,0,0,28.1,17.6,90.6,1001,2.7,11.1,313.5,27.3,10,,2019-05-19T05:17:44,2019-05-19T18:28:36,0.5,Clear,Clear conditions throughout the day.,clear-day,"48820099999,48823099999,48825099999,48831099999,VVNB"
Hanoi,2019-05-20,35,28,31.2,46.1,30.7,38.5,25.3,71.6,2,100,20.83,rain,0,0,41.4,17.8,57.2,1005.1,48.4,9.5,195.9,16.9,6,,2019-05-20T05:17:24,2019-05-20T18:29:02,0.54,"Rain, Partially cloudy",Partly cloudy throughout the day with rain.,rain,"48820099999,48823099999,48825099999,48831099999,VVNB"
Hanoi,2019-05-21,29,24,26.9,32,24,28.4,22.4,77.3,6.664,100,8.33,rain,0,0,22.7,18.4,64.5,1008.6,63.7,9.2,109.1,9.4,4,,2019-05-21T05:17:05,2019-05-21T18:29:27,0.57,"Rain, Partially cloudy",Partly cloudy throughout the day with rain in the morning and afternoon.,rain,"48820099999,48823099999,48825099999,48831099999,VVNB"
Hanoi,2019-05-22,30,23,26.5,32.6,23,27.4,20.9,71.7,0.988,100,4.17,rain,0,0,20.2,15.7,24.6,1009.7,77.8,9.8,153.3,13.2,5,,2019-05-22T05:16:47,2019-05-22T18:29:53,0.61,"Rain, Partially cloudy",Partly cloudy throughout the day with afternoon rain.,rain,"48820099999,48823099999,48825099999,48831099999,VVNB"
Hanoi,2019-05-23,31.7,25,28.3,37.3,25,31,22.3,70.2,0.5,100,8.33,rain,0,0,26.6,17,110.1,1008.5,73.3,9.4,188.2,16.1,8,,2019-05-23T05:16:31,2019-05-23T18:30:18,0.64,"Rain, Partially cloudy",Partly cloudy throughout the day with morning rain.,rain,"48820099999,48823099999,48825099999,48831099999,VVNB"
Hanoi,2019-05-24,33,25.4,28.7,40.3,25.4,32.5,24.5,79,2.9,100,29.17,rain,0,0,27,20.5,119.3,1006.2,58.6,8.8,223.5,19.3,8,,2019-05-24T05:16:15,2019-05-24T18:30:44,0.67,"Rain, Partially cloudy",Partly cloudy throughout the day with a chance of rain throughout the day.,rain,"48820099999,48823099999,48825099999,48831099999,VVNB"
Hanoi,2019-05-25,35,26,30.2,43.3,26,36.3,25.5,77.8,1.965,100,4.17,rain,0,0,34.9,25,123.8,1002.6,59.9,9.5,260.8,22.6,9,,2019-05-25T05:16:01,2019-05-25T18:31:09,0.7,"Rain, Partially cloudy",Partly cloudy throughout the day with early morning rain.,rain,"48820099999,48823099999,48825099999,48831099999,VVNB"
Hanoi,2019-05-26,36,28,31.1,44.8,34.3,39.1,26.2,77.6,0.012,100,4.17,rain,0,0,28.4,18.5,105.3,1001.8,53.9,9.5,273.6,23.7,9,,2019-05-26T05:15:47,2019-05-26T18:31:34,0.75,"Rain, Partially cloudy",Partly cloudy throughout the day with early morning rain.,rain,"48820099999,48823099999,48825099999,48831099999,VVNB"
Hanoi,2019-05-27,30.8,27,28.2,41.3,29.4,34.3,26,87.9,0.393,100,8.33,rain,0,0,29.2,13.9,67.8,1003.6,65.6,8.9,123.1,10.4,5,,2019-05-27T05:15:35,2019-05-27T18:32:00,0.77,"Rain, Partially cloudy",Partly cloudy throughout the day with rain in the morning and afternoon.,rain,"48820099999,48823099999,48825099999,48831099999,VVNB"
Hanoi,2019-05-28,31,26,28.2,39.6,26,32.7,25,83.4,0.035,100,4.17,rain,0,0,22,22.3,90.8,1005.4,75.7,9.4,103.2,8.6,4,,2019-05-28T05:15:24,2019-05-28T18:32:25,0.8,"Rain, Partially cloudy",Partly cloudy throughout the day with early morning rain.,rain,"48820099999,48823099999,48825099999,48831099999,VVNB"
Hanoi,2019-05-29,29,23.5,26.6,33.1,23.5,28.6,23.5,84,2.367,100,8.33,rain,0,0,23.8,11.5,44.8,1006.9,67.2,9.5,63.2,5.6,3,,2019-05-29T05:15:14,2019-05-29T18:32:49,0.83,"Rain, Partially cloudy",Partly cloudy throughout the day with rain clearing later.,rain,"48820099999,48823099999,48825099999,48831099999,VVNB"
Hanoi,2019-05-30,30.2,24,27.1,36.4,24,30.2,24.5,85.9,6,100,12.5,rain,0,0,22.3,13,66.3,1006.8,74.7,9,131.7,11.4,5,,2019-05-30T05:15:04,2019-05-30T18:33:14,0.86,"Rain, Partially cloudy",Partly cloudy throughout the day with a chance of rain throughout the day.,rain,"48820099999,48823099999,48825099999,48831099999,VVNB"
Hanoi,2019-05-31,28,24,25.9,32.4,24,27,24.3,91.3,25.522,100,12.5,rain,0,0,38.9,16.6,50.2,1007,72.8,9.2,109.7,9.6,5,,2019-05-31T05:14:56,2019-05-31T18:33:39,0.9,"Rain, Partially cloudy",Partly cloudy throughout the day with a chance of rain throughout the day.,rain,"48820099999,48823099999,48825099999,48831099999,VVNB"
Hanoi,2019-06-01,26.2,23,24.2,26.2,23,24.2,22.5,90.6,39.878,100,16.67,rain,0,0,26.6,13,354,1007.2,76.7,9.6,53.5,4.5,3,,2019-06-01T05:14:50,2019-06-01T18:34:03,0.93,"Rain, Partially cloudy",Partly cloudy throughout the day with a chance of rain throughout the day.,rain,"48820099999,48823099999,48825099999,48831099999,VVNB"
Hanoi,2019-06-02,32,23,26.8,37.9,23,28.7,22.6,79.4,0.511,100,4.17,rain,0,0,16.6,10.3,320.4,1006.9,48.7,9.4,251,21.5,8,,2019-06-02T05:14:44,2019-06-02T18:34:27,0.96,"Rain, Partially cloudy",Partly cloudy throughout the day with early morning rain.,rain,"48820099999,48823099999,48825099999,48831099999,VVNB"
Hanoi,2019-06-03,32,25,28.7,38.9,25,32.9,24.7,80,0.1,100,4.17,rain,0,0,23.4,14.8,81.4,1005.7,49.6,6.9,229.7,19.9,8,,2019-06-03T05:14:39,2019-06-03T18:34:50,0,"Rain, Partially cloudy",Partly cloudy throughout the day with afternoon rain.,rain,"48820099999,48823099999,48825099999,48831099999,VVNB"
Hanoi,2019-06-04,34.6,25.5,30,42.3,25.5,36.1,25.8,80.6,1.081,100,4.17,rain,0,0,25.9,17.6,96.8,1005,47.8,7.9,264.6,22.9,9,,2019-06-04T05:14:35,2019-06-04T18:35:13,0.03,"Rain, Partially cloudy",Partly cloudy throughout the day with late afternoon rain.,rain,"48820099999,48823099999,48825099999,48831099999,VVNB"
Hanoi,2019-06-05,36,26,29.5,46.3,26,34.8,25.9,83,2.068,100,8.33,rain,0,0,32.4,27.7,123.8,1004.7,45.4,9,246.8,21.3,8,,2019-06-05T05:14:33,2019-06-05T18:35:36,0.06,"Rain, Partially cloudy",Partly cloudy throughout the day with rain.,rain,"48820099999,48823099999,48825099999,48831099999,VVNB"
Hanoi,2019-06-06,36,25,29.3,47.2,25,35.9,26.6,87.2,14.836,100,8.33,rain,0,0,44.6,21.2,109.4,1006.3,53.2,9.3,246.4,21.4,8,,2019-06-06T05:14:31,2019-06-06T18:35:59,0.1,"Rain, Partially cloudy",Partly cloudy throughout the day with rain.,rain,"48820099999,48823099999,48825099999,48831099999,VVNB"
Hanoi,2019-06-07,33.9,26,30.2,44.9,26,38.5,27.1,85,0.393,100,4.17,rain,0,0,27,20.5,113.5,1007.1,63.7,8.8,192.2,16.6,7,,2019-06-07T05:14:30,2019-06-07T18:36:21,0.14,"Rain, Partially cloudy",Partly cloudy throughout the day with early morning rain.,rain,"48820099999,48823099999,48825099999,48831099999,VVNB"
Hanoi,2019-06-08,34.5,28,30.8,43.2,35.6,39.3,26.7,80,0.983,100,4.17,rain,0,0,30.6,19.4,125.5,1005.1,58.8,8.6,257.6,22.4,8,,2019-06-08T05:14:31,2019-06-08T18:36:43,0.17,"Rain, Partially cloudy",Partly cloudy throughout the day with early morning rain.,rain,"48820099999,48823099999,48825099999,48831099999,VVNB"
Hanoi,2019-06-09,38,28,32.6,49,35.6,41.9,26.5,72.8,0,0,0,,0,0,30.2,21.4,131.4,1001.1,50.7,9.5,283.5,24.6,9,,2019-06-09T05:14:32,2019-06-09T18:37:04,0.21,Partially cloudy,Partly cloudy throughout the day.,partly-cloudy-day,"48820099999,48823099999,48825099999,48831099999,VVNB"
Hanoi,2019-06-10,36.6,29,32.5,48.1,37.2,42.7,27,74.6,0,0,0,,0,0,24.8,19.4,83.3,999.8,56.4,9.4,260.5,22.5,9,,2019-06-10T05:14:34,2019-06-10T18:37:25,0.25,Partially cloudy,Partly cloudy throughout the day.,partly-cloudy-day,"48820099999,48823099999,48825099999,48831099999,VVNB"
Hanoi,2019-06-11,34.3,29,31.3,44.9,36.5,40.1,26.4,75.7,0.9,100,8.33,rain,0,0,31.7,16.7,64.8,1001.1,69.7,9.4,204,17.6,7,,2019-06-11T05:14:38,2019-06-11T18:37:45,0.28,"Rain, Partially cloudy",Partly cloudy throughout the day with rain.,rain,"48820099999,48823099999,48825099999,48831099999,VVNB"
Hanoi,2019-06-12,37.5,28.5,33.1,48.5,37.6,43.4,27,72.5,0,0,0,,0,0,23.4,19.4,96,1000.9,41.5,10.6,252.6,22,8,,2019-06-12T05:14:42,2019-06-12T18:38:05,0.32,Partially cloudy,Partly cloudy throughout the day.,partly-cloudy-day,"48820099999,48823099999,48825099999,48831099999,VVNB"
Hanoi,2019-06-13,32.9,28.5,30.5,41.7,32.4,37.8,25.5,75,0.1,100,4.17,rain,0,0,23,16.6,53.8,1001.7,77.1,10,210.9,18.1,8,,2019-06-13T05:14:47,2019-06-13T18:38:24,0.35,"Rain, Partially cloudy",Partly cloudy throughout the day with afternoon rain.,rain,"48820099999,48823099999,48825099999,48831099999,VVNB"
Hanoi,2019-06-14,34,27,30.2,44,30.6,36.9,25.4,76,0.21,100,4.17,rain,0,0,31.3,14.8,78.8,1001.8,81.3,10,149.8,12.7,7,,2019-06-14T05:14:54,2019-06-14T18:38:42,0.39,"Rain, Partially cloudy",Partly cloudy throughout the day with late afternoon rain.,rain,"48820099999,48823099999,48825099999,48831099999,VVNB"
Hanoi,2019-06-15,35.7,28,32,45.4,35.6,41.8,27,76.7,0.017,100,4.17,rain,0,0,20.5,20.3,81.6,1000.9,71.9,9,161,13.8,6,,2019-06-15T05:15:01,2019-06-15T18:39:00,0.42,"Rain, Partially cloudy",Partly cloudy throughout the day with early morning rain.,rain,"48820099999,48823099999,48825099999,48831099999,VVNB"
Hanoi,2019-06-16,36,29,31.9,47.2,34,41.6,26.8,75.2,0.2,100,8.33,rain,0,0,31.7,20.3,88.1,1000.5,55.9,9.7,254.9,22.2,8,,2019-06-16T05:15:09,2019-06-16T18:39:17,0.46,"Rain, Partially cloudy",Partly cloudy throughout the day with late afternoon rain.,rain,"48820099999,48823099999,48825099999,48831099999,VVNB"
Hanoi,2019-06-17,34,25,30.2,43.6,25,37.3,26,79.4,19.9,100,37.5,rain,0,0,25.6,23.2,86.8,1002.5,66.2,9.8,179.7,15.4,7,,2019-06-17T05:15:17,2019-06-17T18:39:34,0.5,"Rain, Partially cloudy",Partly cloudy throughout the day with rain.,rain,"48820099999,48823099999,48825099999,48831099999,VVNB"
Hanoi,2019-06-18,30,25,27.4,36.8,25,31.4,26,92.1,18.411,100,12.5,rain,0,0,23.4,11.2,79.5,1004.6,69.3,8.5,148,12.9,7,,2019-06-18T05:15:27,2019-06-18T18:39:50,0.53,"Rain, Partially cloudy",Partly cloudy throughout the day with a chance of rain throughout the day.,rain,"48820099999,48823099999,48825099999,48831099999,VVNB"
Hanoi,2019-06-19,34.5,27,30.4,44.2,31.8,38.3,26.5,81,5.895,100,4.17,rain,0,0,22.3,20.3,105.1,1004.3,68.5,9.4,205.6,17.9,8,,2019-06-19T05:15:38,2019-06-19T18:40:05,0.56,"Rain, Partially cloudy",Partly cloudy throughout the day with late afternoon rain.,rain,"48820099999,48823099999,48825099999,48831099999,VVNB"
Hanoi,2019-06-20,35,28.9,31.8,45.4,37.5,41.5,26.9,76.9,0,0,0,,0,0,28.4,15.7,119.8,1003.3,60.3,10,260.2,22.5,9,,2019-06-20T05:15:49,2019-06-20T18:40:19,0.59,Partially cloudy,Partly cloudy throughout the day.,partly-cloudy-day,"48820099999,48823099999,48825099999,48831099999,VVNB"
Hanoi,2019-06-21,38,29,33.2,49.9,35.4,42.8,26.3,68.6,0,0,0,,0,0,31.3,21.4,126.6,1001.7,17.9,11.6,316,27.4,10,,2019-06-21T05:16:01,2019-06-21T18:40:33,0.62,Clear,Clear conditions throughout the day.,clear-day,"48820099999,48823099999,48825099999,48831099999,VVNB"
Hanoi,2019-06-22,39,30,33.5,52.5,37.7,44.3,26.9,69.5,0,0,0,,0,0,33.8,28.6,113,1000.3,52.4,12,318.3,27.4,10,,2019-06-22T05:16:14,2019-06-22T18:40:46,0.66,Partially cloudy,Partly cloudy throughout the day.,partly-cloudy-day,"48820099999,48823099999,48825099999,48831099999,VVNB"
Hanoi,2019-06-23,35.5,30,32.4,48.7,35.1,42.6,26.8,73,6.8,100,12.5,rain,0,0,27,17.5,87.8,1001.4,67.9,10,239.7,20.7,8,,2019-06-23T05:16:27,2019-06-23T18:40:58,0.69,"Rain, Partially cloudy",Partly cloudy throughout the day with late afternoon rain.,rain,"48820099999,48823099999,48825099999,48831099999,VVNB"
Hanoi,2019-06-24,30.5,25,27.1,41.3,25,30.3,25.4,90.8,0.688,100,4.17,rain,0,0,25.9,19.4,53.6,1004.2,72.3,9.6,83.5,7.1,3,,2019-06-24T05:16:42,2019-06-24T18:41:09,0.72,"Rain, Partially cloudy",Partly cloudy throughout the day with morning rain.,rain,"48820099999,48823099999,48825099999,48831099999,VVNB"
Hanoi,2019-06-25,34.8,26.5,29.6,42.7,26.5,35.4,25.3,79.1,2.1,100,29.17,rain,0,0,33.5,17.6,87.7,1004,67.5,8,190.9,16.3,7,,2019-06-25T05:16:57,2019-06-25T18:41:19,0.75,"Rain, Partially cloudy",Partly cloudy throughout the day with rain.,rain,"48820099999,48823099999,48825099999,48831099999,VVNB"
Hanoi,2019-06-26,37.3,26.2,31.6,47.6,26.2,37.7,25,69.9,1.965,100,4.17,rain,0,0,23,13.9,101.1,1000.6,76,10.5,256.1,22.2,8,,2019-06-26T05:17:12,2019-06-26T18:41:28,0.79,"Rain, Partially cloudy",Partly cloudy throughout the day with early morning rain.,rain,"48820099999,48823099999,48825099999,48831099999,VVNB"
Hanoi,2019-06-27,37,28,32.5,46.8,33.1,40.4,25.6,68.4,0.42,100,4.17,rain,0,0,28.8,14.8,101.3,996.8,84.1,10.7,271.2,23.8,9,,2019-06-27T05:17:29,2019-06-27T18:41:37,0.82,"Rain, Partially cloudy",Partly cloudy throughout the day with early morning rain.,rain,"48820099999,48823099999,48825099999,48831099999,VVNB"
Hanoi,2019-06-28,38.8,30,33.7,49.7,36.5,42.7,25.9,65.4,0,0,0,,0,0,42.5,20.5,74.7,996.4,66.8,11,288.6,25,9,,2019-06-28T05:17:46,2019-06-28T18:41:44,0.85,Partially cloudy,Partly cloudy throughout the day.,partly-cloudy-day,"48820099999,48823099999,48825099999,48831099999,VVNB"
Hanoi,2019-06-29,39,29,33.8,49,37.7,43.2,26.2,66.3,0.5,100,4.17,rain,0,0,27.4,20.5,65.5,997.7,81,11,285.5,24.8,9,,2019-06-29T05:18:03,2019-06-29T18:41:51,0.88,"Rain, Partially cloudy",Partly cloudy throughout the day with late afternoon rain.,rain,"48820099999,48823099999,48825099999,48831099999,VVNB"
Hanoi,2019-06-30,32.3,25.5,28.9,39,25.5,33.8,25.5,82.7,34.563,100,8.33,rain,0,0,31,14.4,311.3,1001.4,69.7,9.8,228.1,19.8,8,,2019-06-30T05:18:21,2019-06-30T18:41:56,0.92,"Rain, Partially cloudy",Partly cloudy throughout the day with rain clearing later.,rain,"48820099999,48823099999,48825099999,48831099999,VVNB"
Hanoi,2019-07-01,33,27,29.4,40,31.8,35.8,25.8,82.2,0.02,100,8.33,rain,0,0,26.6,20.3,312.9,1001.6,74.2,10,174.9,15.1,6,,2019-07-01T05:18:40,2019-07-01T18:42:01,0.95,"Rain, Partially cloudy",Partly cloudy throughout the day with rain.,rain,"48820099999,48823099999,48825099999,48831099999,VVNB"
Hanoi,2019-07-02,34.5,27,29.8,43.4,31.8,37,26.3,82.5,0.613,100,8.33,rain,0,0,30.6,20.5,314.5,1001.1,55.5,9.2,205.6,17.7,7,,2019-07-02T05:18:59,2019-07-02T18:42:05,0.98,"Rain, Partially cloudy",Partly cloudy throughout the day with rain.,rain,"48820099999,48823099999,48825099999,48831099999,VVNB"
Hanoi,2019-07-03,35.5,28,31,44.8,32.7,38.2,25.7,74.8,4.726,100,12.5,rain,0,0,46.4,20.5,342.7,997.6,62.4,10.5,164.5,14.3,6,,2019-07-03T05:19:18,2019-07-03T18:42:07,0,"Rain, Partially cloudy",Partly cloudy throughout the day with rain.,rain,"48820099999,48823099999,48825099999,48831099999,VVNB"
Hanoi,2019-07-04,30,25.9,27.2,35.6,25.9,30.7,26.2,94.9,24.669,100,20.83,rain,0,0,59.4,29.7,34.4,998,77,8.2,47.8,4.1,2,,2019-07-04T05:19:38,2019-07-04T18:42:09,0.05,"Rain, Partially cloudy",Partly cloudy throughout the day with a chance of rain throughout the day.,rain,"48820099999,48823099999,48825099999,48831099999,VVNB"
Hanoi,2019-07-05,35.2,27,30.8,44.1,31.8,38.5,26.3,78.6,1,100,12.5,rain,0,0,28.1,17.5,115.8,1001,65.7,10.5,268,23.3,9,,2019-07-05T05:19:59,2019-07-05T18:42:09,0.09,"Rain, Partially cloudy",Partly cloudy throughout the day with rain.,rain,"48820099999,48823099999,48825099999,48831099999,VVNB"
Hanoi,2019-07-06,36.8,28,32.5,44,35.1,40.5,25.8,70.3,0.1,100,4.17,rain,0,0,33.5,12.1,188.5,999.8,67,10.4,260.7,22.5,9,,2019-07-06T05:20:19,2019-07-06T18:42:09,0.12,"Rain, Partially cloudy",Partly cloudy throughout the day with morning rain.,rain,"48820099999,48823099999,48825099999,48831099999,VVNB"
Hanoi,2019-07-07,36,29,32.7,44.7,34,40.6,25.4,66.2,0,0,0,,0,0,24.1,15.7,152.3,999.7,75.1,10.2,180.7,15.4,6,,2019-07-07T05:20:41,2019-07-07T18:42:07,0.16,Partially cloudy,Partly cloudy throughout the day.,partly-cloudy-day,"48820099999,48823099999,48825099999,48831099999,VVNB"
Hanoi,2019-07-08,38,29,33.5,48.1,37,42.4,25.8,65.6,0,0,0,,0,0,25.9,16.6,141.4,999.9,71,10.9,288.7,24.8,9,,2019-07-08T05:21:02,2019-07-08T18:42:05,0.19,Partially cloudy,Partly cloudy throughout the day.,partly-cloudy-day,"48820099999,48823099999,48825099999,48831099999,VVNB"
Hanoi,2019-07-09,36.2,28,31.6,45.8,30.7,38.3,24.6,66.8,1.376,100,4.17,rain,0,0,24.5,18.5,44,1000.3,80.1,10,174.4,15.1,6,,2019-07-09T05:21:24,2019-07-09T18:42:01,0.25,"Rain, Partially cloudy",Partly cloudy throughout the day with late afternoon rain.,rain,"48820099999,48823099999,48825099999,48831099999,VVNB"
Hanoi,2019-07-10,30.8,24.5,28.1,38.9,24.5,32,24.1,79.3,0.196,100,8.33,rain,0,0,29.9,12.1,42.3,1003.1,73.5,9.8,150,12.9,6,,2019-07-10T05:21:46,2019-07-10T18:41:56,0.26,"Rain, Partially cloudy",Partly cloudy throughout the day with rain in the morning and afternoon.,rain,"48820099999,48823099999,48825099999,48831099999,VVNB"
Hanoi,2019-07-11,34,26,30.1,42,26,35.9,25.6,78.1,0.14,100,4.17,rain,0,0,24.5,13,88.2,1004,57.4,9.2,118.5,9.9,5,,2019-07-11T05:22:08,2019-07-11T18:41:50,0.3,"Rain, Partially cloudy",Partly cloudy throughout the day with early morning rain.,rain,"48820099999,48823099999,48825099999,48831099999,VVNB"
Hanoi,2019-07-12,36.8,28,32.5,46.1,34.5,39.9,25.2,66.9,0.3,100,12.5,rain,0,0,27.4,12.1,160.3,1002.7,87.5,10.6,220.4,19.1,7,,2019-07-12T05:22:31,2019-07-12T18:41:43,0.33,"Rain, Partially cloudy",Partly cloudy throughout the day with rain clearing later.,rain,"48820099999,48823099999,48825099999,48831099999,VVNB"
Hanoi,2019-07-13,36.8,28.5,32.9,46.1,32.4,40.3,24.9,64,0,0,0,,0,0,19.8,12.1,147.8,1000.8,90.3,10,195.5,16.9,6,,2019-07-13T05:22:54,2019-07-13T18:41:35,0.37,Overcast,Cloudy skies throughout the day.,cloudy,"48820099999,48823099999,48825099999,48831099999,VVNB"
Hanoi,2019-07-14,32.1,27.5,30.1,44.2,31.7,39.4,27.1,84.3,0.1,100,4.17,rain,0,0,18.4,10.3,40.6,1000.6,55.8,8.8,133.4,11.4,5,,2019-07-14T05:23:17,2019-07-14T18:41:26,0.4,"Rain, Partially cloudy",Partly cloudy throughout the day with late afternoon rain.,rain,"48820099999,48823099999,48825099999,48831099999,VVNB"
Hanoi,2019-07-15,34.7,26,29.5,43.4,26,34.9,25.7,82.1,8.843,100,4.17,rain,0,0,24.5,17.6,90.7,1001.1,67.3,9.8,165.2,14.2,7,,2019-07-15T05:23:40,2019-07-15T18:41:15,0.44,"Rain, Partially cloudy",Partly cloudy throughout the day with late afternoon rain.,rain,"48820099999,48823099999,48825099999,48831099999,VVNB"
Hanoi,2019-07-16,33.9,26,29.9,43.4,26,36,25.9,80.6,2.5,100,37.5,rain,0,0,29.5,16.6,99,1002.6,53,9.1,198.4,17.2,9,,2019-07-16T05:24:03,2019-07-16T18:41:04,0.48,"Rain, Partially cloudy",Partly cloudy throughout the day with a chance of rain throughout the day.,rain,"48820099999,48823099999,48825099999,48831099999,VVNB"
Hanoi,2019-07-17,36,28,32,44.9,35.6,41.2,26.7,75.5,0.14,100,4.17,rain,0,0,23.4,17.5,114.8,1001.7,46.6,9.7,269.8,23.4,8,,2019-07-17T05:24:27,2019-07-17T18:40:51,0.5,"Rain, Partially cloudy",Partly cloudy throughout the day with morning rain.,rain,"48820099999,48823099999,48825099999,48831099999,VVNB"
Hanoi,2019-07-18,35.8,28.5,31.9,47.7,37.6,42.5,27.5,79,0,0,0,,0,0,21.2,15.7,90.4,1000,55,9.2,220.7,18.9,7,,2019-07-18T05:24:50,2019-07-18T18:40:37,0.54,Partially cloudy,Partly cloudy throughout the day.,partly-cloudy-day,"48820099999,48823099999,48825099999,48831099999,VVNB"
Hanoi,2019-07-19,37.3,29,33.1,51.6,39.7,45.1,27.8,75.6,0.3,100,8.33,rain,0,0,17.3,20.3,77.4,999.3,55,8.6,282.3,24.4,9,,2019-07-19T05:25:14,2019-07-19T18:40:22,0.58,"Rain, Partially cloudy",Partly cloudy throughout the day with late afternoon rain.,rain,"48820099999,48823099999,48825099999,48831099999,VVNB"
Hanoi,2019-07-20,36,27,31.5,45.4,29.9,37.9,24.6,67.7,0.002,100,4.17,rain,0,0,25.6,15.7,218,1002.6,59,10,238.3,20.6,8,,2019-07-20T05:25:37,2019-07-20T18:40:06,0.61,"Rain, Partially cloudy",Partly cloudy throughout the day with early morning rain.,rain,"48820099999,48823099999,48825099999,48831099999,VVNB"
Hanoi,2019-07-21,36,26.8,30.1,46.3,29.8,36.3,25.6,78.8,5.896,100,8.33,rain,0,0,23.4,18.4,108.6,1003.3,46.7,10,243.2,20.8,8,,2019-07-21T05:26:01,2019-07-21T18:39:49,0.64,"Rain, Partially cloudy",Partly cloudy throughout the day with rain.,rain,"48820099999,48823099999,48825099999,48831099999,VVNB"
Hanoi,2019-07-22,34.5,26,30.3,42.6,26,36.6,25.7,78.3,0,0,0,,0,0,24.5,19.4,95.8,1001.9,48,9.4,216.7,18.7,8,,2019-07-22T05:26:24,2019-07-22T18:39:31,0.67,Partially cloudy,Partly cloudy throughout the day.,partly-cloudy-day,"48820099999,48823099999,48825099999,48831099999,VVNB"
Hanoi,2019-07-23,34.5,27.5,29.8,41.2,31.4,35.8,25.3,78.4,4.3,100,37.5,rain,0,0,35.3,13.6,82.9,1000.9,56.7,9.6,154.8,13.3,5,,2019-07-23T05:26:48,2019-07-23T18:39:12,0.71,"Rain, Partially cloudy",Partly cloudy throughout the day with rain.,rain,"48820099999,48823099999,48825099999,48831099999,VVNB"
Hanoi,2019-07-24,34.2,26.5,29.2,41.3,26.5,34.6,25.2,80.4,1.6,100,25,rain,0,0,31.3,13,56.9,1002.1,67.2,9.6,175.9,15.2,7,,2019-07-24T05:27:11,2019-07-24T18:38:51,0.74,"Rain, Partially cloudy",Partly cloudy throughout the day with a chance of rain throughout the day.,rain,"48820099999,48823099999,48825099999,48831099999,VVNB"
Hanoi,2019-07-25,31,26.5,28.1,38.2,26.5,33.3,26.3,90.7,19.948,100,8.33,rain,0,0,27,16.6,75.8,1004.9,62.6,9.6,110.7,9.7,4,,2019-07-25T05:27:35,2019-07-25T18:38:29,0.75,"Rain, Partially cloudy",Partly cloudy throughout the day with rain.,rain,"48820099999,48823099999,48825099999,48831099999,VVNB"
Hanoi,2019-07-26,33.6,27,30,41.3,31.8,36.8,26.1,81.2,0.002,100,4.17,rain,0,0,21.6,14.8,108.7,1004.4,50.9,8.9,198.4,17.1,8,,2019-07-26T05:27:58,2019-07-26T18:38:07,0.81,"Rain, Partially cloudy",Partly cloudy throughout the day with afternoon rain.,rain,"48820099999,48823099999,48825099999,48831099999,VVNB"
Hanoi,2019-07-27,34.8,28,31,43.8,35.6,38.8,26,76,0,0,0,,0,0,20.5,17.5,114.5,1003.6,55.7,11.2,260.7,22.6,8,,2019-07-27T05:28:22,2019-07-27T18:37:43,0.84,Partially cloudy,Partly cloudy throughout the day.,partly-cloudy-day,"48820099999,48823099999,48825099999,48831099999,VVNB"
Hanoi,2019-07-28,34.5,28,30.8,44.2,34.5,38.5,26,76.7,6.913,100,4.17,rain,0,0,25.9,17.6,101.9,1003.8,62.6,10,226,19.6,7,,2019-07-28T05:28:45,2019-07-28T18:37:18,0.87,"Rain, Partially cloudy",Partly cloudy throughout the day with late afternoon rain.,rain,"48820099999,48823099999,48825099999,48831099999,VVNB"
Hanoi,2019-07-29,34.5,27.6,30.7,44.2,31.2,38.4,26.1,77.3,41.273,100,4.17,rain,0,0,23.8,19.4,110.9,1003.7,52.9,9.7,196,16.8,8,,2019-07-29T05:29:08,2019-07-29T18:36:52,0.9,"Rain, Partially cloudy",Partly cloudy throughout the day with late afternoon rain.,rain,"48823099999,48820099999,48825099999,48831099999,remote,VVNB"
Hanoi,2019-07-30,33.2,26.7,28.8,39.9,29.2,33.5,24.6,78.8,18.703,100,12.5,rain,0,0,24.5,18.5,79.4,1003.3,66.3,9.8,163.8,14.2,7,,2019-07-30T05:29:31,2019-07-30T18:36:25,0.94,"Rain, Partially cloudy",Partly cloudy throughout the day with rain.,rain,"48820099999,48823099999,48825099999,48831099999,VVNB"
Hanoi,2019-07-31,34,27,29.8,41.3,29.9,34.8,24.3,73.5,0.035,100,4.17,rain,0,0,27.7,14.8,312.8,1002.3,53.2,10,216.9,18.7,8,,2019-07-31T05:29:54,2019-07-31T18:35:57,0.97,"Rain, Partially cloudy",Partly cloudy throughout the day with morning rain.,rain,"48820099999,48823099999,48825099999,48831099999,VVNB"
Hanoi,2019-08-01,29.6,25.5,27.2,37.4,25.5,30.4,25.5,90.9,34.627,100,16.67,rain,0,0,26.6,18.4,319.3,999.9,68,9.2,57,5,2,,2019-08-01T05:30:16,2019-08-01T18:35:28,0,"Rain, Partially cloudy",Partly cloudy throughout the day with rain.,rain,"48820099999,48823099999,48825099999,48831099999,VVNB"
Hanoi,2019-08-02,30.3,25.7,27.2,37.5,25.7,30.5,26.1,94.3,5.354,100,16.67,rain,0,0,26.6,22.3,290.7,997.5,62.1,9.7,104.7,9.2,4,,2019-08-02T05:30:39,2019-08-02T18:34:58,0.04,"Rain, Partially cloudy",Partly cloudy throughout the day with a chance of rain throughout the day.,rain,"48820099999,48823099999,48825099999,48831099999,VVNB"
Hanoi,2019-08-03,27.7,25,26.1,32.4,25,26.5,25.7,97.7,131.158,100,20.83,rain,0,0,57.2,32.6,329.3,995.5,70.4,6.7,23.8,2.1,1,,2019-08-03T05:31:01,2019-08-03T18:34:26,0.07,"Rain, Partially cloudy",Partly cloudy throughout the day with a chance of rain throughout the day.,rain,"48820099999,48823099999,48825099999,48831099999,VVNB"
Hanoi,2019-08-04,30.5,25.4,27.3,37.7,25.4,30.2,25.8,92.4,75.899,100,16.67,rain,0,0,37.1,20.5,53.3,1000.2,65.7,9.5,98.2,8.6,4,,2019-08-04T05:31:23,2019-08-04T18:33:54,0.11,"Rain, Partially cloudy",Partly cloudy throughout the day with a chance of rain throughout the day.,rain,"48820099999,48823099999,48825099999,48831099999,VVNB"
Hanoi,2019-08-05,32,26,27.9,38.5,26,31.2,25.5,87.8,4.118,100,12.5,rain,0,0,17.3,13.5,44.3,1002.9,65.8,9.7,82.5,7.2,3,,2019-08-05T05:31:45,2019-08-05T18:33:21,0.14,"Rain, Partially cloudy",Partly cloudy throughout the day with a chance of rain throughout the day.,rain,"48820099999,48823099999,48825099999,48831099999,VVNB"
Hanoi,2019-08-06,34.3,26,30.2,42,26,35.9,25.4,77.7,2.5,100,33.33,rain,0,0,23.4,13,56.8,1003.1,50.5,9.3,259.3,22.3,9,,2019-08-06T05:32:06,2019-08-06T18:32:47,0.18,"Rain, Partially cloudy",Partly cloudy throughout the day with a chance of rain throughout the day.,rain,"48820099999,48823099999,48825099999,48831099999,VVNB"
Hanoi,2019-08-07,35.5,28,31.6,45.6,34.4,40.3,26.5,76.1,0.2,100,8.33,rain,0,0,21.6,13,51.5,1000.5,28.3,8.3,278.4,24,9,,2019-08-07T05:32:28,2019-08-07T18:32:12,0.21,"Rain, Partially cloudy",Partly cloudy throughout the day with rain in the morning and afternoon.,rain,"48820099999,48823099999,48825099999,48831099999,VVNB"
Hanoi,2019-08-08,33.8,27.8,30.3,40.9,32.9,38.5,26.4,81,7.895,100,8.33,rain,0,0,21.6,16.7,25.2,999.4,60,8.6,241.8,20.6,7,,2019-08-08T05:32:49,2019-08-08T18:31:36,0.25,"Rain, Partially cloudy",Partly cloudy throughout the day with rain in the morning and afternoon.,rain,"48820099999,48823099999,48825099999,48831099999,VVNB"
Hanoi,2019-08-09,34.9,24,29.7,42,24,34.7,25.1,78.2,45.196,100,8.33,rain,0,0,23.4,22.1,290.5,999.9,64.4,10.3,235,20.2,9,,2019-08-09T05:33:10,2019-08-09T18:30:59,0.28,"Rain, Partially cloudy",Partly cloudy throughout the day with rain clearing later.,rain,"48820099999,48823099999,48825099999,48831099999,VVNB"
Hanoi,2019-08-10,35.5,27,31.4,45.6,31.2,39.3,26,74.3,0.385,100,4.17,rain,0,0,27.7,16.6,87.3,999.8,35.4,9,254.9,22,9,,2019-08-10T05:33:31,2019-08-10T18:30:21,0.32,"Rain, Partially cloudy",Partly cloudy throughout the day with afternoon rain.,rain,"48820099999,48823099999,48825099999,48831099999,VVNB"
Hanoi,2019-08-11,36,28.5,32.1,48.1,37,41.9,27,76.2,3.4,100,16.67,rain,0,0,15.8,13.9,103,1000.2,36.5,8.7,254.3,21.9,9,,2019-08-11T05:33:51,2019-08-11T18:29:42,0.35,"Rain, Partially cloudy",Partly cloudy throughout the day with rain.,rain,"48820099999,48823099999,48825099999,48831099999,VVNB"
Hanoi,2019-08-12,36.6,29,32.2,47.9,35.8,42,26.8,74.8,0,0,0,,0,0,19.4,13.7,128.4,1000.5,48.8,9.8,241.1,20.6,7,,2019-08-12T05:34:11,2019-08-12T18:29:02,0.38,Partially cloudy,Partly cloudy throughout the day.,partly-cloudy-day,"48820099999,48823099999,48825099999,48831099999,VVNB"
Hanoi,2019-08-13,37.5,28,32.9,47.5,33.6,41.2,25.6,66.9,0,0,0,,0,0,27.4,12.1,273.4,1000,59,10.6,282.5,24.2,9,,2019-08-13T05:34:31,2019-08-13T18:28:22,0.42,Partially cloudy,Partly cloudy throughout the day.,partly-cloudy-day,"48820099999,48823099999,48825099999,48831099999,VVNB"
Hanoi,2019-08-14,37.7,28.5,32.6,48.5,32,41.6,26,69.4,0,0,0,,0,0,22,14.8,357.4,1001.1,34.1,11.8,297.5,25.8,9,,2019-08-14T05:34:51,2019-08-14T18:27:40,0.45,Partially cloudy,Partly cloudy throughout the day.,partly-cloudy-day,"48820099999,48823099999,48825099999,48831099999,VVNB"
Hanoi,2019-08-15,36.8,27,31.6,47.2,28.7,38.8,25.1,69.8,0.017,100,4.17,rain,0,0,48.2,23.9,100.7,1001.3,45.5,10.2,276.3,24,9,,2019-08-15T05:35:10,2019-08-15T18:26:58,0.5,"Rain, Partially cloudy",Partly cloudy throughout the day with early morning rain.,rain,"48820099999,48823099999,48825099999,48831099999,VVNB"
Hanoi,2019-08-16,31.9,26,28.6,40.1,26,32.8,24.6,79.9,0.213,100,8.33,rain,0,0,22,16.6,28.9,1001.7,58.8,10,205.4,17.7,7,,2019-08-16T05:35:29,2019-08-16T18:26:15,0.52,"Rain, Partially cloudy",Partly cloudy throughout the day with rain.,rain,"48820099999,48823099999,48825099999,48831099999,VVNB"
Hanoi,2019-08-17,32,26,28.4,39.9,26,33.4,25.4,84.1,0.002,100,4.17,rain,0,0,25.2,17.6,29.4,1003.2,64.2,9.8,130,11,7,,2019-08-17T05:35:48,2019-08-17T18:25:31,0.56,"Rain, Partially cloudy",Partly cloudy throughout the day with early morning rain.,rain,"48820099999,48823099999,48825099999,48831099999,VVNB"
Hanoi,2019-08-18,34.9,27,30.5,43.8,31.2,37.5,25.8,77.8,4.5,100,41.67,rain,0,0,24.8,12.6,5.7,1002.8,68.5,10.1,198.6,17.1,8,,2019-08-18T05:36:07,2019-08-18T18:24:47,0.59,"Rain, Partially cloudy",Partly cloudy throughout the day with a chance of rain throughout the day.,rain,"48820099999,48823099999,48825099999,48831099999,VVNB"
Hanoi,2019-08-19,34.5,27,29.8,46.6,30.1,37.4,26.3,82.4,15.825,100,4.17,rain,0,0,24.8,16.6,76.7,1002.3,52,9.6,190.1,16.4,7,,2019-08-19T05:36:25,2019-08-19T18:24:01,0.62,"Rain, Partially cloudy",Partly cloudy throughout the day with late afternoon rain.,rain,"48820099999,48823099999,48825099999,48831099999,VVNB"
Hanoi,2019-08-20,33.5,25.7,27.9,42.8,25.7,31.4,25,84.9,16.929,100,12.5,rain,0,0,50,22.1,355.4,1003.2,47.6,8.7,157.4,13.5,7,,2019-08-20T05:36:44,2019-08-20T18:23:15,0.66,"Rain, Partially cloudy",Partly cloudy throughout the day with rain.,rain,"48820099999,48823099999,48825099999,48831099999,VVNB"
Hanoi,2019-08-21,30,25.9,27.6,37.4,25.9,31.2,25.6,89.6,8.402,100,12.5,rain,0,0,21.6,8.7,264.5,1004.6,50.9,7.2,111.8,9.6,4,,2019-08-21T05:37:01,2019-08-21T18:22:29,0.69,"Rain, Partially cloudy",Partly cloudy throughout the day with rain.,rain,"48820099999,48823099999,48825099999,48831099999,VVNB"
Hanoi,2019-08-22,32,26,27.7,37.9,26,31.9,25.4,87.6,52.196,100,8.33,rain,0,0,23,13,76.1,1005.7,62.3,7.5,115.3,9.9,5,,2019-08-22T05:37:19,2019-08-22T18:21:41,0.72,"Rain, Partially cloudy",Partly cloudy throughout the day with rain.,rain,"48820099999,48823099999,48825099999,48831099999,VVNB"
Hanoi,2019-08-23,32,25,27.1,38.5,25,28.8,24.4,86,2.297,100,8.33,rain,0,0,44.6,19.4,333.4,1007.4,56.9,9.2,170.8,14.7,6,,2019-08-23T05:37:37,2019-08-23T18:20:53,0.75,"Rain, Partially cloudy",Partly cloudy throughout the day with rain.,rain,"48820099999,48823099999,48825099999,48831099999,VVNB"
Hanoi,2019-08-24,34,24,27.7,43.5,24,30.1,24.7,85.1,6.887,100,8.33,rain,0,0,29.9,17.1,291.8,1005.7,27.9,8.4,251.1,21.8,9,,2019-08-24T05:37:54,2019-08-24T18:20:04,0.79,"Rain, Partially cloudy",Partly cloudy throughout the day with rain.,rain,"48820099999,48823099999,48825099999,48831099999,VVNB"
Hanoi,2019-08-25,35.5,25,30.2,44.9,25,35.6,25.2,76,0,0,0,,0,0,24.5,10.1,287.4,1003.4,44.9,8.7,275.8,23.9,9,,2019-08-25T05:38:11,2019-08-25T18:19:15,0.82,Partially cloudy,Partly cloudy throughout the day.,partly-cloudy-day,"48820099999,48823099999,48825099999,48831099999,VVNB"
Hanoi,2019-08-26,32,27.5,29.6,42.3,33.2,37.7,26.9,85.9,0.1,100,4.17,rain,0,0,20.9,14.8,95.4,1002.7,48.3,5.3,188.3,16.3,7,,2019-08-26T05:38:27,2019-08-26T18:18:25,0.86,"Rain, Partially cloudy",Partly cloudy throughout the day with late afternoon rain.,rain,"48820099999,48823099999,48825099999,48831099999,VVNB"
Hanoi,2019-08-27,33,26,28.7,40.6,26,33.3,24.9,80.8,0.245,100,4.17,rain,0,0,19.8,15.8,53,1004.7,61.3,9.2,178.5,15.4,7,,2019-08-27T05:38:44,2019-08-27T18:17:35,0.89,"Rain, Partially cloudy",Partly cloudy throughout the day with afternoon rain.,rain,"48820099999,48823099999,48825099999,48831099999,VVNB"
Hanoi,2019-08-28,33,26,29.2,40.6,26,34.8,25.4,81.1,1.081,100,8.33,rain,0,0,20.2,13.9,13.1,1006.8,51.7,10.5,154.4,13.3,6,,2019-08-28T05:39:00,2019-08-28T18:16:44,0.93,"Rain, Partially cloudy",Partly cloudy throughout the day with rain.,rain,"48820099999,48823099999,48825099999,48831099999,VVNB"
Hanoi,2019-08-29,37,27,30.7,47.6,31.2,37.2,25.6,76.5,0.647,100,4.17,rain,0,0,40.7,16.6,337.2,1002.8,39.6,10,261.2,22.5,9,,2019-08-29T05:39:16,2019-08-29T18:15:52,0.96,"Rain, Partially cloudy",Partly cloudy throughout the day with late afternoon rain.,rain,"48820099999,48823099999,48825099999,48831099999,VVNB"
Hanoi,2019-08-30,31.2,25,27.7,36.6,25,31.5,24.7,84.2,33.118,100,16.67,rain,0,0,45,23.9,57.3,1003.4,75.3,10,112,9.6,6,,2019-08-30T05:39:32,2019-08-30T18:15:00,0,"Rain, Partially cloudy",Partly cloudy throughout the day with a chance of rain throughout the day.,rain,"48820099999,48823099999,48825099999,48831099999,VVNB"
Hanoi,2019-08-31,30.5,24.7,26.8,36.2,24.7,28.9,24.6,88.4,35.51,100,12.5,rain,0,0,31.3,15.7,46,1005.6,70.7,10,73.6,6.5,4,,2019-08-31T05:39:48,2019-08-31T18:14:08,0.03,"Rain, Partially cloudy",Partly cloudy throughout the day with rain.,rain,"48820099999,48823099999,48825099999,48831099999,VVNB"
Hanoi,2019-09-01,29.5,25,27,34.4,25,29.1,24.3,85.2,26.315,100,16.67,rain,0,0,35.3,18.4,353.4,1006.9,70,9.3,60.9,5.4,3,,2019-09-01T05:40:04,2019-09-01T18:13:15,0.06,"Rain, Partially cloudy",Partly cloudy throughout the day with a chance of rain throughout the day.,rain,"48820099999,48823099999,48825099999,48831099999,VVNB"
Hanoi,2019-09-02,33,26,28.7,38.6,26,31.4,23.4,74.3,0.135,100,8.33,rain,0,0,49.7,18.5,358.1,1006.1,59.6,10.2,227.2,19.7,9,,2019-09-02T05:40:19,2019-09-02T18:12:21,0.09,"Rain, Partially cloudy",Partly cloudy throughout the day with rain.,rain,"48820099999,48823099999,48825099999,48831099999,VVNB"
Hanoi,2019-09-03,33,26.6,29.5,38.1,26.6,33.4,23.2,69.6,0.43,100,12.5,rain,0,0,45.4,19.4,349.5,1005.2,71.7,10,186.1,16.1,7,,2019-09-03T05:40:34,2019-09-03T18:11:27,0.13,"Rain, Partially cloudy",Partly cloudy throughout the day with rain.,rain,"48820099999,48823099999,48825099999,48831099999,VVNB"
Hanoi,2019-09-04,31.8,27.5,29.5,37.8,31.4,34.5,24.1,73.1,0.121,100,8.33,rain,0,0,44.6,11.2,321,1003.3,81.5,9.8,106.2,9.2,6,,2019-09-04T05:40:49,2019-09-04T18:10:33,0.16,"Rain, Partially cloudy",Partly cloudy throughout the day with rain in the morning and afternoon.,rain,"48820099999,48823099999,48825099999,48831099999,VVNB"
Hanoi,2019-09-05,35.5,27,30.7,42.4,30.6,36.5,24.7,72.3,2.7,100,12.5,rain,0,0,32.8,13.9,315,1002.8,46.8,9.5,244.9,21.1,8,,2019-09-05T05:41:04,2019-09-05T18:09:39,0.2,"Rain, Partially cloudy",Partly cloudy throughout the day with rain.,rain,"48820099999,48823099999,48825099999,48831099999,VVNB"
Hanoi,2019-09-06,36,27,31.1,42.3,30.6,36.9,24.7,70.9,0.1,100,4.17,rain,0,0,16.9,13,114.8,1002.6,21.8,8.8,268.8,23.2,9,,2019-09-06T05:41:19,2019-09-06T18:08:44,0.25,"Rain, Partially cloudy",Becoming cloudy in the afternoon with late afternoon rain.,rain,"48820099999,48823099999,48825099999,48831099999,VVNB"
Hanoi,2019-09-07,36,27.5,31.4,44.7,32.4,38.4,25.3,71.4,0,0,0,,0,0,20.2,17.6,117,1003.3,36.5,9.1,247.9,21.3,9,,2019-09-07T05:41:34,2019-09-07T18:07:48,0.26,Partially cloudy,Partly cloudy throughout the day.,partly-cloudy-day,"48820099999,48823099999,48825099999,48831099999,VVNB"
Hanoi,2019-09-08,35.5,28,30.9,45.6,32.4,39,26.4,78.1,0.983,100,4.17,rain,0,0,23,20.5,112.9,1002.6,51.7,9.6,190.8,16.6,7,,2019-09-08T05:41:48,2019-09-08T18:06:53,0.3,"Rain, Partially cloudy",Partly cloudy throughout the day with late afternoon rain.,rain,"48820099999,48823099999,48825099999,48831099999,VVNB"
Hanoi,2019-09-09,35.2,27,29.6,45.8,30.3,37,26.3,83,0.098,100,4.17,rain,0,0,33.5,14.8,87.3,1001.8,60.6,9.9,157.8,13.6,7,,2019-09-09T05:42:03,2019-09-09T18:05:57,0.33,"Rain, Partially cloudy",Partly cloudy throughout the day with early morning rain.,rain,"48820099999,48823099999,48825099999,48831099999,VVNB"
Hanoi,2019-09-10,28.8,25,26.4,37,25,28.2,24.7,90.7,6.333,100,16.67,rain,0,0,19.8,17.5,58.9,1005.3,72.9,9.6,98.4,8.5,4,,2019-09-10T05:42:17,2019-09-10T18:05:01,0.37,"Rain, Partially cloudy",Partly cloudy throughout the day with a chance of rain throughout the day.,rain,"48820099999,48823099999,48825099999,48831099999,VVNB"
Hanoi,2019-09-11,30.5,25.5,26.9,38.3,25.5,29.2,24.8,88.4,7.968,100,16.67,rain,0,0,37.1,17.5,55,1010.2,65.7,9.5,154.1,13.2,6,,2019-09-11T05:42:32,2019-09-11T18:04:05,0.4,"Rain, Partially cloudy",Partly cloudy throughout the day with a chance of rain throughout the day.,rain,"48820099999,48823099999,48825099999,48831099999,VVNB"
Hanoi,2019-09-12,34,25,29.1,40.2,25,33.4,25,80.3,9.842,100,12.5,rain,0,0,20.2,13,95.6,1010.1,36.1,9.3,220.9,19.2,9,,2019-09-12T05:42:46,2019-09-12T18:03:08,0.43,"Rain, Partially cloudy",Partly cloudy throughout the day with rain.,rain,"48820099999,48823099999,48825099999,48831099999,VVNB"
Hanoi,2019-09-13,33.5,26,29.6,39.3,26,33.8,24.5,75.3,0,0,0,,0,0,18,12.1,106.7,1008.5,22.6,8.5,260.9,22.5,9,,2019-09-13T05:43:00,2019-09-13T18:02:12,0.47,Partially cloudy,Partly cloudy throughout the day.,partly-cloudy-day,"48820099999,48823099999,48825099999,48831099999,VVNB"
Hanoi,2019-09-14,35,25.7,30.1,43.7,25.7,33.9,23.8,71,0,0,0,,0,0,17.3,9.6,1.6,1008.4,15.7,8.6,257.3,22.2,9,,2019-09-14T05:43:15,2019-09-14T18:01:15,0.5,Clear,Clear conditions throughout the day.,clear-day,"48820099999,48823099999,48825099999,48831099999,VVNB"
Hanoi,2019-09-15,35.1,26,30.1,40.6,26,35,24.4,73.1,0,0,0,,0,0,15.8,13,40.1,1007.8,16.2,7.8,273.2,23.5,9,,2019-09-15T05:43:29,2019-09-15T18:00:18,0.53,Clear,Clear conditions throughout the day.,clear-day,"48820099999,48823099999,48825099999,48831099999,VVNB"
Hanoi,2019-09-16,34,27,29.8,41.3,29.9,35.3,24.7,74.9,2.948,100,4.17,rain,0,0,22.7,14.8,91.9,1007.5,35.6,8.7,241.2,20.8,8,,2019-09-16T05:43:43,2019-09-16T17:59:21,0.57,"Rain, Partially cloudy",Partly cloudy throughout the day with afternoon rain.,rain,"48820099999,48823099999,48825099999,48831099999,VVNB"
Hanoi,2019-09-17,33.7,26,29.8,40.6,26,34.8,24.7,75.5,0.7,100,16.67,rain,0,0,18.7,14.8,40,1008.8,18.2,8.4,232.8,20,9,,2019-09-17T05:43:58,2019-09-17T17:58:24,0.6,Rain,Clear conditions throughout the day with a chance of rain throughout the day.,rain,"48820099999,48823099999,48825099999,48831099999,VVNB"
Hanoi,2019-09-18,33,25,28.1,39.9,25,31.7,24.6,82.1,0.262,100,4.17,rain,0,0,28.8,13,342,1011.3,49.1,9.3,126.4,10.9,6,,2019-09-18T05:44:12,2019-09-18T17:57:27,0.64,"Rain, Partially cloudy",Partly cloudy throughout the day with afternoon rain.,rain,"48820099999,48823099999,48825099999,48831099999,VVNB,remote"
Hanoi,2019-09-19,28.9,24,26.1,33.8,24,27.2,24.4,90.6,69.777,100,8.33,rain,0,0,24.5,9.7,310.6,1012.5,50.9,7.2,174.4,15,7,,2019-09-19T05:44:26,2019-09-19T17:56:30,0.67,"Rain, Partially cloudy",Partly cloudy throughout the day with rain in the morning and afternoon.,rain,"48820099999,48823099999,48825099999,48831099999,VVNB,remote"
Hanoi,2019-09-20,32.4,24.5,28.1,37.8,24.5,31.2,24,79.5,0.197,100,4.17,rain,0,0,30.2,11,310.6,1010.9,37.7,8.1,216.6,18.7,8,,2019-09-20T05:44:41,2019-09-20T17:55:33,0.71,"Rain, Partially cloudy",Partly cloudy throughout the day with late afternoon rain.,rain,"48820099999,48823099999,48825099999,48831099999,VVNB"
Hanoi,2019-09-21,32.1,25.9,28.5,33.5,25.9,29.7,20.4,63.3,0,0,0,,0,0,31.7,17.2,347.1,1012.2,25.3,11.5,252.1,21.6,9,,2019-09-21T05:44:55,2019-09-21T17:54:35,0.74,Partially cloudy,Partly cloudy throughout the day.,partly-cloudy-day,"48820099999,48823099999,48825099999,48831099999,VVNB"
Hanoi,2019-09-22,32,24,28,31.6,24,27.9,17,53.3,0,0,0,,0,0,33.5,16.6,0.1,1015.1,20.3,12.1,267.4,23.1,9,,2019-09-22T05:45:10,2019-09-22T17:53:38,0.75,Partially cloudy,Becoming cloudy in the afternoon.,partly-cloudy-day,"48820099999,48823099999,48825099999,48831099999,VVNB"
Hanoi,2019-09-23,31.5,22,26.7,31.1,22,26.7,17.9,61.7,0,0,0,,0,0,31.7,16.6,16.3,1017.3,8,11.6,272.7,23.6,9,,2019-09-23T05:45:24,2019-09-23T17:52:41,0.81,Clear,Clear conditions throughout the day.,clear-day,"48820099999,48823099999,48825099999,48831099999,VVNB"
Hanoi,2019-09-24,32.1,21,26.7,32.5,21,27.1,18.4,63.2,0,0,0,,0,0,22.3,9.4,347.4,1017.9,6.9,9.6,271.2,23.5,9,,2019-09-24T05:45:39,2019-09-24T17:51:44,0.84,Clear,Clear conditions throughout the day.,clear-day,"48820099999,48823099999,48825099999,48831099999,VVNB"
Hanoi,2019-09-25,32.8,22,27.1,34,22,27.5,19.4,65.7,0,0,0,,0,0,22.3,15.6,342.3,1017.8,3.2,8.2,269.3,23.4,9,,2019-09-25T05:45:54,2019-09-25T17:50:48,0.88,Clear,Clear conditions throughout the day.,clear-day,"48820099999,48823099999,48825099999,48831099999,VVNB,remote"
Hanoi,2019-09-26,32,22.5,27.1,32.7,22.5,27.8,20,67.3,0,0,0,,0,0,19.4,13,304.5,1017.4,33,8.3,231.4,20.1,9,,2019-09-26T05:46:09,2019-09-26T17:49:51,0.91,Partially cloudy,Partly cloudy throughout the day.,partly-cloudy-day,"48820099999,48823099999,48825099999,48831099999,VVNB"
Hanoi,2019-09-27,32,23.5,27.5,32.7,23.5,27.8,19.6,64.5,0,0,0,,0,0,19.4,10.3,317.3,1017.1,19.1,8.2,255.8,22.1,9,,2019-09-27T05:46:24,2019-09-27T17:48:55,0.95,Clear,Clear conditions throughout the day.,clear-day,"48820099999,48823099999,48825099999,48831099999,VVNB"
Hanoi,2019-09-28,33.1,22,27.3,34.1,22,27.8,19.7,65.8,0,0,0,,0,0,21.2,10.3,318.6,1015.7,10.7,8.2,255.9,22,9,,2019-09-28T05:46:40,2019-09-28T17:47:58,0.98,Clear,Clear conditions throughout the day.,clear-day,"48820099999,48823099999,48825099999,48831099999,VVNB"
Hanoi,2019-09-29,33.7,22,27.6,34.6,22,28.3,19.8,65.3,0,0,0,,0,0,20.2,13.9,298.9,1014,0.2,7.7,272.1,23.4,9,,2019-09-29T05:46:56,2019-09-29T17:47:02,0,Clear,Clear conditions throughout the day.,clear-day,"48820099999,48823099999,48825099999,48831099999,VVNB"
Hanoi,2019-09-30,33.9,22.5,28.1,35.5,22.5,29.2,20.4,65.9,0,0,0,,0,0,20.5,14.8,132.3,1010.5,2.6,6.5,271.3,23.5,9,,2019-09-30T05:47:11,2019-09-30T17:46:07,0.05,Clear,Clear conditions throughout the day.,clear-day,"48820099999,48823099999,48825099999,48831099999,VVNB"
Hanoi,2019-10-01,33.8,24,28.3,35.7,24,29.7,21.2,67.4,0,0,0,,0,0,27.7,16.7,101.1,1009.8,1.1,6.5,263.8,22.7,9,,2019-10-01T05:47:27,2019-10-01T17:45:11,0.08,Clear,Clear conditions throughout the day.,clear-day,"48820099999,48823099999,48825099999,48831099999,VVNB"
Hanoi,2019-10-02,32,25,28.2,38.2,25,31.4,23.7,77.3,1.3,100,16.67,rain,0,0,24.8,16.6,98.5,1010.2,46,6.5,188,16.3,7,,2019-10-02T05:47:44,2019-10-02T17:44:16,0.11,"Rain, Partially cloudy",Partly cloudy throughout the day with rain.,rain,"48820099999,48823099999,48825099999,48831099999,VVNB"
Hanoi,2019-10-03,28,22.5,25.7,32.6,22.5,26.7,23.3,87.1,9.832,100,8.33,rain,0,0,19.4,13.9,91.4,1010.8,63.5,8.5,88.6,7.7,4,,2019-10-03T05:48:00,2019-10-03T17:43:21,0.15,"Rain, Partially cloudy",Partly cloudy throughout the day with rain in the morning and afternoon.,rain,"48820099999,48823099999,48825099999,48831099999,VVNB"
Hanoi,2019-10-04,30.4,23.5,25.6,37,23.5,26.6,23.6,88.9,37.14,100,12.5,rain,0,0,20.5,14.8,86.7,1010.7,58.9,6.9,82.4,7,3,,2019-10-04T05:48:17,2019-10-04T17:42:27,0.18,"Rain, Partially cloudy",Partly cloudy throughout the day with rain.,rain,"48820099999,48823099999,48825099999,48831099999,VVNB"
Hanoi,2019-10-05,31.8,23,27.2,36.2,23,29.3,22.8,78.4,0.336,100,4.17,rain,0,0,25.2,15.7,124,1011.9,33.7,7.9,172,15,7,,2019-10-05T05:48:34,2019-10-05T17:41:33,0.25,"Rain, Partially cloudy",Partly cloudy throughout the day with afternoon rain.,rain,"48820099999,48823099999,48825099999,48831099999,VVNB"
Hanoi,2019-10-06,32.8,24.5,28.3,36.4,24.5,30.2,22.6,73.1,0.8,100,20.83,rain,0,0,21.2,12.1,82.2,1013.2,30.4,8.2,211.4,18.4,7,,2019-10-06T05:48:52,2019-10-06T17:40:39,0.25,"Rain, Partially cloudy",Partly cloudy throughout the day with a chance of rain throughout the day.,rain,"48820099999,48823099999,48825099999,48831099999,VVNB"
Hanoi,2019-10-07,32.5,23.5,27,36,23.5,28.6,22.5,77.6,4.9,100,33.33,rain,0,0,33.8,20.3,6.8,1013.4,35.4,9.1,208.3,18,8,,2019-10-07T05:49:09,2019-10-07T17:39:46,0.28,"Rain, Partially cloudy",Partly cloudy throughout the day with rain.,rain,"48820099999,48823099999,48825099999,48831099999,VVNB"
Hanoi,2019-10-08,27,24.5,25.8,29.9,24.5,26.4,23.4,86.6,9.542,100,8.33,rain,0,0,20.5,14.8,351.8,1014.9,76.3,8.8,35.6,3,1,,2019-10-08T05:49:28,2019-10-08T17:38:53,0.31,"Rain, Partially cloudy",Partly cloudy throughout the day with rain in the morning and afternoon.,rain,"48820099999,48823099999,48825099999,48831099999,VVNB"
Hanoi,2019-10-09,27.3,23,24.8,30.5,23,24.9,22.9,89.7,17.982,100,8.33,rain,0,0,21.6,14.8,306.5,1013.9,58.8,9.3,95.1,8.2,5,,2019-10-09T05:49:46,2019-10-09T17:38:01,0.35,"Rain, Partially cloudy",Partly cloudy throughout the day with rain.,rain,"48820099999,48823099999,48825099999,48831099999,VVNB"
Hanoi,2019-10-10,32.5,24,27.5,37.4,24,29.6,23.3,79.6,0.098,100,4.17,rain,0,0,26.3,20.3,111.4,1012.1,31.9,8.2,197.8,17.2,7,,2019-10-10T05:50:05,2019-10-10T17:37:09,0.38,"Rain, Partially cloudy",Partly cloudy throughout the day with morning rain.,rain,"48820099999,48823099999,48825099999,48831099999,VVNB"
Hanoi,2019-10-11,33,24.5,28.6,37,24.5,31.5,23.6,76,0.3,100,8.33,rain,0,0,27.7,16.6,121.3,1011.1,28.1,9.6,201,17.4,8,,2019-10-11T05:50:24,2019-10-11T17:36:18,0.41,"Rain, Partially cloudy",Partly cloudy throughout the day with afternoon rain.,rain,"48820099999,48823099999,48825099999,48831099999,VVNB"
Hanoi,2019-10-12,32.5,25,28.2,37.1,25,30.7,23.8,78.6,0.3,100,8.33,rain,0,0,24.8,15.7,103.4,1011.2,47.2,10.1,188.3,16.2,7,,2019-10-12T05:50:43,2019-10-12T17:35:27,0.44,"Rain, Partially cloudy",Partly cloudy throughout the day with rain.,rain,"48820099999,48823099999,48825099999,48831099999,VVNB"
Hanoi,2019-10-13,31.6,24.9,27.4,35.1,24.9,29.1,23.1,78.4,3.5,100,58.33,rain,0,0,23.4,18.5,37.7,1013.7,51.4,9.1,158.8,13.6,6,,2019-10-13T05:51:03,2019-10-13T17:34:37,0.48,"Rain, Partially cloudy",Partly cloudy throughout the day with a chance of rain throughout the day.,rain,"48820099999,48823099999,48825099999,48831099999,VVNB"
Hanoi,2019-10-14,30,24,26.7,33.3,24,28.1,21.8,75.1,1.07,100,8.33,rain,0,0,26.6,16.6,9.8,1017.3,60.3,9.9,120.6,10.3,5,,2019-10-14T05:51:24,2019-10-14T17:33:48,0.5,"Rain, Partially cloudy",Partly cloudy throughout the day with rain.,rain,"48820099999,48823099999,48825099999,48831099999,VVNB"
Hanoi,2019-10-15,27.5,24,25.5,29.3,24,25.9,20.7,74.8,0.793,100,12.5,rain,0,0,29.5,13.9,354.9,1018.6,73.3,9.8,48.4,4.2,3,,2019-10-15T05:51:44,2019-10-15T17:32:59,0.55,"Rain, Partially cloudy",Partly cloudy throughout the day with rain.,rain,"48820099999,48823099999,48825099999,48831099999,VVNB"
Hanoi,2019-10-16,30.1,24,26.5,33.4,24,27.5,21.9,77,5.93,100,8.33,rain,0,0,20.2,12.1,359.3,1017.5,59,8.6,155.7,13.4,6,,2019-10-16T05:52:05,2019-10-16T17:32:11,0.58,"Rain, Partially cloudy",Partly cloudy throughout the day with rain.,rain,"48820099999,48823099999,48825099999,48831099999,VVNB"
Hanoi,2019-10-17,29.5,23.9,25.8,33,23.9,26.6,22.6,83.2,3.035,100,12.5,rain,0,0,26.6,16.6,34.7,1016.7,62.5,7.3,144.4,12.5,6,,2019-10-17T05:52:27,2019-10-17T17:31:23,0.62,"Rain, Partially cloudy",Partly cloudy throughout the day with rain.,rain,"48820099999,48823099999,48825099999,48831099999,VVNB"
Hanoi,2019-10-18,26.5,22,23.9,26.5,22,23.9,19.2,75.4,0.168,100,8.33,rain,0,0,27.7,25.9,4.8,1018.2,58,9.9,137.2,11.9,7,,2019-10-18T05:52:49,2019-10-18T17:30:37,0.65,"Rain, Partially cloudy",Partly cloudy throughout the day with rain clearing later.,rain,"48820099999,48823099999,48825099999,48831099999,VVNB"
Hanoi,2019-10-19,30.5,21,25.2,31.1,21,25.5,18.9,70.3,0,0,0,,0,0,20.2,12.1,359.8,1017.6,22.9,11.1,192.8,16.5,8,,2019-10-19T05:53:12,2019-10-19T17:29:51,0.69,Partially cloudy,Becoming cloudy in the afternoon.,partly-cloudy-day,"48820099999,48823099999,48825099999,48831099999,VVNB"
Hanoi,2019-10-20,30.6,22,26.3,32.6,22,27.3,21.1,74.4,0,0,0,,0,0,17.6,14.8,107.9,1015.6,24.8,8.6,190,16.3,6,,2019-10-20T05:53:35,2019-10-20T17:29:06,0.72,Partially cloudy,Partly cloudy throughout the day.,partly-cloudy-day,"48820099999,48823099999,48825099999,48831099999,VVNB"
Hanoi,2019-10-21,30.6,24,26.9,33.9,24,28.3,22.6,78.4,0.8,100,25,rain,0,0,26.3,16.6,105.9,1012.2,41.9,6.5,181,15.7,7,,2019-10-21T05:53:58,2019-10-21T17:28:21,0.75,"Rain, Partially cloudy",Partly cloudy throughout the day with a chance of rain throughout the day.,rain,"48820099999,48823099999,48825099999,48831099999,VVNB"
Hanoi,2019-10-22,32,24,27.8,35.6,24,30,22.8,75.7,0.1,100,4.17,rain,0,0,33.8,17.5,130.8,1008.7,40.9,9.4,194.3,16.7,8,,2019-10-22T05:54:22,2019-10-22T17:27:38,0.79,"Rain, Partially cloudy",Partly cloudy throughout the day with afternoon rain.,rain,"48820099999,48823099999,48825099999,48831099999,VVNB"
Hanoi,2019-10-23,32,25,28.5,38.3,25,32.1,24.2,78.1,3.6,100,33.33,rain,0,0,30.2,20.3,115.4,1008.6,68.2,9.8,127.7,11,5,,2019-10-23T05:54:47,2019-10-23T17:26:55,0.83,"Rain, Partially cloudy",Partly cloudy throughout the day with rain.,rain,"48820099999,48823099999,48825099999,48831099999,VVNB"
Hanoi,2019-10-24,25,21.5,22.8,25,21.5,22.8,20,84.2,3.004,100,8.33,rain,0,0,21.6,19.4,33.1,1014.1,82.1,9.9,22.7,2,1,,2019-10-24T05:55:12,2019-10-24T17:26:13,0.86,"Rain, Partially cloudy",Partly cloudy throughout the day with rain in the morning and afternoon.,rain,"48820099999,48823099999,48825099999,48831099999,VVNB"
Hanoi,2019-10-25,26,22,23.7,26,22,23.7,20.4,82.1,0.8,100,20.83,rain,0,0,16.2,11.2,348.9,1015.9,64.5,8.5,66.6,5.9,3,,2019-10-25T05:55:37,2019-10-25T17:25:33,0.9,"Rain, Partially cloudy",Partly cloudy throughout the day with rain clearing later.,rain,"48820099999,48823099999,48825099999,48831099999,VVNB"
Hanoi,2019-10-26,29.5,23,25.5,32.7,23,26.4,22.4,83.6,0.11,100,8.33,rain,0,0,20.5,8.3,18.6,1015.6,64.7,6.7,64.5,5.5,3,,2019-10-26T05:56:03,2019-10-26T17:24:53,0.93,"Rain, Partially cloudy",Partly cloudy throughout the day with rain.,rain,"48820099999,48823099999,48825099999,48831099999,VVNB"
Hanoi,2019-10-27,29.3,24,26.2,33.2,24,27.4,22.8,82.2,2.22,100,12.5,rain,0,0,28.1,17.6,109.8,1014,59.7,7.3,80.7,7,5,,2019-10-27T05:56:30,2019-10-27T17:24:14,0.97,"Rain, Partially cloudy",Partly cloudy throughout the day with rain.,rain,"48820099999,48823099999,48825099999,48831099999,VVNB"
Hanoi,2019-10-28,25.1,19.5,22,25.1,19.5,22,19.9,88.1,12.843,100,12.5,rain,0,0,35.3,28.8,24.6,1016.5,81,8,33.7,2.9,1,,2019-10-28T05:56:57,2019-10-28T17:23:36,0,"Rain, Partially cloudy",Partly cloudy throughout the day with rain.,rain,"48820099999,48823099999,48825099999,48831099999,VVNB"
Hanoi,2019-10-29,28.3,18.5,23,27.7,18.5,23,15.4,65.7,0.002,100,4.17,rain,0,0,33.5,18.5,337.6,1017.5,42.4,10,226.8,19.6,8,,2019-10-29T05:57:24,2019-10-29T17:22:59,0.03,"Rain, Partially cloudy",Partly cloudy throughout the day with early morning rain.,rain,"48820099999,48823099999,48825099999,48831099999,VVNB"
Hanoi,2019-10-30,28.5,17,22.4,27.7,17,22.2,14.4,64.8,0,0,0,,0,0,24.5,13,344.6,1016.9,38.3,9.7,234.9,20.2,8,,2019-10-30T05:57:52,2019-10-30T17:22:23,0.07,Partially cloudy,Partly cloudy throughout the day.,partly-cloudy-day,"48820099999,48823099999,48825099999,48831099999,VVNB"
Hanoi,2019-10-31,26.9,17,22.1,26.8,17,22.1,14.7,65.5,0,0,0,,0,0,23,13.9,355,1016.3,69.4,9.3,130.5,11.2,5,,2019-10-31T05:58:21,2019-10-31T17:21:48,0.1,Partially cloudy,Partly cloudy throughout the day.,partly-cloudy-day,"48820099999,48823099999,48825099999,48831099999,VVNB"
Hanoi,2019-11-01,20,18,19.4,20,18,19.4,18.5,94.5,22.018,100,16.67,rain,0,0,25.2,13.9,296.7,1016.5,72.2,6.6,33.4,2.8,2,,2019-11-01T05:58:50,2019-11-01T17:21:14,0.13,"Rain, Partially cloudy",Partly cloudy throughout the day with a chance of rain throughout the day.,rain,"48820099999,48823099999,48825099999,48831099999,VVNB"
Hanoi,2019-11-02,24,19.9,21.7,24,19.9,21.7,20.2,91.3,3.063,100,8.33,rain,0,0,28.4,15.7,297,1015.4,74.6,8.1,44.6,3.8,3,,2019-11-02T05:59:20,2019-11-02T17:20:42,0.16,"Rain, Partially cloudy",Partly cloudy throughout the day with rain.,rain,"48820099999,48823099999,48825099999,48831099999,VVNB"
Hanoi,2019-11-03,27.5,21,23.9,29.5,21,24.2,21,84.3,0.098,100,4.17,rain,0,0,24.1,12.1,310.9,1015.4,62.8,8.2,149,13,6,,2019-11-03T05:59:50,2019-11-03T17:20:10,0.2,"Rain, Partially cloudy",Partly cloudy throughout the day with early morning rain.,rain,"48820099999,48823099999,48825099999,48831099999,VVNB"
Hanoi,2019-11-04,28.5,21.8,24.7,29.2,21.8,24.8,18.3,69.4,0,0,0,,0,0,27.7,17.5,8.1,1016,26,10.3,186.6,16.1,7,,2019-11-04T06:00:21,2019-11-04T17:19:40,0.25,Partially cloudy,Clearing in the afternoon.,partly-cloudy-day,"48820099999,48823099999,48825099999,48831099999,VVNB"
Hanoi,2019-11-05,28,19.8,23.4,27.5,19.8,23.3,14.8,61.4,0,0,0,,0,0,23.4,16.6,27.3,1014,1.2,9.9,222.1,19.2,8,,2019-11-05T06:00:52,2019-11-05T17:19:10,0.26,Clear,Clear conditions throughout the day.,clear-day,"48820099999,48823099999,48825099999,48831099999,VVNB"
Hanoi,2019-11-06,28,18,23.3,28.3,18,23.4,17.2,70.5,0,0,0,,0,0,18.7,11.2,85.9,1011.7,14.8,7,196.7,17.2,8,,2019-11-06T06:01:24,2019-11-06T17:18:42,0.29,Clear,Clear conditions throughout the day.,clear-day,"48820099999,48823099999,48825099999,48831099999,VVNB"
Hanoi,2019-11-07,28,22,24.6,28.4,22,24.7,17.6,66.1,0,0,0,,0,0,27.7,17.6,12.5,1015.4,28.5,8.1,180.3,15.5,7,,2019-11-07T06:01:56,2019-11-07T17:18:15,0.33,Partially cloudy,Partly cloudy throughout the day.,partly-cloudy-day,"48820099999,48823099999,48825099999,48831099999,VVNB"
Hanoi,2019-11-08,27.1,20.5,23.6,27.1,20.5,23.6,15.2,60.9,0,0,0,,0,0,26.3,14.8,17.2,1018.2,42.5,8.8,213.9,18.4,8,,2019-11-08T06:02:29,2019-11-08T17:17:50,0.36,Partially cloudy,Clearing in the afternoon.,partly-cloudy-day,"48820099999,48823099999,48825099999,48831099999,VVNB"
Hanoi,2019-11-09,27,17.5,22,26.9,17.5,22,15,67.5,0,0,0,,0,0,18,11.2,30.6,1017.7,12.7,7.8,211.6,18.1,8,,2019-11-09T06:03:02,2019-11-09T17:17:25,0.39,Clear,Clear conditions throughout the day.,clear-day,"48820099999,48823099999,48825099999,48831099999,VVNB"
Hanoi,2019-11-10,27.2,17,22,27.3,17,22.1,15.9,70.9,0,0,0,,0,0,24.8,13,319.9,1016.5,15.9,7.5,208.2,18.1,8,,2019-11-10T06:03:36,2019-11-10T17:17:02,0.42,Clear,Clear conditions throughout the day.,clear-day,"48820099999,48823099999,48825099999,48831099999,VVNB"
Hanoi,2019-11-11,28.5,17.5,22.5,28.3,17.5,22.5,16.7,73,0,0,0,,0,0,17.3,7.6,338.3,1013.5,25.5,7.1,212.5,18.6,8,,2019-11-11T06:04:10,2019-11-11T17:16:40,0.46,Partially cloudy,Partly cloudy throughout the day.,partly-cloudy-day,"48820099999,48823099999,48825099999,48831099999,VVNB"
Hanoi,2019-11-12,28,18.5,23.4,29.2,18.5,23.7,18.7,76,0,0,0,,0,0,16.2,11.6,109.8,1013.6,49.5,6.1,137.2,11.8,6,,2019-11-12T06:04:45,2019-11-12T17:16:19,0.5,Partially cloudy,Partly cloudy throughout the day.,partly-cloudy-day,"48820099999,48823099999,48825099999,48831099999,VVNB"
Hanoi,2019-11-13,27,21,24.1,29.4,21,24.2,21.8,87.2,0.197,100,4.17,rain,0,0,46.4,19.4,28.7,1017.8,69.9,5.6,112.7,9.9,6,,2019-11-13T06:05:20,2019-11-13T17:16:00,0.52,"Rain, Partially cloudy",Partly cloudy throughout the day with afternoon rain.,rain,"48820099999,48823099999,48825099999,48831099999,VVNB"
Hanoi,2019-11-14,23.5,19.5,21.2,23.5,19.5,21.2,17.2,78.1,15.738,100,8.33,rain,0,0,25.2,18.5,15.8,1020.6,75.1,10,35.7,3.1,1,,2019-11-14T06:05:55,2019-11-14T17:15:42,0.56,"Rain, Partially cloudy",Partly cloudy throughout the day with rain.,rain,"48820099999,48823099999,48825099999,48831099999,VVNB"
Hanoi,2019-11-15,27,18,22.8,28.1,18,22.9,18.1,76.1,0,0,0,,0,0,24.8,14.8,116.4,1015.3,27.6,8.6,161.5,13.9,7,,2019-11-15T06:06:31,2019-11-15T17:15:25,0.59,Partially cloudy,Becoming cloudy in the afternoon.,partly-cloudy-day,"48820099999,48823099999,48825099999,48831099999,VVNB"
Hanoi,2019-11-16,28.5,22,24.9,30.4,22,25.4,20.8,78.9,0,0,0,,0,0,32.8,21.4,130.9,1012,64.5,7.2,137.9,11.9,5,,2019-11-16T06:07:07,2019-11-16T17:15:09,0.63,Partially cloudy,Partly cloudy throughout the day.,partly-cloudy-day,"48820099999,48823099999,48825099999,48831099999,VVNB"
Hanoi,2019-11-17,30,23,26.2,33.3,23,27.3,22.3,80.3,0.1,100,4.17,rain,0,0,32.8,16.6,131.5,1010.7,49,8.3,140.3,12,5,,2019-11-17T06:07:44,2019-11-17T17:14:55,0.67,"Rain, Partially cloudy",Partly cloudy throughout the day with morning rain.,rain,"48820099999,48823099999,48825099999,48831099999,VVNB"
Hanoi,2019-11-18,30,19.3,25.1,33.3,19.3,25.9,20.8,78,3.228,100,8.33,rain,0,0,46.1,25,66.1,1015.6,67.4,9,98.3,8.5,4,,2019-11-18T06:08:21,2019-11-18T17:14:43,0.7,"Rain, Partially cloudy",Partly cloudy throughout the day with rain.,rain,"48820099999,48823099999,48825099999,48831099999,VVNB"
Hanoi,2019-11-19,22,17,19.1,22,17,19.1,13.6,71.4,2.948,100,4.17,rain,0,0,29.5,17.3,16.5,1019.5,70.2,10,62.4,5.2,3,,2019-11-19T06:08:58,2019-11-19T17:14:31,0.74,"Rain, Partially cloudy",Partly cloudy throughout the day with early morning rain.,rain,"48820099999,48823099999,48825099999,48831099999,VVNB"
Hanoi,2019-11-20,24.3,16.8,20.6,24.3,16.8,20.6,15.1,71.6,0,0,0,,0,0,16.6,10.4,16.2,1019.2,64.1,9.5,107.2,9.2,5,,2019-11-20T06:09:36,2019-11-20T17:14:21,0.75,Partially cloudy,Partly cloudy throughout the day.,partly-cloudy-day,"48820099999,48823099999,48825099999,48831099999,VVNB"
Hanoi,2019-11-21,24.7,18,20.7,24.7,18,20.7,16.5,77.9,0,0,0,,0,0,18,10.3,21,1018.8,36,8.5,150.8,13,6,,2019-11-21T06:10:14,2019-11-21T17:14:12,0.81,Partially cloudy,Partly cloudy throughout the day.,partly-cloudy-day,"48820099999,48823099999,48825099999,48831099999,VVNB"
Hanoi,2019-11-22,27,18.8,22.6,27.6,18.8,22.6,17.2,73.3,0,0,0,,0,0,20.5,13.9,117.6,1016.8,29.9,7.9,133.7,11.6,6,,2019-11-22T06:10:52,2019-11-22T17:14:05,0.84,Partially cloudy,Partly cloudy throughout the day.,partly-cloudy-day,"48820099999,48823099999,48825099999,48831099999,VVNB"
Hanoi,2019-11-23,27.1,20,23.6,28.3,20,23.7,19.5,79,0.003,100,4.17,rain,0,0,19.8,16.6,108.3,1015,51.4,6.6,132.4,11.5,5,,2019-11-23T06:11:30,2019-11-23T17:13:59,0.88,"Rain, Partially cloudy",Partly cloudy throughout the day with morning rain.,rain,"48820099999,48823099999,48825099999,48831099999,VVNB,remote"
Hanoi,2019-11-24,29,22,24.5,30.1,22,24.8,20.3,78.9,0,0,0,,0,0,28.1,19.4,106,1015.9,39.9,7.4,151.1,13.1,6,,2019-11-24T06:12:09,2019-11-24T17:13:54,0.91,Partially cloudy,Partly cloudy throughout the day.,partly-cloudy-day,"48820099999,48823099999,48825099999,48831099999,VVNB"
Hanoi,2019-11-25,28.5,21,24.4,28.9,21,24.5,18.2,70.4,0,0,0,,0,0,27,13.9,53,1018.7,24.7,8.5,144,12.5,6,,2019-11-25T06:12:48,2019-11-25T17:13:51,0.95,Partially cloudy,Partly cloudy throughout the day.,partly-cloudy-day,"48820099999,48823099999,48825099999,48831099999,VVNB"
Hanoi,2019-11-26,24.6,19.5,22.2,24.6,19.5,22.2,16.8,71.8,0.4,100,8.33,rain,0,0,17.3,15.7,43.9,1018.9,57.8,8.7,121.8,10.5,6,,2019-11-26T06:13:27,2019-11-26T17:13:49,0,"Rain, Partially cloudy",Partly cloudy throughout the day with afternoon rain.,rain,"48820099999,48823099999,48825099999,48831099999,VVNB"
Hanoi,2019-11-27,27,22,24.1,28.5,22,24.3,19.3,75,0.1,100,4.17,rain,0,0,31.7,16.6,47.3,1018.5,65.7,7.6,62,5.3,2,,2019-11-27T06:14:06,2019-11-27T17:13:49,0.02,"Rain, Partially cloudy",Partly cloudy throughout the day with afternoon rain.,rain,"48820099999,48823099999,48825099999,48831099999,VVNB"
Hanoi,2019-11-28,22,19,20.4,22,19,20.4,14,66.8,1,100,16.67,rain,0,0,28.8,22.3,28.4,1021.3,72,9.8,53.5,4.6,3,,2019-11-28T06:14:45,2019-11-28T17:13:50,0.05,"Rain, Partially cloudy",Partly cloudy throughout the day with rain clearing later.,rain,"48820099999,48823099999,48825099999,48831099999,VVNB"
Hanoi,2019-11-29,23.5,18,20.4,23.5,18,20.4,13.5,65,0,0,0,,0,0,16.6,16.6,70.8,1020.1,61.3,9.2,122.2,10.6,7,,2019-11-29T06:15:24,2019-11-29T17:13:52,0.08,Partially cloudy,Partly cloudy throughout the day.,partly-cloudy-day,"48820099999,48823099999,48825099999,48831099999,VVNB"
Hanoi,2019-11-30,25,18.3,21.8,25,18.3,21.8,17.6,77.8,0.4,100,16.67,rain,0,0,13,13,83.3,1017.8,75.1,7.1,47.5,4.1,2,,2019-11-30T06:16:03,2019-11-30T17:13:56,0.11,"Rain, Partially cloudy",Partly cloudy throughout the day with rain in the morning and afternoon.,rain,"48820099999,48823099999,48825099999,48831099999,VVNB"
Hanoi,2019-12-01,24.5,18,21,24.5,18,21,15.9,73,0.109,100,4.17,rain,0,0,44.6,26.8,49,1018.8,79.4,8.5,33.6,2.9,2,,2019-12-01T06:16:42,2019-12-01T17:14:01,0.15,"Rain, Partially cloudy",Partly cloudy throughout the day with late afternoon rain.,rain,"48820099999,48823099999,48825099999,48831099999,VVNB"
Hanoi,2019-12-02,21,17,18.6,21,17,18.6,7.5,49.2,0.2,100,8.33,rain,0,0,38.9,23.2,357,1024,77.2,10,74.9,6.6,4,,2019-12-02T06:17:21,2019-12-02T17:14:07,0.18,"Rain, Partially cloudy",Partly cloudy throughout the day with early morning rain.,rain,"48820099999,48823099999,48825099999,48831099999,VVNB"
Hanoi,2019-12-03,21.5,15.1,17.8,21.5,15.1,17.8,6.4,48.8,0,0,0,,0,0,28.4,17.5,12.8,1023.8,25.7,9.8,185.1,16,7,,2019-12-03T06:18:00,2019-12-03T17:14:15,0.21,Partially cloudy,Partly cloudy throughout the day.,partly-cloudy-day,"48820099999,48823099999,48825099999,48831099999,VVNB"
Hanoi,2019-12-04,23,12.1,17.6,23,12.1,17.6,6,50,0,0,0,,0,0,37.1,14.8,4.2,1024.5,13,9.7,198.8,17,7,,2019-12-04T06:18:39,2019-12-04T17:14:24,0.25,Clear,Clear conditions throughout the day.,clear-day,"48820099999,48823099999,48825099999,48831099999,VVNB"
Hanoi,2019-12-05,23,14.4,18.7,23,14.4,18.7,4.6,40.4,0,0,0,,0,0,48.2,20.5,359.7,1025.6,0.4,11.3,202.3,17.6,8,,2019-12-05T06:19:18,2019-12-05T17:14:34,0.28,Clear,Clear conditions throughout the day.,clear-day,"48820099999,48823099999,48825099999,48831099999,VVNB"
Hanoi,2019-12-06,21.5,13,17,21.5,13,17,3.1,41.2,0,0,0,,0,0,38.5,18.5,345.8,1027.8,1.7,11.6,204.2,17.6,8,,2019-12-06T06:19:57,2019-12-06T17:14:45,0.31,Clear,Clear conditions throughout the day.,clear-day,"48820099999,48823099999,48825099999,48831099999,VVNB"
Hanoi,2019-12-07,22,10,15.4,22,10,15.4,4.6,54,0,0,0,,0,0,28.4,14.8,338,1026.4,9,10,206.1,17.9,8,,2019-12-07T06:20:35,2019-12-07T17:14:58,0.34,Clear,Clear conditions throughout the day.,clear-day,"48820099999,48823099999,48825099999,48831099999,VVNB"
Hanoi,2019-12-08,22,8,14.9,22,6.4,14.9,4.5,55.6,0,0,0,,0,0,22.3,9.4,311.7,1025.2,3.8,10.2,204,17.6,8,,2019-12-08T06:21:13,2019-12-08T17:15:12,0.37,Clear,Clear conditions throughout the day.,clear-day,"48820099999,48823099999,48825099999,48831099999,VVNB"
Hanoi,2019-12-09,22.5,10.5,15.9,22.5,10.5,15.9,6,56.7,0,0,0,,0,0,20.5,10.3,314.3,1021.8,8,8.6,202.3,17.5,7,,2019-12-09T06:21:51,2019-12-09T17:15:28,0.4,Clear,Clear conditions throughout the day.,clear-day,"48820099999,48823099999,48825099999,48831099999,VVNB"
Hanoi,2019-12-10,23,9.5,15.3,23,9.5,15.3,7,61.7,0,0,0,,0,0,18.7,10.3,297.6,1018.8,0,7.7,200.9,17.5,7,,2019-12-10T06:22:28,2019-12-10T17:15:44,0.44,Clear,Clear conditions throughout the day.,clear-day,"48820099999,48823099999,48825099999,48831099999,VVNB"
Hanoi,2019-12-11,23,10,15.7,23,10,15.7,8.5,66.1,0,0,0,,0,0,19.8,10.9,309.5,1018.7,0,6.7,198.8,17.2,7,,2019-12-11T06:23:05,2019-12-11T17:16:02,0.47,Clear,Clear conditions throughout the day.,clear-day,"48820099999,48823099999,48825099999,48831099999,VVNB"
Hanoi,2019-12-12,24,11,16.9,24,11,16.9,9.8,66.3,0,0,0,,0,0,16.6,13,74.8,1019.2,2,6.2,196.4,17.1,7,,2019-12-12T06:23:42,2019-12-12T17:16:21,0.5,Clear,Clear conditions throughout the day.,clear-day,"48820099999,48823099999,48825099999,48831099999,VVNB"
Hanoi,2019-12-13,24.1,14.5,19.1,24.1,14.5,19.1,14.3,74.6,0,0,0,,0,0,17.6,10.3,209.7,1020.7,41.5,5.6,107.4,9.2,4,,2019-12-13T06:24:18,2019-12-13T17:16:41,0.54,Partially cloudy,Partly cloudy throughout the day.,partly-cloudy-day,"48820099999,48823099999,48825099999,48831099999,VVNB"
Hanoi,2019-12-14,24.3,15.5,19.7,24.3,15.5,19.7,16.6,82.8,0,0,0,,0,0,13.3,10.3,84.8,1019.7,43,4.2,114,9.7,5,,2019-12-14T06:24:54,2019-12-14T17:17:03,0.57,Partially cloudy,Partly cloudy throughout the day.,partly-cloudy-day,"48820099999,48823099999,48825099999,48831099999,VVNB"
Hanoi,2019-12-15,26,20,22.2,26,20,22.2,18.7,81.2,0.1,100,4.17,rain,0,0,27.4,19.4,115,1017.3,72,6.6,116.1,10.1,5,,2019-12-15T06:25:29,2019-12-15T17:17:25,0.61,"Rain, Partially cloudy",Partly cloudy throughout the day with morning rain.,rain,"48820099999,48823099999,48825099999,48831099999,VVNB"
Hanoi,2019-12-16,27.7,20,22.8,28.8,20,22.9,19,80.6,0,0,0,,0,0,25.9,15.7,129.9,1015.7,43.6,6.5,109.7,9.4,5,,2019-12-16T06:26:03,2019-12-16T17:17:49,0.64,Partially cloudy,Partly cloudy throughout the day.,partly-cloudy-day,"48820099999,48823099999,48825099999,48831099999,VVNB"
Hanoi,2019-12-17,27.7,20.5,23.1,29.1,20.5,23.2,19.9,82.9,0.2,100,8.33,rain,0,0,16.9,16.6,116.2,1015.7,59.4,5.9,79.2,6.8,3,,2019-12-17T06:26:37,2019-12-17T17:18:13,0.68,"Rain, Partially cloudy",Partly cloudy throughout the day with afternoon rain.,rain,"48820099999,48823099999,48825099999,48831099999,VVNB"
Hanoi,2019-12-18,28.5,22,24.3,30,22,24.7,20.5,80.1,1,100,37.5,rain,0,0,26.6,19.4,125.2,1015.8,52.2,7.8,119.1,10.3,5,,2019-12-18T06:27:10,2019-12-18T17:18:39,0.71,"Rain, Partially cloudy",Partly cloudy throughout the day with a chance of rain throughout the day.,rain,"48820099999,48823099999,48825099999,48831099999,VVNB"
Hanoi,2019-12-19,26,18,22.1,26,18,22.1,18.2,79,2.2,100,37.5,rain,0,0,34.9,26.8,67.8,1016.9,67.4,7.6,40.9,3.7,2,,2019-12-19T06:27:43,2019-12-19T17:19:06,0.75,"Rain, Partially cloudy",Partly cloudy throughout the day with a chance of rain throughout the day.,rain,"48820099999,48823099999,48825099999,48831099999,VVNB"
Hanoi,2019-12-20,18.5,15,16.6,18.5,15,16.6,13.4,81.8,0.198,100,12.5,rain,0,0,20.2,22.3,38.2,1018.1,84.8,7.5,25.9,2.2,1,,2019-12-20T06:28:15,2019-12-20T17:19:33,0.79,"Rain, Partially cloudy",Partly cloudy throughout the day with rain.,rain,"48820099999,48823099999,48825099999,48831099999,VVNB"
Hanoi,2019-12-21,16.5,15,15.8,16.5,15,15.8,14.7,93.4,1.278,100,8.33,rain,0,0,15.5,14.8,45.1,1016.8,78.8,4.2,42.4,3.7,2,,2019-12-21T06:28:46,2019-12-21T17:20:02,0.82,"Rain, Partially cloudy",Partly cloudy throughout the day with rain.,rain,"48820099999,48823099999,48825099999,48831099999,VVNB"
Hanoi,2019-12-22,16.5,15,15.8,16.5,15,15.8,14.5,92.2,0.692,100,8.33,rain,0,0,19.1,14.8,42.6,1015.9,78.6,6.1,35,2.9,1,,2019-12-22T06:29:16,2019-12-22T17:20:32,0.86,"Rain, Partially cloudy",Partly cloudy throughout the day with rain.,rain,"48820099999,48823099999,48825099999,48831099999,VVNB"
Hanoi,2019-12-23,20.6,15.5,17.9,20.6,15.5,17.9,16.8,93.4,0.297,100,8.33,rain,0,0,15.5,7.6,37.7,1014,86.4,4.1,72.1,6.4,3,,2019-12-23T06:29:46,2019-12-23T17:21:02,0.89,"Rain, Partially cloudy",Partly cloudy throughout the day with rain.,rain,"48820099999,48823099999,48825099999,48831099999,VVNB"
Hanoi,2019-12-24,26.2,19,21.4,26.2,19,21.4,19.2,88.1,3.7,100,45.83,rain,0,0,20.2,15.7,106,1015.2,69.4,4.2,55.6,4.7,3,,2019-12-24T06:30:15,2019-12-24T17:21:33,0.93,"Rain, Partially cloudy",Partly cloudy throughout the day with a chance of rain throughout the day.,rain,"48820099999,48823099999,48825099999,48831099999,VVNB"
Hanoi,2019-12-25,27.5,21,23.5,28.6,21,23.7,19.4,79,0,0,0,,0,0,42.8,19.4,128.8,1012.7,70.4,7.9,123.1,10.7,6,,2019-12-25T06:30:42,2019-12-25T17:22:05,0.96,Partially cloudy,Partly cloudy throughout the day.,partly-cloudy-day,"48820099999,48823099999,48825099999,48831099999,VVNB"
Hanoi,2019-12-26,25.5,17,21.3,25.5,17,21.3,17.2,78.3,0.196,100,8.33,rain,0,0,49.3,22.3,61,1016.3,80.9,8,45.5,4.1,2,,2019-12-26T06:31:09,2019-12-26T17:22:38,0,"Rain, Partially cloudy",Partly cloudy throughout the day with rain in the morning and afternoon.,rain,"48820099999,48823099999,48825099999,48831099999,VVNB"
Hanoi,2019-12-27,18,16,16.7,18,16,16.7,9.5,62.4,0.002,100,4.17,rain,0,0,29.5,18.4,20,1021,90.2,10,22.2,1.9,1,,2019-12-27T06:31:35,2019-12-27T17:23:12,0.03,"Rain, Overcast",Cloudy skies throughout the day with early morning rain.,rain,"48820099999,48823099999,48825099999,48831099999,VVNB"
Hanoi,2019-12-28,19.1,16,17.1,19.1,16,17.1,10.8,66.7,0,0,0,,0,0,14.4,12.1,344,1019.6,88.9,8.5,98.8,8.5,5,,2019-12-28T06:32:00,2019-12-28T17:23:46,0.06,Partially cloudy,Partly cloudy throughout the day.,partly-cloudy-day,"48820099999,48823099999,48825099999,48831099999,VVNB"
Hanoi,2019-12-29,23.5,15.5,18.9,23.5,15.5,18.9,14.4,75.8,0,0,0,,0,0,18,13,289.7,1017.9,42.1,6.5,120.3,10.3,5,,2019-12-29T06:32:24,2019-12-29T17:24:21,0.1,Partially cloudy,Clearing in the afternoon.,partly-cloudy-day,"48820099999,48823099999,48825099999,48831099999,VVNB"
Hanoi,2019-12-30,23.1,18,19.9,23.1,18,19.9,16.1,79.3,0,0,0,,0,0,15.8,10.4,289,1019.8,53.8,6,114.8,10,5,,2019-12-30T06:32:47,2019-12-30T17:24:57,0.13,Partially cloudy,Partly cloudy throughout the day.,partly-cloudy-day,"48820099999,48823099999,48825099999,48831099999,VVNB"
Hanoi,2019-12-31,23,19,20.9,23,19,20.9,17.1,79.3,0.297,100,8.33,rain,0,0,23,13.9,315.6,1023.2,72.1,6,50.4,4.2,2,,2019-12-31T06:33:08,2019-12-31T17:25:33,0.16,"Rain, Partially cloudy",Partly cloudy throughout the day with rain.,rain,"48820099999,48823099999,48825099999,48831099999,VVNB"
Hanoi,2020-01-01,23,19.9,21.1,23,19.9,21.1,17.4,79.8,0.197,100,4.17,rain,0,0,14.8,10.3,135.7,1023.8,83.9,5.7,54.1,4.6,2,,2020-01-01T06:33:29,2020-01-01T17:26:10,0.19,"Rain, Partially cloudy",Partly cloudy throughout the day with afternoon rain.,rain,"48820099999,48823099999,48825099999,48831099999,VVNB"
Hanoi,2020-01-02,24,19.7,21.7,24,19.7,21.7,18.4,82.4,0.196,100,8.33,rain,0,0,21.6,15.7,92.6,1022.2,70.8,5.2,68.3,6.1,3,,2020-01-02T06:33:49,2020-01-02T17:26:47,0.22,"Rain, Partially cloudy",Partly cloudy throughout the day with rain.,rain,"48820099999,48823099999,48825099999,48831099999,VVNB"
Hanoi,2020-01-03,25.5,20.3,22.6,25.5,20.3,22.6,18.5,78,0.8,100,33.33,rain,0,0,29.9,19.4,130.2,1020.2,73.3,8.9,94.3,8.1,4,,2020-01-03T06:34:07,2020-01-03T17:27:25,0.25,"Rain, Partially cloudy",Partly cloudy throughout the day with a chance of rain throughout the day.,rain,"48820099999,48823099999,48825099999,48831099999,VVNB"
Hanoi,2020-01-04,24.5,20,21.4,24.5,20,21.4,19.2,87.3,6.915,100,8.33,rain,0,0,30.2,21.4,102.8,1018.5,67.2,6.7,82.3,7,5,,2020-01-04T06:34:25,2020-01-04T17:28:03,0.29,"Rain, Partially cloudy",Partly cloudy throughout the day with rain in the morning and afternoon.,rain,"48820099999,48823099999,48825099999,48831099999,VVNB"
Hanoi,2020-01-05,24.5,19,21.3,24.5,19,21.3,19.2,88.1,2.948,100,8.33,rain,0,0,34.9,16.6,128.5,1017.4,69.9,6,112.1,9.7,4,,2020-01-05T06:34:41,2020-01-05T17:28:42,0.32,"Rain, Partially cloudy",Partly cloudy throughout the day with rain.,rain,"48820099999,48823099999,48825099999,48831099999,VVNB"
Hanoi,2020-01-06,26.5,20,22.6,26.5,20,22.6,19,81.2,0.7,100,16.67,rain,0,0,40.3,23.2,125.5,1016,58.1,7.5,124.4,10.6,5,,2020-01-06T06:34:56,2020-01-06T17:29:21,0.35,"Rain, Partially cloudy",Partly cloudy throughout the day with rain in the morning and afternoon.,rain,"48820099999,48823099999,48825099999,48831099999,VVNB"
Hanoi,2020-01-07,25.9,20,22.2,25.9,20,22.2,19.9,87.4,2.849,100,8.33,rain,0,0,18.4,13,96.7,1016.2,70.4,5.6,71.8,6.2,3,,2020-01-07T06:35:09,2020-01-07T17:30:00,0.38,"Rain, Partially cloudy",Partly cloudy throughout the day with rain in the morning and afternoon.,rain,"48820099999,48823099999,48825099999,48831099999,VVNB"
Hanoi,2020-01-08,28,21,23.4,29.2,21,23.6,18.9,77,1.2,100,29.17,rain,0,0,32.4,25,127.3,1016.4,44,8,114,9.7,5,,2020-01-08T06:35:22,2020-01-08T17:30:40,0.42,"Rain, Partially cloudy",Partly cloudy throughout the day with a chance of rain throughout the day.,rain,"48820099999,48823099999,48825099999,48831099999,VVNB"
Hanoi,2020-01-09,28,21,23.6,28.9,21,23.8,19,76.3,0.002,100,4.17,rain,0,0,32.4,16.6,119.3,1014.7,68.1,8.3,137.5,11.8,5,,2020-01-09T06:35:33,2020-01-09T17:31:20,0.45,"Rain, Partially cloudy",Partly cloudy throughout the day with morning rain.,rain,"48820099999,48823099999,48825099999,48831099999,VVNB"
Hanoi,2020-01-10,28,21,24,28.6,21,24.2,18.8,74.5,0,0,0,,0,0,33.8,19.4,136.7,1013.1,52.6,8.6,122.4,10.7,5,,2020-01-10T06:35:43,2020-01-10T17:32:00,0.48,Partially cloudy,Partly cloudy throughout the day.,partly-cloudy-day,"48820099999,48823099999,48825099999,48831099999,VVNB"
Hanoi,2020-01-11,26.6,16.5,21.3,26.6,16.5,21.3,17.6,79.7,1.6,100,37.5,rain,0,0,50.4,26.8,78.7,1014.1,73,7.8,118.2,10.2,5,,2020-01-11T06:35:51,2020-01-11T17:32:41,0.5,"Rain, Partially cloudy",Partly cloudy throughout the day with rain.,rain,"48820099999,48823099999,48825099999,48831099999,VVNB"
Hanoi,2020-01-12,18.3,14,16.4,18.3,14,16.4,10.6,68.8,0.954,100,4.17,rain,0,0,21.2,19.4,23.1,1017.7,89,10,48.7,4.1,2,,2020-01-12T06:35:59,2020-01-12T17:33:21,0.55,"Rain, Partially cloudy",Partly cloudy throughout the day with morning rain.,rain,"48820099999,48823099999,48825099999,48831099999,remote,VVNB"
Hanoi,2020-01-13,18.1,15,16.6,18.1,15,16.6,14.3,86.7,0.295,100,4.17,rain,0,0,17.6,10.3,33,1015.7,81.6,5,52.5,4.5,2,,2020-01-13T06:36:05,2020-01-13T17:34:02,0.59,"Rain, Partially cloudy",Partly cloudy throughout the day with afternoon rain.,rain,"48820099999,48823099999,48825099999,48831099999,VVNB"
Hanoi,2020-01-14,22.5,17,19.3,22.5,17,19.3,17.2,87.9,0.295,100,4.17,rain,0,0,25.9,11.2,329.2,1014.7,75,3.3,66.9,6,2,,2020-01-14T06:36:10,2020-01-14T17:34:42,0.62,"Rain, Partially cloudy",Partly cloudy throughout the day with early morning rain.,rain,"48820099999,48823099999,48825099999,48831099999,VVNB"
Hanoi,2020-01-15,26,20,22.7,26,20,22.7,19,80.2,0.4,100,16.67,rain,0,0,49,25.9,133.1,1012.9,62.4,8.4,98.3,8.6,4,,2020-01-15T06:36:13,2020-01-15T17:35:23,0.66,"Rain, Partially cloudy",Partly cloudy throughout the day with rain in the morning and afternoon.,rain,"48820099999,48823099999,48825099999,48831099999,VVNB"
Hanoi,2020-01-16,26.4,18.1,22.8,26.4,18.1,22.8,18.9,78.8,3.4,100,33.33,rain,0,0,38.9,22.3,103.3,1014.9,70.6,9.1,103.7,8.9,5,,2020-01-16T06:36:15,2020-01-16T17:36:04,0.69,"Rain, Partially cloudy",Partly cloudy throughout the day with rain.,rain,"48820099999,48823099999,48825099999,48831099999,VVNB"
Hanoi,2020-01-17,18.8,14,16.2,18.8,14,16.2,12.3,77.7,0.003,100,4.17,rain,0,0,19.8,22.3,39.1,1019.1,86.6,8.9,34,3,2,,2020-01-17T06:36:16,2020-01-17T17:36:45,0.75,"Rain, Partially cloudy",Partly cloudy throughout the day with morning rain.,rain,"48820099999,48823099999,48825099999,48831099999,VVNB"
Hanoi,2020-01-18,23.4,14,15.1,23.4,14,15.1,13.5,91,0.395,100,4.17,rain,0,0,16.2,13,42.7,1017.9,78.2,4.6,39.9,3.4,1,,2020-01-18T06:36:15,2020-01-18T17:37:25,0.76,"Rain, Partially cloudy",Partly cloudy throughout the day with morning rain.,rain,"48820099999,48823099999,48825099999,48831099999,VVNB"
Hanoi,2020-01-19,16,13.5,14.9,16,13.5,14.9,11.3,79.8,0.305,100,8.33,rain,0,0,22,17.5,22,1020.4,81.7,9.2,38,3.1,1,,2020-01-19T06:36:14,2020-01-19T17:38:06,0.8,"Rain, Partially cloudy",Partly cloudy throughout the day with rain.,rain,"48820099999,48823099999,48825099999,48831099999,VVNB"
Hanoi,2020-01-20,15.1,13,14.4,15.1,13,14.4,12.7,89.5,0.3,100,12.5,rain,0,0,13.7,10.3,34.2,1020.3,75.2,5.7,45.5,3.9,2,,2020-01-20T06:36:10,2020-01-20T17:38:47,0.83,"Rain, Partially cloudy",Partly cloudy throughout the day with rain clearing later.,rain,"48820099999,48823099999,48825099999,48831099999,VVNB"
Hanoi,2020-01-21,21.9,15,17.9,21.9,15,17.9,16,88.5,0.098,100,4.17,rain,0,0,27,13.9,96.3,1018.9,76.5,3.1,76.2,6.4,3,,2020-01-21T06:36:06,2020-01-21T17:39:27,0.87,"Rain, Partially cloudy",Partly cloudy throughout the day with afternoon rain.,rain,"48820099999,48823099999,48825099999,48831099999,VVNB"
Hanoi,2020-01-22,24.1,17.7,20.7,24.1,17.7,20.7,18.3,86.5,0.098,100,4.17,rain,0,0,32,13.9,189.7,1016.1,82.1,4.7,93.4,8,4,,2020-01-22T06:36:00,2020-01-22T17:40:07,0.9,"Rain, Partially cloudy",Partly cloudy throughout the day with morning rain.,rain,"48820099999,48823099999,48825099999,48831099999,VVNB"
Hanoi,2020-01-23,27,21,23.4,28.2,21,23.5,20,81.7,0.5,100,20.83,rain,0,0,34.2,22.3,126.4,1014,75.5,7.9,92.8,7.9,4,,2020-01-23T06:35:53,2020-01-23T17:40:47,0.94,"Rain, Partially cloudy",Partly cloudy throughout the day with rain in the morning and afternoon.,rain,"48820099999,48823099999,48825099999,48831099999,VVNB"
Hanoi,2020-01-24,23,21,21.9,23,21,21.9,20.6,92.2,6.883,100,8.33,rain,0,0,38.5,20.3,105.5,1013.8,75.2,6,48.3,4.2,3,,2020-01-24T06:35:44,2020-01-24T17:41:27,0.98,"Rain, Partially cloudy",Partly cloudy throughout the day with rain.,rain,"48820099999,48823099999,48825099999,48831099999,VVNB"
Hanoi,2020-01-25,21.6,13.5,17.7,21.6,13.5,17.7,15.3,86,59.066,100,16.67,rain,0,0,41,26.8,37.6,1014.1,72.3,8.6,36.4,3.1,3,,2020-01-25T06:35:34,2020-01-25T17:42:06,0,"Rain, Partially cloudy",Partly cloudy throughout the day with a chance of rain throughout the day.,rain,"48820099999,48823099999,48825099999,48831099999,VVNB"
Hanoi,2020-01-26,19,13,15.8,19,13,15.8,8.6,63.2,8.087,100,4.17,rain,0,0,30.2,23.2,18.3,1018.1,69.3,10.1,162.9,14.2,7,,2020-01-26T06:35:23,2020-01-26T17:42:46,0.04,"Rain, Partially cloudy",Partly cloudy throughout the day with early morning rain.,rain,"48820099999,48823099999,48825099999,48831099999,VVNB"
Hanoi,2020-01-27,16.5,13,14.8,16.5,13,14.8,7.1,60.2,0,0,0,,0,0,26.6,16.6,32.5,1016.9,68.5,10,138.8,12.1,6,,2020-01-27T06:35:11,2020-01-27T17:43:25,0.07,Partially cloudy,Partly cloudy throughout the day.,partly-cloudy-day,"48820099999,48823099999,48825099999,48831099999,VVNB"
Hanoi,2020-01-28,16,14,14.8,16,14,14.8,7.4,61.4,0.016,100,4.17,rain,0,0,24.5,16.9,23.8,1018.8,94.2,10,120.3,10.4,6,,2020-01-28T06:34:57,2020-01-28T17:44:03,0.11,"Rain, Overcast",Cloudy skies throughout the day with afternoon rain.,rain,"48820099999,48823099999,48825099999,48831099999,VVNB"
Hanoi,2020-01-29,16.1,14,14.7,16.1,14,14.7,7.5,62.3,0.3,100,8.33,rain,0,0,25.2,14.8,358.9,1022.3,83.1,9.7,99.2,8.6,4,,2020-01-29T06:34:42,2020-01-29T17:44:42,0.14,"Rain, Partially cloudy",Partly cloudy throughout the day with early morning rain.,rain,"48820099999,48823099999,48825099999,48831099999,VVNB"
Hanoi,2020-01-30,20.4,10.5,15.4,20.4,10.5,15.4,7.3,63.2,0,0,0,,0,0,22.7,12.1,17.3,1021.8,16.4,9.1,193.8,16.7,8,,2020-01-30T06:34:25,2020-01-30T17:45:20,0.17,Clear,Clear conditions throughout the day.,clear-day,"48820099999,48823099999,48825099999,48831099999,VVNB"
Hanoi,2020-01-31,20.8,11.5,16.5,20.8,11.5,16.5,9.8,66.2,0,0,0,,0,0,23.8,13,115.4,1020.2,35.2,8.7,145.2,12.5,7,,2020-01-31T06:34:08,2020-01-31T17:45:57,0.2,Partially cloudy,Partly cloudy throughout the day.,partly-cloudy-day,"48820099999,48823099999,48825099999,48831099999,VVNB"
Hanoi,2020-02-01,16.9,14.9,16,16.9,14.9,16,13.1,82.7,0.098,100,4.17,rain,0,0,14.4,9.4,17.5,1018.9,82.6,6.3,43.5,3.6,2,,2020-02-01T06:33:49,2020-02-01T17:46:34,0.24,"Rain, Partially cloudy",Partly cloudy throughout the day with afternoon rain.,rain,"48820099999,48823099999,48825099999,48831099999,VVNB"
Hanoi,2020-02-02,20,16,17.7,20,16,17.7,15.6,87.9,0.1,100,4.17,rain,0,0,20.9,7.6,22.2,1018.4,84.1,3.3,79,6.8,3,,2020-02-02T06:33:29,2020-02-02T17:47:11,0.25,"Rain, Partially cloudy",Partly cloudy throughout the day with afternoon rain.,rain,"48820099999,48823099999,48825099999,48831099999,VVNB"
Hanoi,2020-02-03,20.3,15,17.6,20.3,15,17.6,16.4,92.9,0.788,100,8.33,rain,0,0,40.3,24.1,24.1,1017.2,78.9,4.9,47.2,4.1,3,,2020-02-03T06:33:07,2020-02-03T17:47:48,0.3,"Rain, Partially cloudy",Partly cloudy throughout the day with rain in the morning and afternoon.,rain,"48820099999,48823099999,48825099999,48831099999,VVNB"
Hanoi,2020-02-04,14.5,13.5,14.1,14.5,13.5,14.1,12.6,90.9,4.288,100,12.5,rain,0,0,21.6,17.5,18.8,1019.2,70.6,8.7,26.8,2.2,1,,2020-02-04T06:32:45,2020-02-04T17:48:24,0.33,"Rain, Partially cloudy",Partly cloudy throughout the day with a chance of rain throughout the day.,rain,"48820099999,48823099999,48825099999,48831099999,VVNB"
Hanoi,2020-02-05,15,14,14.3,15,14,14.3,13.2,93.1,1.587,100,8.33,rain,0,0,15.5,11.2,37.8,1018.2,77.7,7.4,32.8,2.9,1,,2020-02-05T06:32:21,2020-02-05T17:48:59,0.37,"Rain, Partially cloudy",Partly cloudy throughout the day with rain.,rain,"48820099999,48823099999,48825099999,48831099999,VVNB"
Hanoi,2020-02-06,19.5,15,16.9,19.5,15,16.9,15.4,90.9,0.098,100,4.17,rain,0,0,19.4,10,314.7,1016.2,80.3,4.8,81.8,7.1,3,,2020-02-06T06:31:56,2020-02-06T17:49:34,0.4,"Rain, Partially cloudy",Partly cloudy throughout the day with early morning rain.,rain,"48820099999,48823099999,48825099999,48831099999,VVNB"
Hanoi,2020-02-07,20,17,18.7,20,17,18.7,17.4,92.4,0.693,100,8.33,rain,0,0,26.6,14.3,327.1,1018.5,83.2,4.7,20.2,1.8,1,,2020-02-07T06:31:30,2020-02-07T17:50:09,0.43,"Rain, Partially cloudy",Partly cloudy throughout the day with rain in the morning and afternoon.,rain,"48820099999,48823099999,48825099999,48831099999,VVNB"
Hanoi,2020-02-08,19.1,16.5,17.6,19.1,16.5,17.6,15.6,88.3,2.949,100,12.5,rain,0,0,25.9,20.3,44.9,1021.8,82.9,7.8,30.3,2.6,1,,2020-02-08T06:31:02,2020-02-08T17:50:43,0.46,"Rain, Partially cloudy",Partly cloudy throughout the day with rain.,rain,"48820099999,48823099999,48825099999,48831099999,VVNB"
Hanoi,2020-02-09,16,14,15.1,16,14,15.1,12,82,1.185,100,8.33,rain,0,0,25.9,18.4,28.9,1025.5,80.4,9.2,46.9,3.9,2,,2020-02-09T06:30:34,2020-02-09T17:51:16,0.5,"Rain, Partially cloudy",Partly cloudy throughout the day with rain.,rain,"48820099999,48823099999,48825099999,48831099999,VVNB"
Hanoi,2020-02-10,18.6,14,16.3,18.6,14,16.3,12.4,78,0.098,100,4.17,rain,0,0,16.9,12.1,65.4,1021.7,77.7,8.3,109,9.3,5,,2020-02-10T06:30:04,2020-02-10T17:51:50,0.53,"Rain, Partially cloudy",Partly cloudy throughout the day with late afternoon rain.,rain,"48820099999,48823099999,48825099999,48831099999,VVNB"
Hanoi,2020-02-11,23.7,16,18.9,23.7,16,18.9,16.3,85.5,0.1,100,4.17,rain,0,0,23.8,14.8,101.9,1018,80.7,4.7,92,8,4,,2020-02-11T06:29:34,2020-02-11T17:52:22,0.57,"Rain, Partially cloudy",Partly cloudy throughout the day with early morning rain.,rain,"48820099999,48823099999,48825099999,48831099999,VVNB"
Hanoi,2020-02-12,23.4,18,20.4,23.4,18,20.4,18.4,88.9,0.395,100,12.5,rain,0,0,19.1,13,124.5,1015.1,78.3,4,68.6,5.9,3,,2020-02-12T06:29:02,2020-02-12T17:52:54,0.6,"Rain, Partially cloudy",Partly cloudy throughout the day with a chance of rain throughout the day.,rain,"48820099999,48823099999,48825099999,48831099999,VVNB"
Hanoi,2020-02-13,22.5,20,21.2,22.5,20,21.2,20.3,94.6,3.051,100,8.33,rain,0,0,29.5,14.8,107.3,1011.1,92.7,2.9,78.8,6.9,4,,2020-02-13T06:28:29,2020-02-13T17:53:26,0.64,"Rain, Overcast",Cloudy skies throughout the day with rain.,rain,"48820099999,48823099999,48825099999,48831099999,VVNB"
Hanoi,2020-02-14,26.8,22,23.5,29,22,23.6,21.7,90.1,0.7,100,8.33,rain,0,0,24.5,22.3,103.3,1007.6,88.1,5.4,162.4,14.1,6,,2020-02-14T06:27:55,2020-02-14T17:53:57,0.67,"Rain, Partially cloudy",Partly cloudy throughout the day with rain.,rain,"48820099999,48823099999,48825099999,48831099999,VVNB"
Hanoi,2020-02-15,28.5,23,24.9,31,23,25.4,22,84.9,0.003,100,4.17,rain,0,0,53.6,19.4,99.5,1009.4,68.6,7.2,133.1,11.5,6,,2020-02-15T06:27:20,2020-02-15T17:54:28,0.71,"Rain, Partially cloudy",Partly cloudy throughout the day with afternoon rain.,rain,"48820099999,48823099999,48825099999,48831099999,VVNB"
Hanoi,2020-02-16,22,17,18.9,22,17,18.9,8,49.8,0.249,100,8.33,rain,0,0,40.3,28.6,26,1020.9,63.5,10.1,162,14.1,6,,2020-02-16T06:26:45,2020-02-16T17:54:58,0.75,"Rain, Partially cloudy",Partly cloudy throughout the day with rain clearing later.,rain,"48820099999,48823099999,48825099999,48831099999,VVNB"
Hanoi,2020-02-17,20.5,16,17.6,20.5,16,17.6,5.8,46.3,0,0,0,,0,0,28.8,18.5,39,1026.1,75.3,10.1,149.1,13,6,,2020-02-17T06:26:08,2020-02-17T17:55:28,0.78,Partially cloudy,Partly cloudy throughout the day.,partly-cloudy-day,"48820099999,48823099999,48825099999,48831099999,VVNB"
Hanoi,2020-02-18,21.1,15,17.8,21.1,15,17.8,5.5,46.1,0,0,0,,0,0,19.1,16.6,84.9,1024.8,59.6,10.1,177.7,15.4,8,,2020-02-18T06:25:30,2020-02-18T17:55:57,0.81,Partially cloudy,Clearing in the afternoon.,partly-cloudy-day,"48820099999,48823099999,48825099999,48831099999,VVNB"
Hanoi,2020-02-19,21.9,15,18.2,21.9,15,18.2,11.1,64.3,0,0,0,,0,0,16.9,10.3,62.2,1022.3,72.5,9.2,156,13.5,5,,2020-02-19T06:24:51,2020-02-19T17:56:26,0.85,Partially cloudy,Partly cloudy throughout the day.,partly-cloudy-day,"48820099999,48823099999,48825099999,48831099999,VVNB"
Hanoi,2020-02-20,19.8,17.8,18.5,19.8,17.8,18.5,16,85.3,0.098,100,4.17,rain,0,0,16.2,12.1,304.9,1022.1,76,3.8,70.6,6,3,,2020-02-20T06:24:12,2020-02-20T17:56:54,0.88,"Rain, Partially cloudy",Partly cloudy throughout the day with late afternoon rain.,rain,"48820099999,48823099999,48825099999,48831099999,VVNB"
Hanoi,2020-02-21,22.5,17,19.2,22.5,17,19.2,16.8,86.6,0.098,100,4.17,rain,0,0,30.2,13.9,288.3,1025,57.3,2.8,86.4,7.4,5,,2020-02-21T06:23:32,2020-02-21T17:57:22,0.91,"Rain, Partially cloudy",Partly cloudy throughout the day with early morning rain.,rain,"48820099999,48823099999,48825099999,48831099999,VVNB"
Hanoi,2020-02-22,24.1,17,19.7,24.1,17,19.7,17.1,86,0.1,100,4.17,rain,0,0,22,11.2,290.7,1025.5,56.3,3.6,176.5,15.4,7,,2020-02-22T06:22:50,2020-02-22T17:57:49,0.95,"Rain, Partially cloudy",Partly cloudy throughout the day with afternoon rain.,rain,"48820099999,48823099999,48825099999,48831099999,VVNB"
Hanoi,2020-02-23,25.5,15.5,20.4,25.5,15.5,20.4,16.1,78.5,0,0,0,,0,0,28.1,13,125.7,1022.6,36.1,6.1,198.4,17.1,8,,2020-02-23T06:22:08,2020-02-23T17:58:16,0,Partially cloudy,Partly cloudy throughout the day.,partly-cloudy-day,"48820099999,48823099999,48825099999,48831099999,VVNB"
Hanoi,2020-02-24,26.1,17.5,21.8,26.1,17.5,21.8,17.1,77.1,0,0,0,,0,0,31.7,18.5,121.8,1018.3,36.5,7.6,162.8,14,6,,2020-02-24T06:21:25,2020-02-24T17:58:43,0.02,Partially cloudy,Partly cloudy throughout the day.,partly-cloudy-day,"48820099999,48823099999,48825099999,48831099999,VVNB"
Hanoi,2020-02-25,26,18.5,22,26,18.5,22,18.2,80.7,0,0,0,,0,0,29.2,14.8,119.8,1016.5,56,7.4,133.3,11.5,5,,2020-02-25T06:20:42,2020-02-25T17:59:08,0.05,Partially cloudy,Partly cloudy throughout the day.,partly-cloudy-day,"48820099999,48823099999,48825099999,48831099999,VVNB"
Hanoi,2020-02-26,27,18.5,22.4,28,18.5,22.5,18.2,78.6,0.1,100,4.17,rain,0,0,22,14.8,108.3,1016.9,49.2,7,126.4,10.9,5,,2020-02-26T06:19:57,2020-02-26T17:59:34,0.08,"Rain, Partially cloudy",Partly cloudy throughout the day with afternoon rain.,rain,"48820099999,48823099999,48825099999,48831099999,VVNB"
Hanoi,2020-02-27,28,20,23.9,29,20,24.1,18.2,71.5,0.6,100,12.5,rain,0,0,25.9,16.6,124.7,1016.8,55.8,9.5,137.2,11.8,6,,2020-02-27T06:19:12,2020-02-27T17:59:59,0.12,"Rain, Partially cloudy",Partly cloudy throughout the day with afternoon rain.,rain,"48820099999,48823099999,48825099999,48831099999,VVNB"
Hanoi,2020-02-28,27,21,23.8,28.2,21,23.9,18.8,74.2,0.098,100,4.17,rain,0,0,32,17.5,131.6,1015.2,53.7,9.5,136,11.8,5,,2020-02-28T06:18:26,2020-02-28T18:00:24,0.15,"Rain, Partially cloudy",Partly cloudy throughout the day with afternoon rain.,rain,"48820099999,48823099999,48825099999,48831099999,VVNB"
Hanoi,2020-02-29,27.1,21,23.7,28.2,21,23.9,19.4,77.9,1,100,25,rain,0,0,26.6,16.6,127.3,1012.9,57.7,8.8,108.2,9.3,4,,2020-02-29T06:17:40,2020-02-29T18:00:48,0.18,"Rain, Partially cloudy",Partly cloudy throughout the day with a chance of rain throughout the day.,rain,"48820099999,48823099999,48825099999,48831099999,VVNB"
Hanoi,2020-03-01,27.2,22,24,29.1,22,24.2,20.6,81.9,0.3,100,12.5,rain,0,0,28.1,20.3,116.6,1012.6,73.7,8,120.8,10.5,4,,2020-03-01T06:16:53,2020-03-01T18:01:12,0.22,"Rain, Partially cloudy",Partly cloudy throughout the day with rain in the morning and afternoon.,rain,"48820099999,48823099999,48825099999,48831099999,VVNB"
Hanoi,2020-03-02,25.5,21.9,23.5,25.5,21.9,23.5,20.5,83.6,0.197,100,4.17,rain,0,0,37.4,20.5,125.8,1013.2,81.2,9.3,105.8,9.1,5,,2020-03-02T06:16:05,2020-03-02T18:01:35,0.25,"Rain, Partially cloudy",Partly cloudy throughout the day with late afternoon rain.,rain,"48820099999,48823099999,48825099999,48831099999,VVNB"
Hanoi,2020-03-03,26.3,20.5,22.6,26.3,20.5,22.6,20.6,89.1,97.577,100,16.67,rain,0,0,34.6,21.2,113,1013.5,73.3,8.1,64.8,5.6,2,,2020-03-03T06:15:17,2020-03-03T18:01:58,0.25,"Rain, Partially cloudy",Partly cloudy throughout the day with a chance of rain throughout the day.,rain,"48820099999,48823099999,48825099999,48831099999,VVNB"
Hanoi,2020-03-04,23,17,19.1,23,17,19.1,16.9,87.2,19.524,100,16.67,rain,0,0,41.8,31.7,38.2,1016.7,75.4,9.2,48.9,4.2,3,,2020-03-04T06:14:28,2020-03-04T18:02:21,0.32,"Rain, Partially cloudy",Partly cloudy throughout the day with a chance of rain throughout the day.,rain,"48820099999,48823099999,48825099999,48831099999,VVNB"
Hanoi,2020-03-05,18,15,16.7,18,15,16.7,13.9,83.9,0.504,100,8.33,rain,0,0,18.4,17.5,36.9,1018.6,80.5,9.8,34.2,3.2,2,,2020-03-05T06:13:39,2020-03-05T18:02:43,0.35,"Rain, Partially cloudy",Partly cloudy throughout the day with rain.,rain,"48820099999,48823099999,48825099999,48831099999,VVNB"
Hanoi,2020-03-06,23.3,16,19.6,23.3,16,19.6,16.4,82.7,0.102,100,4.17,rain,0,0,23.8,15.7,95.4,1014.5,82.3,6.7,141.6,12.2,7,,2020-03-06T06:12:49,2020-03-06T18:03:05,0.38,"Rain, Partially cloudy",Partly cloudy throughout the day with early morning rain.,rain,"48820099999,48823099999,48825099999,48831099999,VVNB"
Hanoi,2020-03-07,24,19,21.6,24,19,21.6,18.8,84.4,0.198,100,8.33,rain,0,0,23.8,12.1,118.1,1010.9,82.3,5.7,175.2,15.2,7,,2020-03-07T06:11:59,2020-03-07T18:03:27,0.42,"Rain, Partially cloudy",Partly cloudy throughout the day with rain in the morning and afternoon.,rain,"48820099999,48823099999,48825099999,48831099999,VVNB"
Hanoi,2020-03-08,29.5,21,24.5,32.7,21,25.2,21,82.3,0.098,100,4.17,rain,0,0,21.6,16.6,105.6,1005.3,50.4,5.5,230.4,20,9,,2020-03-08T06:11:08,2020-03-08T18:03:48,0.45,"Rain, Partially cloudy",Clearing in the afternoon with morning rain.,rain,"48820099999,48823099999,48825099999,48831099999,VVNB"
Hanoi,2020-03-09,33.8,22.5,27.1,35.1,22.5,28.2,21.4,73.7,0,0,0,,0,0,26.6,12.1,70.6,1004.2,29.1,5.7,256.1,22.1,9,,2020-03-09T06:10:17,2020-03-09T18:04:09,0.48,Partially cloudy,Partly cloudy throughout the day.,partly-cloudy-day,"48820099999,48823099999,48825099999,48831099999,VVNB"
Hanoi,2020-03-10,26.4,22.5,24.3,26.4,22.5,24.3,16.8,65.1,1.4,100,16.67,rain,0,0,31,25,37.9,1012.4,80.5,8.5,65.3,5.7,2,,2020-03-10T06:09:25,2020-03-10T18:04:30,0.5,"Rain, Partially cloudy",Partly cloudy throughout the day with rain clearing later.,rain,"48820099999,48823099999,48825099999,48831099999,VVNB"
Hanoi,2020-03-11,24.1,21,22.4,24.1,21,22.4,16.4,69.3,0,0,0,,0,0,14,16.6,119.2,1014.3,75.2,8.6,70.6,6.1,3,,2020-03-11T06:08:33,2020-03-11T18:04:50,0.55,Partially cloudy,Partly cloudy throughout the day.,partly-cloudy-day,"48820099999,48823099999,48825099999,48831099999,VVNB"
Hanoi,2020-03-12,25.1,20,22.6,25.1,20,22.6,19.6,84.1,0.098,100,4.17,rain,0,0,24.8,13,110.8,1011.8,86.6,5.4,158.8,13.7,6,,2020-03-12T06:07:41,2020-03-12T18:05:11,0.58,"Rain, Partially cloudy",Partly cloudy throughout the day with morning rain.,rain,"48820099999,48823099999,48825099999,48831099999,VVNB"
Hanoi,2020-03-13,28,22.7,24.8,30.9,22.7,25.4,22.1,85.6,0.202,100,8.33,rain,0,0,25.2,16.6,90.1,1012.6,80,5.1,143.7,12.4,5,,2020-03-13T06:06:48,2020-03-13T18:05:31,0.62,"Rain, Partially cloudy",Partly cloudy throughout the day with rain in the morning and afternoon.,rain,"48820099999,48823099999,48825099999,48831099999,VVNB"
Hanoi,2020-03-14,25,21,22.5,25,21,22.5,17.8,75.2,0.517,100,8.33,rain,0,0,27,18.4,40.1,1016.8,92.8,9.1,48,4.1,2,,2020-03-14T06:05:55,2020-03-14T18:05:50,0.65,"Rain, Overcast",Cloudy skies throughout the day with rain in the morning and afternoon.,rain,"48820099999,48823099999,48825099999,48831099999,VVNB"
Hanoi,2020-03-15,21.5,19,20.1,21.5,19,20.1,16.4,79.4,0.8,100,25,rain,0,0,15.5,10.3,54.4,1017.4,90,7.4,53.7,4.7,2,,2020-03-15T06:05:02,2020-03-15T18:06:10,0.69,"Rain, Partially cloudy",Partly cloudy throughout the day with rain clearing later.,rain,"48820099999,48823099999,48825099999,48831099999,VVNB"
Hanoi,2020-03-16,21.8,19,20.3,21.8,19,20.3,19,92.4,0.198,100,12.5,rain,0,0,23,9.4,71.2,1015.4,86.1,2.7,100.2,8.5,5,,2020-03-16T06:04:09,2020-03-16T18:06:29,0.75,"Rain, Partially cloudy",Partly cloudy throughout the day with a chance of rain throughout the day.,rain,"48820099999,48823099999,48825099999,48831099999,VVNB"
Hanoi,2020-03-17,23.5,20,21.7,23.5,20,21.7,20.7,93.8,3.105,100,12.5,rain,0,0,31,19.4,61.1,1014.9,90.9,3.2,99.9,8.6,6,,2020-03-17T06:03:15,2020-03-17T18:06:49,0.75,"Rain, Overcast",Cloudy skies throughout the day with rain.,rain,"48820099999,48823099999,48825099999,48831099999,VVNB"
Hanoi,2020-03-18,19.9,18,18.8,19.9,18,18.8,17.5,92.7,11.822,100,8.33,rain,0,0,26.6,20.3,41.6,1013.4,78.1,7,38.5,3.2,1,,2020-03-18T06:02:21,2020-03-18T18:07:08,0.79,"Rain, Partially cloudy",Partly cloudy throughout the day with rain.,rain,"48820099999,48823099999,48825099999,48831099999,VVNB"
Hanoi,2020-03-19,21.5,18,19.5,21.5,18,19.5,17,85.7,1.775,100,8.33,rain,0,0,23,15.7,358.4,1014,84.7,8.2,46,4,2,,2020-03-19T06:01:27,2020-03-19T18:07:26,0.82,"Rain, Partially cloudy",Partly cloudy throughout the day with rain.,rain,"48820099999,48823099999,48825099999,48831099999,VVNB"
Hanoi,2020-03-20,25,19,21.9,25,19,21.9,17.9,79.1,0.2,100,8.33,rain,0,0,20.5,18.4,94.1,1013.2,80.5,8.7,103.8,8.9,4,,2020-03-20T06:00:33,2020-03-20T18:07:45,0.86,"Rain, Partially cloudy",Partly cloudy throughout the day with rain clearing later.,rain,"48820099999,48823099999,48825099999,48831099999,VVNB"
Hanoi,2020-03-21,27.2,21,23.9,29.4,21,24.2,21,84.1,0.007,100,8.33,rain,0,0,27.4,17.5,129.1,1011.8,74.1,6.2,134.8,11.5,5,,2020-03-21T05:59:39,2020-03-21T18:08:04,0.89,"Rain, Partially cloudy",Partly cloudy throughout the day with rain in the morning and afternoon.,rain,"48820099999,48823099999,48825099999,48831099999,VVNB"
Hanoi,2020-03-22,28.5,23.6,25.3,31.9,23.6,26,22.7,85.5,2.964,100,12.5,rain,0,0,24.8,19.4,129.3,1011.7,80.3,6.8,140.4,12.1,6,,2020-03-22T05:58:44,2020-03-22T18:08:22,0.93,"Rain, Partially cloudy",Partly cloudy throughout the day with rain.,rain,"48820099999,48823099999,48825099999,48831099999,VVNB"
Hanoi,2020-03-23,27.5,23,24.7,29.9,23,25,22.2,86.6,2.063,100,8.33,rain,0,0,29.5,14.8,122.5,1012.3,63.7,6.5,123,10.6,6,,2020-03-23T05:57:50,2020-03-23T18:08:40,0.96,"Rain, Partially cloudy",Partly cloudy throughout the day with rain.,rain,"48820099999,48823099999,48825099999,48831099999,VVNB"
Hanoi,2020-03-24,29,22.5,25.6,31,22.5,26.2,21.2,78.4,0.393,100,4.17,rain,0,0,34.9,22.3,130.8,1011.6,50.6,8.2,186.7,16.1,8,,2020-03-24T05:56:56,2020-03-24T18:08:59,0,"Rain, Partially cloudy",Partly cloudy throughout the day with early morning rain.,rain,"48820099999,48823099999,48825099999,48831099999,VVNB"
Hanoi,2020-03-25,28.1,24,25.7,30.9,24,26.4,22,81,7,100,54.17,rain,0,0,40.7,25.9,146,1009.7,62,9.2,158.8,13.8,7,,2020-03-25T05:56:01,2020-03-25T18:09:17,0.03,"Rain, Partially cloudy",Partly cloudy throughout the day with a chance of rain throughout the day.,rain,"48820099999,48823099999,48825099999,48831099999,VVNB"
Hanoi,2020-03-26,29.2,24,26.4,33.3,24,27.6,22.7,80.2,0.983,100,4.17,rain,0,0,31.7,23.2,138.9,1008.9,75.7,10,194.8,16.9,7,,2020-03-26T05:55:07,2020-03-26T18:09:35,0.06,"Rain, Partially cloudy",Partly cloudy throughout the day with early morning rain.,rain,"48820099999,48823099999,48825099999,48831099999,VVNB"
Hanoi,2020-03-27,29.4,25,26.8,33.2,25,28.2,23.1,80.9,0.2,100,8.33,rain,0,0,24.1,18.4,123.4,1008.6,74.5,9.5,206.7,17.8,8,,2020-03-27T05:54:13,2020-03-27T18:09:53,0.1,"Rain, Partially cloudy",Partly cloudy throughout the day with rain clearing later.,rain,"48820099999,48823099999,48825099999,48831099999,VVNB"
Hanoi,2020-03-28,28.5,24,25.9,31.1,24,26.5,22.5,81.8,4.6,100,45.83,rain,0,0,38.5,22.3,123.7,1009.8,79.4,8.4,46.7,3.9,2,,2020-03-28T05:53:18,2020-03-28T18:10:11,0.13,"Rain, Partially cloudy",Partly cloudy throughout the day with a chance of rain throughout the day.,rain,"48820099999,48823099999,48825099999,48831099999,VVNB"
Hanoi,2020-03-29,28,22,24.7,31.7,22,25.2,22.4,86.8,0.003,100,4.17,rain,0,0,31,25.9,127.1,1008,87.1,7.8,95.4,8.2,4,,2020-03-29T05:52:24,2020-03-29T18:10:29,0.16,"Rain, Partially cloudy",Partly cloudy throughout the day with early morning rain.,rain,"48820099999,48823099999,48825099999,48831099999,VVNB"
Hanoi,2020-03-30,25.4,17,20.8,25.4,17,20.8,18.5,86.9,0.002,100,4.17,rain,0,0,32.8,26.8,63.4,1009.1,88,8.2,63.1,5.4,3,,2020-03-30T05:51:30,2020-03-30T18:10:48,0.2,"Rain, Partially cloudy",Partly cloudy throughout the day with morning rain.,rain,"48820099999,48823099999,48825099999,48831099999,VVNB"
Hanoi,2020-03-31,19.5,17.5,18.5,19.5,17.5,18.5,15.7,84,0.788,100,4.17,rain,0,0,25.2,19.4,30.2,1012.2,87.9,8.6,63.2,5.4,2,,2020-03-31T05:50:36,2020-03-31T18:11:06,0.23,"Rain, Partially cloudy",Partly cloudy throughout the day with morning rain.,rain,"48820099999,48823099999,48825099999,48831099999,VVNB"
Hanoi,2020-04-01,21.7,17,19.3,21.7,17,19.3,15.9,80.7,0.002,100,4.17,rain,0,0,18,13,32.3,1012.9,84.1,9.2,82.1,7,3,,2020-04-01T05:49:42,2020-04-01T18:11:24,0.25,"Rain, Partially cloudy",Partly cloudy throughout the day with morning rain.,rain,"48820099999,48823099999,48825099999,48831099999,VVNB"
Hanoi,2020-04-02,21.1,18,19.8,21.1,18,19.8,18.5,92.2,0.793,100,12.5,rain,0,0,14.8,8.5,42.4,1012.9,84.9,5.3,56.2,4.9,2,,2020-04-02T05:48:49,2020-04-02T18:11:42,0.3,"Rain, Partially cloudy",Partly cloudy throughout the day with a chance of rain throughout the day.,rain,"48820099999,48823099999,48825099999,48831099999,VVNB"
Hanoi,2020-04-03,22.7,20,21.1,22.7,20,21.1,20.1,93.9,1.402,100,8.33,rain,0,0,24.1,19.4,43.8,1013.2,85.4,4.2,74.7,6.4,4,,2020-04-03T05:47:56,2020-04-03T18:12:00,0.33,"Rain, Partially cloudy",Partly cloudy throughout the day with rain in the morning and afternoon.,rain,"48820099999,48823099999,48825099999,48831099999,VVNB"
Hanoi,2020-04-04,21,17.9,19.2,21,17.9,19.2,16.8,86,2.409,100,12.5,rain,0,0,27.4,20.5,29.7,1016.3,80.4,9,47.4,4,2,,2020-04-04T05:47:03,2020-04-04T18:12:18,0.37,"Rain, Partially cloudy",Partly cloudy throughout the day with a chance of rain throughout the day.,rain,"48820099999,48823099999,48825099999,48831099999,VVNB"
Hanoi,2020-04-05,19.4,16,18.2,19.4,16,18.2,13.5,74.4,0.415,100,8.33,rain,0,0,23.4,16.6,9.1,1018.5,88.3,10,54.9,4.6,2,,2020-04-05T05:46:10,2020-04-05T18:12:37,0.4,"Rain, Partially cloudy",Partly cloudy throughout the day with rain.,rain,"48820099999,48823099999,48825099999,48831099999,VVNB"
Hanoi,2020-04-06,19.9,16,17.4,19.9,16,17.4,14.9,85.2,1.395,100,8.33,rain,0,0,22.7,10.3,3.2,1016.7,82,9,96.6,8.4,4,,2020-04-06T05:45:17,2020-04-06T18:12:55,0.44,"Rain, Partially cloudy",Partly cloudy throughout the day with rain.,rain,"48820099999,48823099999,48825099999,48831099999,VVNB"
Hanoi,2020-04-07,23,17,19.5,23,17,19.5,15.6,78.8,0.61,100,8.33,rain,0,0,21.6,11.2,7.5,1015.6,65.9,8.6,127.4,11.1,6,,2020-04-07T05:44:25,2020-04-07T18:13:14,0.47,"Rain, Partially cloudy",Partly cloudy throughout the day with rain in the morning and afternoon.,rain,"48820099999,48823099999,48825099999,48831099999,VVNB"
Hanoi,2020-04-08,23,18,20.3,23,18,20.3,17.6,84.8,4.105,100,4.17,rain,0,0,15.5,9.4,275,1016,60.7,5.5,127.7,10.9,8,,2020-04-08T05:43:33,2020-04-08T18:13:33,0.5,"Rain, Partially cloudy",Partly cloudy throughout the day with afternoon rain.,rain,"48820099999,48823099999,48825099999,48831099999,VVNB"
Hanoi,2020-04-09,26,20,22.6,26,20,22.6,18.6,78.7,0,0,0,,0,0,23,13,207,1016.4,51.6,5.8,146.3,12.5,5,,2020-04-09T05:42:42,2020-04-09T18:13:51,0.54,Partially cloudy,Partly cloudy throughout the day.,partly-cloudy-day,"48820099999,48823099999,48825099999,48831099999,VVNB"
Hanoi,2020-04-10,28.3,21,23.9,30.8,21,24.1,20,79.2,0.1,100,4.17,rain,0,0,28.1,15.8,96.4,1014.7,74,6.7,160.6,13.9,5,,2020-04-10T05:41:51,2020-04-10T18:14:10,0.57,"Rain, Partially cloudy",Partly cloudy throughout the day with afternoon rain.,rain,"48820099999,48823099999,48825099999,48831099999,VVNB"
Hanoi,2020-04-11,29,22,25.3,32,22,26.2,21.9,81.8,1.9,100,12.5,rain,0,0,27.4,13.9,103.9,1013.3,65,5.8,161.1,14,5,,2020-04-11T05:41:00,2020-04-11T18:14:29,0.6,"Rain, Partially cloudy",Partly cloudy throughout the day with late afternoon rain.,rain,"48820099999,48823099999,48825099999,48831099999,VVNB"
Hanoi,2020-04-12,24.1,18,20.3,24.1,18,20.3,16.6,80.1,25.702,100,12.5,rain,0,0,43.9,25.9,19.7,1018.4,59.9,9,146,12.7,6,,2020-04-12T05:40:10,2020-04-12T18:14:49,0.64,"Rain, Partially cloudy",Partly cloudy throughout the day with rain.,rain,"48820099999,48823099999,48825099999,48831099999,VVNB"
Hanoi,2020-04-13,18.1,15,16.6,18.1,15,16.6,13.4,82.1,6.981,100,12.5,rain,0,0,30.6,15.7,313.7,1020.9,70.2,9.7,181.8,15.8,8,,2020-04-13T05:39:20,2020-04-13T18:15:08,0.67,"Rain, Partially cloudy",Partly cloudy throughout the day with rain.,rain,"48820099999,48823099999,48825099999,48831099999,VVNB"
Hanoi,2020-04-14,25,14,19.2,25,14,19.2,13.1,70.3,0,0,0,,0,0,18.7,13.9,204.4,1017.1,33.6,9.2,251.2,21.5,10,,2020-04-14T05:38:31,2020-04-14T18:15:28,0.7,Partially cloudy,Partly cloudy throughout the day.,partly-cloudy-day,"48820099999,48823099999,48825099999,48831099999,VVNB"
Hanoi,2020-04-15,26,17,21.6,26,17,21.6,16.7,74.3,0,0,0,,0,0,33.8,19.4,108,1014.1,71.7,7,234.1,20.2,9,,2020-04-15T05:37:42,2020-04-15T18:15:47,0.75,Partially cloudy,Partly cloudy throughout the day.,partly-cloudy-day,"48820099999,48823099999,48825099999,48831099999,VVNB"
Hanoi,2020-04-16,25.6,21,23.1,25.6,21,23.1,20.5,85.3,0.4,100,12.5,rain,0,0,33.8,13,107.6,1011.2,81.1,5,120.8,10.4,4,,2020-04-16T05:36:54,2020-04-16T18:16:07,0.77,"Rain, Partially cloudy",Partly cloudy throughout the day with rain in the morning and afternoon.,rain,"48820099999,48823099999,48825099999,48831099999,VVNB"
Hanoi,2020-04-17,26,23,24.3,26,23,24.3,22.5,89.6,0.201,100,12.5,rain,0,0,30.6,17.5,130.6,1011.3,81.4,6.8,109.4,9.4,5,,2020-04-17T05:36:06,2020-04-17T18:16:27,0.8,"Rain, Partially cloudy",Partly cloudy throughout the day with rain.,rain,"48820099999,48823099999,48825099999,48831099999,VVNB"
Hanoi,2020-04-18,32,23,26.4,36.3,23,28,22.6,80.5,0.491,100,4.17,rain,0,0,31.3,21.4,125,1010.2,65.7,8.6,175.8,15.2,6,,2020-04-18T05:35:19,2020-04-18T18:16:48,0.84,"Rain, Partially cloudy",Partly cloudy throughout the day with early morning rain.,rain,"48820099999,48823099999,48825099999,48831099999,VVNB"
Hanoi,2020-04-19,28.9,24.5,26.1,34,24.5,27.1,23.6,86.1,0,0,0,,0,0,25.9,18.5,104.6,1009.3,76.1,7.3,175.2,15.1,6,,2020-04-19T05:34:32,2020-04-19T18:17:08,0.87,Partially cloudy,Partly cloudy throughout the day.,partly-cloudy-day,"48820099999,48823099999,48825099999,48831099999,VVNB"
Hanoi,2020-04-20,30.1,24,27,35.4,24,29.3,23.6,82.2,0.098,100,4.17,rain,0,0,27.7,18.4,125,1009.8,70,8.4,160.3,13.8,6,,2020-04-20T05:33:46,2020-04-20T18:17:29,0.9,"Rain, Partially cloudy",Partly cloudy throughout the day with morning rain.,rain,"48820099999,48823099999,48825099999,48831099999,VVNB"
Hanoi,2020-04-21,29.8,25.3,27,35.3,25.3,29.1,24.1,84.5,0.098,100,4.17,rain,0,0,33.5,20.5,111.5,1008.9,76.8,7.2,213.1,18.3,8,,2020-04-21T05:33:01,2020-04-21T18:17:50,0.94,"Rain, Partially cloudy",Partly cloudy throughout the day with early morning rain.,rain,"48820099999,48823099999,48825099999,48831099999,VVNB"
Hanoi,2020-04-22,26.5,21.5,24.7,26.5,21.5,24.7,22.4,87.4,1.081,100,8.33,rain,0,0,31,18.5,84.9,1011.1,73.8,7.9,91.8,7.9,5,,2020-04-22T05:32:17,2020-04-22T18:18:11,0.97,"Rain, Partially cloudy",Partly cloudy throughout the day with rain.,rain,"48820099999,48823099999,48825099999,48831099999,VVNB"
Hanoi,2020-04-23,22.3,19,20.8,22.3,19,20.8,17.6,82.3,4.042,100,8.33,rain,0,0,27.7,24.1,40.3,1015.8,79.6,9.8,42.3,3.7,2,,2020-04-23T05:31:33,2020-04-23T18:18:32,0,"Rain, Partially cloudy",Partly cloudy throughout the day with rain.,rain,"48820099999,48823099999,48825099999,48831099999,VVNB"
Hanoi,2020-04-24,19,16.5,17.6,19,16.5,17.6,15,84.7,21.843,100,12.5,rain,0,0,26.6,18.4,356.9,1020.6,70.1,9.1,56,4.9,2,,2020-04-24T05:30:49,2020-04-24T18:18:54,0.04,"Rain, Partially cloudy",Partly cloudy throughout the day with a chance of rain throughout the day.,rain,"48820099999,48823099999,48825099999,48831099999,VVNB"
Hanoi,2020-04-25,21.3,17,18.8,21.3,17,18.8,15,79.4,1.578,100,12.5,rain,0,0,21.6,9.4,320.4,1019.7,65.7,9.2,91.9,7.9,3,,2020-04-25T05:30:07,2020-04-25T18:19:16,0.07,"Rain, Partially cloudy",Partly cloudy throughout the day with a chance of rain throughout the day.,rain,"48820099999,48823099999,48825099999,48831099999,VVNB"
Hanoi,2020-04-26,23,18,20,23,18,20,16.6,81,0.492,100,8.33,rain,0,0,27.4,13.9,303.5,1019.9,60.6,9,97.7,8.5,5,,2020-04-26T05:29:25,2020-04-26T18:19:38,0.11,"Rain, Partially cloudy",Partly cloudy throughout the day with rain in the morning and afternoon.,rain,"48820099999,48823099999,48825099999,48831099999,VVNB"
Hanoi,2020-04-27,29.4,16.5,23,29.3,16.5,23,16.2,68.7,0.098,100,4.17,rain,0,0,25.9,13.9,291.3,1018.2,36.7,8.6,287.6,24.7,9,,2020-04-27T05:28:44,2020-04-27T18:20:00,0.14,"Rain, Partially cloudy",Partly cloudy throughout the day with early morning rain.,rain,"48820099999,48823099999,48825099999,48831099999,VVNB"
Hanoi,2020-04-28,31,19,25.2,30.4,19,25.2,17,62.9,0,0,0,,0,0,16.2,13.9,121,1016.2,31.6,9.1,293.6,25.3,10,,2020-04-28T05:28:04,2020-04-28T18:20:22,0.18,Partially cloudy,Becoming cloudy in the afternoon.,partly-cloudy-day,"48820099999,48823099999,48825099999,48831099999,VVNB"
Hanoi,2020-04-29,30,21,25.5,31,21,25.9,19.1,69.2,1.2,100,8.33,rain,0,0,20.2,14.2,115.2,1015.1,26.9,8.3,260.1,22.2,10,,2020-04-29T05:27:24,2020-04-29T18:20:45,0.21,"Rain, Partially cloudy",Partly cloudy throughout the day with rain.,rain,"48820099999,48823099999,48825099999,48831099999,VVNB"
Hanoi,2020-04-30,29.8,22.5,25.5,32.1,22.5,26.3,20.9,76.7,0.098,100,4.17,rain,0,0,25.6,13.9,117.7,1013.7,49.1,8.6,206.8,17.9,7,,2020-04-30T05:26:46,2020-04-30T18:21:08,0.25,"Rain, Partially cloudy",Partly cloudy throughout the day with afternoon rain.,rain,"48820099999,48823099999,48825099999,48831099999,VVNB"
Hanoi,2020-05-01,27,23,24.3,29.3,23,24.4,22.1,87.6,11.022,100,8.33,rain,0,0,34.2,13,98.5,1010.9,68.3,7.3,164.6,14.1,7,,2020-05-01T05:26:08,2020-05-01T18:21:31,0.25,"Rain, Partially cloudy",Partly cloudy throughout the day with rain.,rain,"48820099999,48823099999,48825099999,48831099999,VVNB"
Hanoi,2020-05-02,32.1,23,27.1,36.8,23,28.8,22.4,76.8,0,0,0,,0,0,25.6,16.6,130.8,1008.5,54,7.6,182.3,15.7,5,,2020-05-02T05:25:31,2020-05-02T18:21:54,0.32,Partially cloudy,Partly cloudy throughout the day.,partly-cloudy-day,"48820099999,48823099999,48825099999,48831099999,VVNB"
Hanoi,2020-05-03,31,25.5,28,37.1,25.5,31.1,24.1,79.8,0,0,0,,0,0,25.6,16.6,129.3,1007.9,70.8,9,226.3,19.5,7,,2020-05-03T05:24:55,2020-05-03T18:22:18,0.35,Partially cloudy,Partly cloudy throughout the day.,partly-cloudy-day,"48820099999,48823099999,48825099999,48831099999,VVNB"
Hanoi,2020-05-04,34.7,26,29.4,43.5,26,34.1,24.9,77.4,0,0,0,,0,0,29.9,25.9,119.7,1007.3,59,9,252.9,21.8,9,,2020-05-04T05:24:20,2020-05-04T18:22:42,0.39,Partially cloudy,Partly cloudy throughout the day.,partly-cloudy-day,"48820099999,48823099999,48825099999,48831099999,VVNB"
Hanoi,2020-05-05,33.1,27,29.1,43,30.1,34.8,25.3,80.1,0,0,0,,0,0,32.8,21.4,113,1006.3,68.8,8.6,278.2,24,9,,2020-05-05T05:23:46,2020-05-05T18:23:06,0.42,Partially cloudy,Partly cloudy throughout the day.,partly-cloudy-day,"48820099999,48823099999,48825099999,48831099999,VVNB"
Hanoi,2020-05-06,32.4,26,28.6,41.7,26,33,24.9,80.9,0,0,0,,0,0,30.2,21.4,105.2,1005.1,58.7,9.8,285.7,24.7,10,,2020-05-06T05:23:12,2020-05-06T18:23:30,0.46,Partially cloudy,Partly cloudy throughout the day.,partly-cloudy-day,"48820099999,48823099999,48825099999,48831099999,VVNB"
Hanoi,2020-05-07,32.7,26,28.9,43.7,26,34.5,25.6,82.9,0,0,0,,0,0,33.1,18.4,96.1,1004.4,79.6,9.1,286.4,24.6,10,,2020-05-07T05:22:40,2020-05-07T18:23:54,0.5,Partially cloudy,Partly cloudy throughout the day.,partly-cloudy-day,"48820099999,48823099999,48825099999,48831099999,VVNB"
Hanoi,2020-05-08,33.7,24,28.9,44.9,24,34.3,25.2,81.3,0,0,0,,0,0,28.8,30.6,101.1,1004.3,63.7,9.6,276.1,23.9,9,,2020-05-08T05:22:09,2020-05-08T18:24:19,0.52,Partially cloudy,Partly cloudy throughout the day.,partly-cloudy-day,"48820099999,48823099999,48825099999,48831099999,VVNB"
Hanoi,2020-05-09,34.5,24,28.4,44.7,24,33,24.5,80.2,7.958,100,8.33,rain,0,0,23.8,17.5,97.6,1006.4,52.9,8.5,297.6,25.7,10,,2020-05-09T05:21:38,2020-05-09T18:24:43,0.56,"Rain, Partially cloudy",Partly cloudy throughout the day with rain.,rain,"48820099999,48823099999,48825099999,48831099999,VVNB"
Hanoi,2020-05-10,35.4,27,30.6,43.3,29.4,36.3,24.7,72.4,0.098,100,4.17,rain,0,0,23.4,19.4,100.3,1006.8,44.2,8.6,293.8,25.4,10,,2020-05-10T05:21:09,2020-05-10T18:25:08,0.59,"Rain, Partially cloudy",Partly cloudy throughout the day with early morning rain.,rain,"48820099999,48823099999,48825099999,48831099999,VVNB"
Hanoi,2020-05-11,32.5,27,29.4,41.6,30.6,35.5,25.4,79.5,1,100,4.17,rain,0,0,31,20.5,114.3,1008.1,70.4,9.5,232,20.1,7,,2020-05-11T05:20:40,2020-05-11T18:25:33,0.62,"Rain, Partially cloudy",Partly cloudy throughout the day with late afternoon rain.,rain,"48820099999,48823099999,48825099999,48831099999,VVNB"
Hanoi,2020-05-12,30.4,23.3,27.5,34.9,23.3,30.5,23.4,78.8,36.263,100,8.33,rain,0,0,25.9,13.9,84.3,1010.5,66,9.7,80.9,6.9,3,,2020-05-12T05:20:13,2020-05-12T18:25:58,0.66,"Rain, Partially cloudy",Partly cloudy throughout the day with rain in the morning and afternoon.,rain,"48820099999,48823099999,48825099999,48831099999,VVNB"
Hanoi,2020-05-13,33,23,27.3,39.9,23,29.6,23.6,81.1,8.155,100,4.17,rain,0,0,35.6,23.2,147.2,1009.4,70,8.9,236.2,20.3,8,,2020-05-13T05:19:46,2020-05-13T18:26:23,0.69,"Rain, Partially cloudy",Partly cloudy throughout the day with late afternoon rain.,rain,"48820099999,48823099999,48825099999,48831099999,VVNB"
Hanoi,2020-05-14,32.7,24,28,36.5,24,30.2,22.4,73.2,3.105,100,4.17,rain,0,0,37.1,18.5,122.4,1007.2,61.5,9.7,257.4,22.4,9,,2020-05-14T05:19:21,2020-05-14T18:26:49,0.75,"Rain, Partially cloudy",Partly cloudy throughout the day with early morning rain.,rain,"48820099999,48823099999,48825099999,48831099999,VVNB"
Hanoi,2020-05-15,33.3,24,29.1,41.8,24,34.3,24.8,78.4,0,0,0,,0,0,50,23.2,123,1004.1,68.4,9.5,265.5,23,9,,2020-05-15T05:18:56,2020-05-15T18:27:14,0.75,Partially cloudy,Partly cloudy throughout the day.,partly-cloudy-day,"48820099999,48823099999,48825099999,48831099999,VVNB"
Hanoi,2020-05-16,33,23,28.6,41.7,23,33.2,24.5,79.2,2.948,100,4.17,rain,0,0,28.8,21.4,115,1004.2,62.8,9.4,244.3,21.1,8,,2020-05-16T05:18:33,2020-05-16T18:27:39,0.79,"Rain, Partially cloudy",Partly cloudy throughout the day with early morning rain.,rain,"48820099999,48823099999,48825099999,48831099999,VVNB"
Hanoi,2020-05-17,31.1,27,28.8,39.1,29,33.2,24,76.1,50.4,100,50,rain,0,0,29.5,35.3,106.1,1003.8,63.9,9.9,150.5,13.1,7,,2020-05-17T05:18:11,2020-05-17T18:28:05,0.82,"Rain, Partially cloudy",Partly cloudy throughout the day with a chance of rain throughout the day.,rain,"48820099999,48823099999,48825099999,48831099999,VVNB"
Hanoi,2020-05-18,33.5,23,28.7,40.8,23,32.4,23.6,74.9,2.358,100,8.33,rain,0,0,27,17.6,79.4,1003.2,54.6,10.9,164.6,14.2,7,,2020-05-18T05:17:50,2020-05-18T18:28:30,0.85,"Rain, Partially cloudy",Partly cloudy throughout the day with rain in the morning and afternoon.,rain,"48820099999,48823099999,48825099999,48831099999,VVNB"
Hanoi,2020-05-19,33,25.5,29.1,42.2,25.5,34.3,25.2,80.2,0.986,100,4.17,rain,0,0,26.3,18.4,105.8,1003.2,66.9,8.5,193.2,16.6,8,,2020-05-19T05:17:29,2020-05-19T18:28:56,0.88,"Rain, Partially cloudy",Partly cloudy throughout the day with morning rain.,rain,"48820099999,48823099999,48825099999,48831099999,VVNB"
Hanoi,2020-05-20,37.4,28,32.2,46.5,33.6,39.9,25.7,70.6,0,0,0,,0,0,24.5,14.8,128,1001.2,52.9,10.8,271.3,23.3,9,,2020-05-20T05:17:10,2020-05-20T18:29:22,0.92,Partially cloudy,Partly cloudy throughout the day.,partly-cloudy-day,"48820099999,48823099999,48825099999,48831099999,VVNB"
Hanoi,2020-05-21,39.9,28,34,46.9,33.6,41.6,25,62.1,0,0,0,,0,0,27,12.1,165.8,999.8,60.7,11.7,305.5,26.2,10,,2020-05-21T05:16:52,2020-05-21T18:29:47,0.95,Partially cloudy,Partly cloudy throughout the day.,partly-cloudy-day,"48820099999,48823099999,48825099999,48831099999,VVNB"
Hanoi,2020-05-22,34,26.5,31.7,44.3,26.5,39.2,25.4,69.8,1.2,100,8.33,rain,0,0,38.9,15.7,82.1,1002.8,72,9.7,200.5,17.4,7,,2020-05-22T05:16:35,2020-05-22T18:30:13,0.98,"Rain, Partially cloudy",Partly cloudy throughout the day with late afternoon rain.,rain,"48820099999,48823099999,48825099999,48831099999,VVNB"
Hanoi,2020-05-23,31.9,26,28.6,39.2,26,33.2,24.9,80.7,3.93,100,4.17,rain,0,0,16.9,13.9,81.3,1005.9,67.1,8.8,119,10.2,5,,2020-05-23T05:16:19,2020-05-23T18:30:38,0,"Rain, Partially cloudy",Partly cloudy throughout the day with early morning rain.,rain,"48820099999,48823099999,48825099999,48831099999,VVNB"
Hanoi,2020-05-24,33.4,25,29.3,42.9,25,34.6,24.8,77.5,0.295,100,4.17,rain,0,0,25.6,19.4,95.9,1006.1,50.9,9.2,165.8,14.2,5,,2020-05-24T05:16:05,2020-05-24T18:31:04,0.05,"Rain, Partially cloudy",Partly cloudy throughout the day with early morning rain.,rain,"48820099999,48823099999,48825099999,48831099999,VVNB"
Hanoi,2020-05-25,36.9,26,31,45,26,37.7,25.3,73.5,8.7,100,12.5,rain,0,0,46.4,22.1,98.6,1005.5,49.9,9.2,258.2,22.4,8,,2020-05-25T05:15:51,2020-05-25T18:31:29,0.09,"Rain, Partially cloudy",Partly cloudy throughout the day with rain.,rain,"48820099999,48823099999,48825099999,48831099999,VVNB"
Hanoi,2020-05-26,31.5,24.5,28.3,35.8,24.5,31,22.5,71.3,3.046,100,8.33,rain,0,0,32.8,16.6,38.2,1007.8,65.7,10,186.8,16,8,,2020-05-26T05:15:38,2020-05-26T18:31:54,0.12,"Rain, Partially cloudy",Partly cloudy throughout the day with rain.,rain,"48820099999,48823099999,48825099999,48831099999,VVNB"
Hanoi,2020-05-27,29.8,23,26.3,32.7,23,27.7,22.3,79.5,6.017,100,8.33,rain,0,0,22.3,17.6,314.7,1010.3,57.5,9.6,176.1,15.2,8,,2020-05-27T05:15:27,2020-05-27T18:32:19,0.16,"Rain, Partially cloudy",Partly cloudy throughout the day with rain clearing later.,rain,"48820099999,48823099999,48825099999,48831099999,VVNB"
Hanoi,2020-05-28,31.4,25,28.2,35.7,25,30.8,22.8,73.4,0.1,100,4.17,rain,0,0,22.7,12.1,169.4,1009.4,57.5,8.9,175.4,15.1,6,,2020-05-28T05:15:16,2020-05-28T18:32:44,0.19,"Rain, Partially cloudy",Partly cloudy throughout the day with afternoon rain.,rain,"48820099999,48823099999,48825099999,48831099999,VVNB"
Hanoi,2020-05-29,34.1,26,29.7,40.8,26,34.1,24.2,73.5,0.295,100,8.33,rain,0,0,32.4,18.4,139.4,1006.9,48.5,8.7,194.2,16.7,6,,2020-05-29T05:15:07,2020-05-29T18:33:09,0.23,"Rain, Partially cloudy",Partly cloudy throughout the day with rain.,rain,"48820099999,48823099999,48825099999,48831099999,VVNB"
Hanoi,2020-05-30,36,27,30.7,41.9,30.6,36,24.3,70.7,0.1,100,4.17,rain,0,0,30.2,15.7,111.9,1007,48,10.1,250.7,21.7,8,,2020-05-30T05:14:59,2020-05-30T18:33:33,0.25,"Rain, Partially cloudy",Partly cloudy throughout the day with afternoon rain.,rain,"48820099999,48823099999,48825099999,48831099999,VVNB"
Hanoi,2020-05-31,35.4,27,31.2,43,30.6,37.6,25,71.1,0.393,100,4.17,rain,0,0,23.8,18.4,113.8,1006.9,58.3,9.4,274.4,23.7,9,,2020-05-31T05:14:52,2020-05-31T18:33:58,0.3,"Rain, Partially cloudy",Partly cloudy throughout the day with early morning rain.,rain,"48820099999,48823099999,48825099999,48831099999,VVNB"
Hanoi,2020-06-01,36.5,26,30.4,43.8,26,35.2,24.2,71.4,1.179,100,4.17,rain,0,0,28.1,21.4,122.3,1005.6,40.9,10,281,24.1,9,,2020-06-01T05:14:46,2020-06-01T18:34:22,0.34,"Rain, Partially cloudy",Clearing in the afternoon with late afternoon rain.,rain,"48820099999,48823099999,48825099999,48831099999,VVNB"
Hanoi,2020-06-02,37.4,26,30.5,43,26,34.9,23.8,69.5,1.965,100,4.17,rain,0,0,37.1,16.6,126.6,1004.1,48.7,10.2,290.5,25.2,9,,2020-06-02T05:14:41,2020-06-02T18:34:45,0.37,"Rain, Partially cloudy",Partly cloudy throughout the day with early morning rain.,rain,"48820099999,48823099999,48825099999,48831099999,remote,VVNB"
Hanoi,2020-06-03,36.4,27,31.3,43.3,30.9,37.5,24.7,69.5,0.6,100,8.33,rain,0,0,24.8,22.3,90.1,1003.4,35.1,9.5,289.6,25.1,9,,2020-06-03T05:14:37,2020-06-03T18:35:09,0.41,"Rain, Partially cloudy",Partly cloudy throughout the day with late afternoon rain.,rain,"48820099999,48823099999,48825099999,48831099999,VVNB"
Hanoi,2020-06-04,37,28,31.8,46.8,32.7,38.7,25.1,69.1,0.2,100,8.33,rain,0,0,31.7,22.3,114.1,1002.9,60.9,9.7,252.8,21.8,8,,2020-06-04T05:14:34,2020-06-04T18:35:32,0.44,"Rain, Partially cloudy",Partly cloudy throughout the day with rain.,rain,"48820099999,48823099999,48825099999,48831099999,VVNB"
Hanoi,2020-06-05,35.9,28,31.5,44.3,32.7,38.2,25,69.6,0,0,0,,0,0,25.2,15.7,86.5,1002.9,49.3,10.5,253.2,21.7,9,,2020-06-05T05:14:32,2020-06-05T18:35:54,0.48,Partially cloudy,Partly cloudy throughout the day.,partly-cloudy-day,"48820099999,48823099999,48825099999,48831099999,VVNB"
Hanoi,2020-06-06,35.3,28,31.5,44.3,32.7,38.6,25.3,70.9,0,0,0,,0,0,22.7,13.9,96.7,1002.4,47,11.2,243.1,20.9,8,,2020-06-06T05:14:31,2020-06-06T18:36:16,0.5,Partially cloudy,Partly cloudy throughout the day.,partly-cloudy-day,"48820099999,48823099999,48825099999,48831099999,VVNB"
Hanoi,2020-06-07,37.8,28,32.9,43.9,31.9,38.7,23.8,61,0,0,0,,0,0,33.8,16.6,171.6,1000.5,48.2,10.1,287.8,25,9,,2020-06-07T05:14:31,2020-06-07T18:36:38,0.55,Partially cloudy,Partly cloudy throughout the day.,partly-cloudy-day,"48820099999,48823099999,48825099999,48831099999,VVNB"
Hanoi,2020-06-08,39.4,29,34,45.5,33.5,39.3,23,54.4,0,0,0,,0,0,36,18.5,209.6,1000.4,59.9,10.3,295.1,25.6,10,,2020-06-08T05:14:32,2020-06-08T18:37:00,0.58,Partially cloudy,Partly cloudy throughout the day.,partly-cloudy-day,"48820099999,48823099999,48825099999,48831099999,VVNB"
Hanoi,2020-06-09,38,28,32.3,44.1,31.9,37.6,23.6,61.8,0.1,100,4.17,rain,0,0,25.9,20.5,110.1,1003.3,77,9.8,254,22,9,,2020-06-09T05:14:34,2020-06-09T18:37:20,0.61,"Rain, Partially cloudy",Partly cloudy throughout the day with late afternoon rain.,rain,"48820099999,48823099999,48825099999,48831099999,VVNB"
Hanoi,2020-06-10,37.1,24.5,30.5,45.1,24.5,35.9,24.7,73,0.491,100,4.17,rain,0,0,24.8,29.5,139.3,1005.1,50.7,9.9,209,18,7,,2020-06-10T05:14:37,2020-06-10T18:37:41,0.64,"Rain, Partially cloudy",Partly cloudy throughout the day with late afternoon rain.,rain,"48820099999,48823099999,48825099999,48831099999,VVNB"
Hanoi,2020-06-11,35.1,25,29,44.2,25,33.2,24.6,78.1,4.541,100,8.33,rain,0,0,33.1,29.7,96.4,1004.2,63.6,9.8,222.2,19.2,8,,2020-06-11T05:14:42,2020-06-11T18:38:01,0.67,"Rain, Partially cloudy",Partly cloudy throughout the day with rain clearing later.,rain,"48820099999,48823099999,48825099999,48831099999,VVNB"
Hanoi,2020-06-12,36.3,25,29.9,43.5,25,33.9,24,72.6,1.018,100,8.33,rain,0,0,29.9,20.3,129.2,1001.7,59.9,9.9,192.1,16.6,7,,2020-06-12T05:14:47,2020-06-12T18:38:20,0.71,"Rain, Partially cloudy",Partly cloudy throughout the day with rain.,rain,"48820099999,48823099999,48825099999,48831099999,VVNB"
Hanoi,2020-06-13,35,27,30.8,43.3,29.9,37.1,24.9,72,8.7,100,8.33,rain,0,0,28.8,24.1,114.7,1001.3,47.1,10.5,263.2,22.8,9,,2020-06-13T05:14:52,2020-06-13T18:38:38,0.75,"Rain, Partially cloudy",Partly cloudy throughout the day with rain.,rain,"48820099999,48823099999,48825099999,48831099999,VVNB"
Hanoi,2020-06-14,32.5,25.3,28.5,41.4,25.3,33,25,81.4,0.002,100,4.17,rain,0,0,39.2,20.3,71.8,1004,65.7,9.8,106,9.2,5,,2020-06-14T05:14:59,2020-06-14T18:38:57,0.77,"Rain, Partially cloudy",Partly cloudy throughout the day with early morning rain.,rain,"48820099999,48823099999,48825099999,48831099999,VVNB"
Hanoi,2020-06-15,30.5,24,27.2,37.4,24,29.8,24.3,84.3,18.003,100,12.5,rain,0,0,23,15.7,90.3,1006.1,65.7,8.7,98.3,8.5,4,,2020-06-15T05:15:07,2020-06-15T18:39:14,0.8,"Rain, Partially cloudy",Partly cloudy throughout the day with a chance of rain throughout the day.,rain,"48820099999,48823099999,48825099999,48831099999,VVNB"
Hanoi,2020-06-16,35,27.5,30.3,41.1,31.7,36.2,24.9,73.7,1.1,100,12.5,rain,0,0,31,24.1,121.9,1004.2,54.8,10.9,256.7,22.3,9,,2020-06-16T05:15:16,2020-06-16T18:39:31,0.84,"Rain, Partially cloudy",Partly cloudy throughout the day with rain.,rain,"48820099999,48823099999,48825099999,48831099999,VVNB"
Hanoi,2020-06-17,34,27,30.8,40.2,30.6,36.7,24.6,70.4,1.4,100,16.67,rain,0,0,34.2,21.4,130.3,1002.4,68.6,11.6,257.4,22.2,8,,2020-06-17T05:15:25,2020-06-17T18:39:47,0.87,"Rain, Partially cloudy",Partly cloudy throughout the day with a chance of rain throughout the day.,rain,"48820099999,48823099999,48825099999,48831099999,VVNB"
Hanoi,2020-06-18,35.2,28,31,42.9,31.9,37.4,24.9,71.1,0.5,100,20.83,rain,0,0,28.1,23.2,104.2,1003.5,46.8,11.3,279.5,24.3,8,,2020-06-18T05:15:36,2020-06-18T18:40:02,0.9,"Rain, Partially cloudy",Partly cloudy throughout the day with a chance of rain throughout the day.,rain,"48820099999,48823099999,48825099999,48831099999,VVNB"
Hanoi,2020-06-19,34.5,28,30.7,41.9,32.7,36.7,24.8,71.9,3.1,100,33.33,rain,0,0,26.3,23.2,114.3,1005.3,55.1,10.4,222.9,19.4,8,,2020-06-19T05:15:47,2020-06-19T18:40:17,0.93,"Rain, Partially cloudy",Partly cloudy throughout the day with rain.,rain,"48820099999,48823099999,48825099999,48831099999,VVNB"
Hanoi,2020-06-20,36,28.5,31.5,45.1,33.6,38.2,25,69.8,0.1,100,4.17,rain,0,0,30.6,25.9,136.4,1004.5,54,10,275.7,23.7,9,,2020-06-20T05:15:59,2020-06-20T18:40:30,0.97,"Rain, Partially cloudy",Partly cloudy throughout the day with afternoon rain.,rain,"48820099999,48823099999,48825099999,48831099999,VVNB"
Hanoi,2020-06-21,36.5,29,32.2,45.9,34.5,39.5,25.1,67.3,0.1,100,4.17,rain,0,0,29.2,20.3,137.4,1001.8,57,11.6,289,24.9,9,,2020-06-21T05:16:11,2020-06-21T18:40:43,0,"Rain, Partially cloudy",Partly cloudy throughout the day with early morning rain.,rain,"48820099999,48823099999,48825099999,48831099999,VVNB"
Hanoi,2020-06-22,39,28.5,33.2,44.6,32,40.1,24.6,63.2,0,0,0,,0,0,35.3,22.3,130.2,1001.3,53.4,11.9,302.4,26.2,10,,2020-06-22T05:16:25,2020-06-22T18:40:55,0.03,Partially cloudy,Partly cloudy throughout the day.,partly-cloudy-day,"48820099999,48823099999,48825099999,48831099999,VVNB"
Hanoi,2020-06-23,38.5,28,32.7,46.4,31.3,38.7,23.9,61.5,0.1,100,4.17,rain,0,0,29.9,21.4,124.5,1002.8,77.9,11.3,294.7,25.3,10,,2020-06-23T05:16:39,2020-06-23T18:41:07,0.07,"Rain, Partially cloudy",Partly cloudy throughout the day with afternoon rain.,rain,"48820099999,48823099999,48825099999,48831099999,VVNB"
Hanoi,2020-06-24,37.5,29,33.1,44.6,33.7,38.8,23.5,58.8,1.965,100,4.17,rain,0,0,29.9,16.6,141.8,1001.7,86.6,10.7,282.1,24.3,9,,2020-06-24T05:16:54,2020-06-24T18:41:17,0.11,"Rain, Partially cloudy",Partly cloudy throughout the day with early morning rain.,rain,"48820099999,48823099999,48825099999,48831099999,VVNB"
Hanoi,2020-06-25,33.7,29,30.5,43.8,34.5,38.2,25.9,76.7,0.2,100,8.33,rain,0,0,19.8,15.7,81.3,1001.3,65.2,8.6,177,15.2,7,,2020-06-25T05:17:09,2020-06-25T18:41:27,0.14,"Rain, Partially cloudy",Partly cloudy throughout the day with afternoon rain.,rain,"48820099999,48823099999,48825099999,48831099999,VVNB"
Hanoi,2020-06-26,38,28,32.3,43.4,31.9,37.7,23.7,62.9,2.948,100,4.17,rain,0,0,32.4,27.9,143.1,1001.8,79.1,11.5,274.3,23.7,9,,2020-06-26T05:17:25,2020-06-26T18:41:36,0.18,"Rain, Partially cloudy",Partly cloudy throughout the day with early morning rain.,rain,"48820099999,48823099999,48825099999,48831099999,VVNB"
Hanoi,2020-06-27,37.5,28.5,32.6,45.1,32.8,38.7,24.1,62.3,0,0,0,,0,0,34.6,25,134.9,1002.9,67.8,11.9,295.7,25.7,10,,2020-06-27T05:17:42,2020-06-27T18:41:43,0.21,Partially cloudy,Partly cloudy throughout the day.,partly-cloudy-day,"48820099999,48823099999,48825099999,48831099999,VVNB"
Hanoi,2020-06-28,37.5,29,32.4,45.6,33.6,39.1,24.6,65.2,0.1,100,4.17,rain,0,0,31,25,138,1003.3,53.9,12.3,292.3,25.4,10,,2020-06-28T05:17:59,2020-06-28T18:41:50,0.25,"Rain, Partially cloudy",Partly cloudy throughout the day with afternoon rain.,rain,"48820099999,48823099999,48825099999,48831099999,VVNB"
Hanoi,2020-06-29,36,28,31.8,45.1,32.7,39.4,25.5,70.6,0.098,100,4.17,rain,0,0,29.5,23.2,125.1,1002.8,59.5,11,270.6,23.3,9,,2020-06-29T05:18:17,2020-06-29T18:41:56,0.28,"Rain, Partially cloudy",Partly cloudy throughout the day with morning rain.,rain,"48820099999,48823099999,48825099999,48831099999,VVNB"
Hanoi,2020-06-30,36.1,29,31.9,46.1,31.9,39.4,25.3,69.1,0.7,100,12.5,rain,0,0,26.3,24.1,120.6,1001.6,58.8,10,249.4,21.4,9,,2020-06-30T05:18:36,2020-06-30T18:42:01,0.32,"Rain, Partially cloudy",Partly cloudy throughout the day with late afternoon rain.,rain,"48820099999,48823099999,48825099999,48831099999,VVNB"
Hanoi,2020-07-01,33.9,27,29.3,43.8,29.9,34.9,24.8,77.1,0.367,100,4.17,rain,0,0,25.9,15.7,90.5,1001.1,62.3,9.7,213.8,18.6,8,,2020-07-01T05:18:55,2020-07-01T18:42:05,0.36,"Rain, Partially cloudy",Partly cloudy throughout the day with late afternoon rain.,rain,"48820099999,48823099999,48825099999,48831099999,VVNB"
Hanoi,2020-07-02,34.3,26.5,29.9,42.6,26.5,35.8,25.1,76.1,0.14,100,4.17,rain,0,0,21.2,16.6,96.8,1001.4,51.4,9.1,166.6,14.4,6,,2020-07-02T05:19:14,2020-07-02T18:42:08,0.39,"Rain, Partially cloudy",Partly cloudy throughout the day with early morning rain.,rain,"48820099999,48823099999,48825099999,48831099999,VVNB"
Hanoi,2020-07-03,33.9,28,30,42.6,33.6,36.6,25.5,77.2,0.817,100,12.5,rain,0,0,22.7,20.5,102.6,1004.1,58.1,9.2,132.6,11.4,7,,2020-07-03T05:19:34,2020-07-03T18:42:09,0.43,"Rain, Partially cloudy",Partly cloudy throughout the day with rain.,rain,"48820099999,48823099999,48825099999,48831099999,VVNB"
Hanoi,2020-07-04,31.8,26,28.8,39.1,26,33.9,25.2,81.2,41.272,100,12.5,rain,0,0,23,13.2,97,1005.5,58.8,9.5,152.3,13,6,,2020-07-04T05:19:54,2020-07-04T18:42:10,0.46,"Rain, Partially cloudy",Partly cloudy throughout the day with a chance of rain throughout the day.,rain,"48820099999,48823099999,48825099999,48831099999,VVNB"
Hanoi,2020-07-05,34.4,28,30.7,44,32.7,37.4,25.3,74.1,1.3,100,25,rain,0,0,24.8,25.9,119.7,1003.6,61.4,9.9,217.6,18.9,8,,2020-07-05T05:20:15,2020-07-05T18:42:10,0.5,"Rain, Partially cloudy",Partly cloudy throughout the day with rain in the morning and afternoon.,rain,"48820099999,48823099999,48825099999,48831099999,VVNB"
Hanoi,2020-07-06,35,27.5,31.1,43.7,29.7,37.9,25.1,70.8,1,100,8.33,rain,0,0,31.3,21.4,126.9,1003.2,54.4,10.4,246.6,21.4,8,,2020-07-06T05:20:36,2020-07-06T18:42:09,0.53,"Rain, Partially cloudy",Partly cloudy throughout the day with afternoon rain.,rain,"48820099999,48823099999,48825099999,48831099999,VVNB"
Hanoi,2020-07-07,36,29,31.8,45.9,35.1,39.6,25.6,70.6,0,0,0,,0,0,35.3,25.9,138.6,1005.3,58.7,10.4,288.6,25.1,9,,2020-07-07T05:20:58,2020-07-07T18:42:06,0.56,Partially cloudy,Partly cloudy throughout the day.,partly-cloudy-day,"48820099999,48823099999,48825099999,48831099999,VVNB"
Hanoi,2020-07-08,37,29,32.6,43.9,34.5,39.5,24.8,65.2,0,0,0,,0,0,28.1,24.1,146.8,1003.7,75,11.3,283,24.6,9,,2020-07-08T05:21:19,2020-07-08T18:42:03,0.6,Partially cloudy,Partly cloudy throughout the day.,partly-cloudy-day,"48820099999,48823099999,48825099999,48831099999,VVNB"
Hanoi,2020-07-09,37.6,28.5,33.5,43.8,33.6,39.4,23.6,58.7,0,0,0,,0,0,30.2,22.3,199.7,1000.3,73.8,10,275.8,23.7,9,,2020-07-09T05:21:41,2020-07-09T18:41:58,0.63,Partially cloudy,Partly cloudy throughout the day.,partly-cloudy-day,"48820099999,48823099999,48825099999,48831099999,VVNB"
Hanoi,2020-07-10,37,29,33,42.2,34.5,38.5,23.5,59.1,0,0,0,,0,0,29.9,18.5,210.2,1000.2,86.7,11.7,209.7,18.2,7,,2020-07-10T05:22:04,2020-07-10T18:41:53,0.66,Partially cloudy,Partly cloudy throughout the day.,partly-cloudy-day,"48820099999,48823099999,48825099999,48831099999,VVNB"
Hanoi,2020-07-11,33,29,31.2,40.3,32.7,35.6,22.8,61.6,0.255,100,8.33,rain,0,0,27.7,17.5,217,1001.9,87.4,10.1,128.5,11,5,,2020-07-11T05:22:26,2020-07-11T18:41:46,0.69,"Rain, Partially cloudy",Partly cloudy throughout the day with rain in the morning and afternoon.,rain,"48820099999,48823099999,48825099999,48831099999,VVNB"
Hanoi,2020-07-12,33,28.5,30.7,39.3,32.5,36.1,23.8,67.6,0,0,0,,0,0,24.8,16.6,194.1,1003,52.7,9.8,165.7,14.1,7,,2020-07-12T05:22:49,2020-07-12T18:41:38,0.73,Partially cloudy,Partly cloudy throughout the day.,partly-cloudy-day,"48820099999,48823099999,48825099999,48831099999,VVNB"
Hanoi,2020-07-13,37,28,31.9,42.6,32.3,37.7,24.2,65.7,0.3,100,4.17,rain,0,0,26.3,21.4,138.1,1004.9,34.2,11.2,289,25.1,9,,2020-07-13T05:23:12,2020-07-13T18:41:29,0.75,"Rain, Partially cloudy",Partly cloudy throughout the day with late afternoon rain.,rain,"48820099999,48823099999,48825099999,48831099999,VVNB"
Hanoi,2020-07-14,35.5,25,30.8,42.3,25,35.7,24,68.3,0.4,100,16.67,rain,0,0,22.3,20.3,188.7,1006.1,37.4,10.7,264.7,22.8,8,,2020-07-14T05:23:35,2020-07-14T18:41:19,0.79,"Rain, Partially cloudy",Partly cloudy throughout the day with rain clearing later.,rain,"48820099999,48823099999,48825099999,48831099999,VVNB"
Hanoi,2020-07-15,37,28.5,32.2,44.7,34.1,39.1,25,67.4,0.1,100,4.17,rain,0,0,30.2,24.1,134.5,1004,39.8,10.2,285.7,24.6,9,,2020-07-15T05:23:58,2020-07-15T18:41:07,0.82,"Rain, Partially cloudy",Partly cloudy throughout the day with afternoon rain.,rain,"48820099999,48823099999,48825099999,48831099999,VVNB"
Hanoi,2020-07-16,36,28.5,31.8,44,34.1,38.8,25.1,68.9,0.1,100,4.17,rain,0,0,30.6,22.3,126.5,1003.4,55,10.5,271.8,23.3,9,,2020-07-16T05:24:22,2020-07-16T18:40:55,0.85,"Rain, Partially cloudy",Partly cloudy throughout the day with afternoon rain.,rain,"48820099999,48823099999,48825099999,48831099999,VVNB"
Hanoi,2020-07-17,37.5,29,32.5,43.4,35.1,39.2,24.6,64.9,0,0,0,,0,0,30.6,24.1,139.9,1003.9,65.8,11.3,290.9,25.1,9,,2020-07-17T05:24:45,2020-07-17T18:40:42,0.89,Partially cloudy,Partly cloudy throughout the day.,partly-cloudy-day,"48820099999,48823099999,48825099999,48831099999,VVNB"
Hanoi,2020-07-18,37.5,29,33,43.6,35.1,39.7,24.4,63,0.2,100,4.17,rain,0,0,29.2,20.5,152.9,1004.1,71.6,11,293.7,25.3,9,,2020-07-18T05:25:09,2020-07-18T18:40:27,0.92,"Rain, Partially cloudy",Partly cloudy throughout the day with afternoon rain.,rain,"48820099999,48823099999,48825099999,48831099999,VVNB"
Hanoi,2020-07-19,36.5,29.5,32.7,42.2,35.4,39.3,24.3,63.2,4.1,100,16.67,rain,0,0,34.9,20.5,150.4,1003.4,67.6,11,279.8,24.1,9,,2020-07-19T05:25:32,2020-07-19T18:40:11,0.95,"Rain, Partially cloudy",Partly cloudy throughout the day with late afternoon rain.,rain,"48820099999,48823099999,48825099999,48831099999,VVNB"
Hanoi,2020-07-20,34.1,26,28.9,42.1,26,33.6,24.7,78.7,0.196,100,8.33,rain,0,0,24.5,18.5,96,1005.3,52.2,9.5,169.2,14.4,7,,2020-07-20T05:25:56,2020-07-20T18:39:54,0.98,"Rain, Partially cloudy",Partly cloudy throughout the day with rain.,rain,"48820099999,48823099999,48825099999,48831099999,VVNB"
Hanoi,2020-07-21,34.6,26,29.9,44.3,26,35.7,25,75.7,0.688,100,8.33,rain,0,0,35.3,27.7,127,1007.3,47.4,9.5,236.2,20.3,8,,2020-07-21T05:26:19,2020-07-21T18:39:36,0,"Rain, Partially cloudy",Partly cloudy throughout the day with rain in the morning and afternoon.,rain,"48820099999,48823099999,48825099999,48831099999,VVNB"
Hanoi,2020-07-22,35,27.5,30.8,40.6,31.7,36.4,24.3,69.5,0.5,100,12.5,rain,0,0,33.8,20.5,137.6,1007.1,36.1,10.6,276,23.8,9,,2020-07-22T05:26:43,2020-07-22T18:39:17,0.05,"Rain, Partially cloudy",Partly cloudy throughout the day with afternoon rain.,rain,"48820099999,48823099999,48825099999,48831099999,VVNB"
Hanoi,2020-07-23,35.5,27,31,43.1,30.3,36.4,24.1,68.3,0.3,100,12.5,rain,0,0,28.1,18.4,127.4,1007,33.2,9.8,273.8,23.8,8,,2020-07-23T05:27:06,2020-07-23T18:38:57,0.09,"Rain, Partially cloudy",Partly cloudy throughout the day with rain in the morning and afternoon.,rain,"48820099999,48823099999,48825099999,48831099999,VVNB,remote"
Hanoi,2020-07-24,35.5,27,31.2,42,30.6,36.9,24.4,68.8,0,0,0,,0,0,27,19.4,127.9,1007.2,37.2,9.7,251.6,21.9,9,,2020-07-24T05:27:30,2020-07-24T18:38:35,0.12,Partially cloudy,Partly cloudy throughout the day.,partly-cloudy-day,"48820099999,48823099999,48825099999,48831099999,VVNB"
Hanoi,2020-07-25,36.1,27,31.5,43.3,30.6,37.9,24.8,69.2,0,0,0,,0,0,29.9,21.4,123.1,1006.1,47.5,9.7,266.4,23.1,9,,2020-07-25T05:27:53,2020-07-25T18:38:13,0.16,Partially cloudy,Partly cloudy throughout the day.,partly-cloudy-day,"48820099999,48823099999,48825099999,48831099999,VVNB"
Hanoi,2020-07-26,35.5,25.9,30,44.6,25.9,35.1,24.7,74.2,0.017,100,4.17,rain,0,0,50,27,126.8,1004.7,72.6,9.9,267,23.1,9,,2020-07-26T05:28:17,2020-07-26T18:37:49,0.2,"Rain, Partially cloudy",Partly cloudy throughout the day with late afternoon rain.,rain,"48820099999,48823099999,48825099999,48831099999,VVNB"
Hanoi,2020-07-27,31.5,26,28.5,37.2,26,32.4,24.1,77.2,3,100,16.67,rain,0,0,26.3,13,44.1,1004.2,69,8.9,179.3,15.6,7,,2020-07-27T05:28:40,2020-07-27T18:37:25,0.25,"Rain, Partially cloudy",Partly cloudy throughout the day with rain.,rain,"48820099999,48823099999,48825099999,48831099999,VVNB,remote"
Hanoi,2020-07-28,35,26,29.1,40.9,26,33.2,24.2,75.7,0.14,100,8.33,rain,0,0,22.7,17.5,77.5,1005.5,55.9,7.7,116.5,10,4,,2020-07-28T05:29:03,2020-07-28T18:36:59,0.27,"Rain, Partially cloudy",Partly cloudy throughout the day with rain.,rain,"48820099999,48823099999,48825099999,48831099999,remote,VVNB"
Hanoi,2020-07-29,34.3,27,29.8,41,30.1,35.3,24.6,74.3,8.4,100,37.5,rain,0,0,22,14.8,107.4,1005.4,51.7,8,228.3,19.6,8,,2020-07-29T05:29:26,2020-07-29T18:36:32,0.3,"Rain, Partially cloudy",Partly cloudy throughout the day with a chance of rain throughout the day.,rain,"48820099999,48823099999,48825099999,48831099999,VVNB"
Hanoi,2020-07-30,36,27,31.6,41.3,30.6,37.4,24.3,67.5,1.2,100,20.83,rain,0,0,23.4,18.5,108.9,1004.9,51,9.3,254.7,22,9,,2020-07-30T05:29:49,2020-07-30T18:36:04,0.34,"Rain, Partially cloudy",Partly cloudy throughout the day with rain in the morning and afternoon.,rain,"48820099999,48823099999,48825099999,48831099999,VVNB"
Hanoi,2020-07-31,34.5,28,30,40.2,32.7,36.1,25.1,76.1,19.685,100,8.33,rain,0,0,22,16.7,55.9,1003.3,36.5,9,238,20.3,8,,2020-07-31T05:30:11,2020-07-31T18:35:36,0.38,"Rain, Partially cloudy",Partly cloudy throughout the day with rain.,rain,"48820099999,48823099999,48825099999,48831099999,VVNB"
Hanoi,2020-08-01,33,26.5,29.3,38.2,26.5,34,24.3,75.2,8.046,100,12.5,rain,0,0,36.7,21.2,3,999.3,72.1,9.7,60.9,5.2,4,,2020-08-01T05:30:34,2020-08-01T18:35:06,0.41,"Rain, Partially cloudy",Partly cloudy throughout the day with rain.,rain,"48820099999,48823099999,48825099999,48831099999,VVNB"
Hanoi,2020-08-02,28.9,25.5,26.8,33.9,25.5,28.6,24.3,86.3,66.738,100,29.17,rain,0,0,61.2,28.6,25.9,997.7,61.8,8.5,55.9,4.8,2,,2020-08-02T05:30:56,2020-08-02T18:34:35,0.45,"Rain, Partially cloudy",Partly cloudy throughout the day with a chance of rain throughout the day.,rain,"48820099999,48823099999,48825099999,48831099999,VVNB"
Hanoi,2020-08-03,30.2,25,27.1,36.6,25,29.6,24.5,85.9,3.936,100,8.33,rain,0,0,21.6,17.6,57.7,999.8,69.7,9.5,78.5,6.7,3,,2020-08-03T05:31:18,2020-08-03T18:34:03,0.5,"Rain, Partially cloudy",Partly cloudy throughout the day with rain clearing later.,rain,"48820099999,48823099999,48825099999,48831099999,VVNB"
Hanoi,2020-08-04,30,26,27.5,36.2,26,31.2,25,86.5,6.315,100,12.5,rain,0,0,24.1,16.6,101.1,1001.1,72.7,9.5,74.4,6.5,3,,2020-08-04T05:31:40,2020-08-04T18:33:30,0.52,"Rain, Partially cloudy",Partly cloudy throughout the day with rain.,rain,"48820099999,48823099999,48825099999,48831099999,VVNB"
Hanoi,2020-08-05,28.5,26,27.2,35.1,26,30.1,25.1,88.3,41.576,100,12.5,rain,0,0,19.8,13,115.9,1003.3,72.5,7.7,58.1,5,2,,2020-08-05T05:32:02,2020-08-05T18:32:56,0.55,"Rain, Partially cloudy",Partly cloudy throughout the day with rain.,rain,"48820099999,48823099999,48825099999,48831099999,VVNB"
Hanoi,2020-08-06,29,25.5,27,35.7,25.5,29.8,25.2,89.9,3.72,100,12.5,rain,0,0,22,14.8,102.3,1005.6,74.8,8.5,68.1,5.9,2,,2020-08-06T05:32:23,2020-08-06T18:32:21,0.58,"Rain, Partially cloudy",Partly cloudy throughout the day with a chance of rain throughout the day.,rain,"48820099999,48823099999,48825099999,48831099999,VVNB"
Hanoi,2020-08-07,29.7,26,27.3,37.1,26,30.7,24.9,87,35.105,100,12.5,rain,0,0,31,14.8,90.8,1005.8,63.1,9.6,166.2,14.3,6,,2020-08-07T05:32:44,2020-08-07T18:31:45,0.61,"Rain, Partially cloudy",Partly cloudy throughout the day with a chance of rain throughout the day.,rain,"48820099999,48823099999,48825099999,48831099999,VVNB"
Hanoi,2020-08-08,33.8,26,29.8,41.3,26,35,25,76.8,0.5,100,8.33,rain,0,0,30.2,17.5,118,1004.3,58.1,9.1,227.7,19.4,8,,2020-08-08T05:33:05,2020-08-08T18:31:08,0.65,"Rain, Partially cloudy",Partly cloudy throughout the day with afternoon rain.,rain,"48820099999,48823099999,48825099999,48831099999,VVNB"
Hanoi,2020-08-09,34.8,27,30.3,44.5,30.6,37.1,25.7,77.2,0.295,100,4.17,rain,0,0,24.1,18.5,117.1,1002.4,42.9,9.1,222.3,19.3,9,,2020-08-09T05:33:26,2020-08-09T18:30:31,0.68,"Rain, Partially cloudy",Partly cloudy throughout the day with late afternoon rain.,rain,"48820099999,48823099999,48825099999,48831099999,VVNB"
Hanoi,2020-08-10,36.5,27,31.2,49,30.1,38.5,25.6,73.3,0.197,100,4.17,rain,0,0,22.7,18.5,134.9,1001.2,48.7,9.8,251.9,21.6,9,,2020-08-10T05:33:47,2020-08-10T18:29:52,0.71,"Rain, Partially cloudy",Partly cloudy throughout the day with early morning rain.,rain,"48820099999,48823099999,48825099999,48831099999,VVNB"
Hanoi,2020-08-11,35.5,25.8,29.6,43.2,25.8,33.5,24.4,75.3,28.422,100,8.33,rain,0,0,28.1,25,107.3,1001.8,48.7,10,261.7,22.5,8,,2020-08-11T05:34:07,2020-08-11T18:29:13,0.75,"Rain, Partially cloudy",Partly cloudy throughout the day with rain.,rain,"48820099999,48823099999,48825099999,48831099999,VVNB"
Hanoi,2020-08-12,34.5,26.5,30.1,45,26.5,36.7,25.7,77.8,19.755,100,4.17,rain,0,0,25.6,19.4,107.8,1004,62.5,10.2,249.5,21.5,9,,2020-08-12T05:34:27,2020-08-12T18:28:32,0.78,"Rain, Partially cloudy",Partly cloudy throughout the day with early morning rain.,rain,"48820099999,48823099999,48825099999,48831099999,VVNB"
Hanoi,2020-08-13,30,25,27.6,37.1,25,30.8,24.5,84,14.589,100,8.33,rain,0,0,20.5,24.1,108.7,1005.6,69.7,9.8,137.9,11.9,4,,2020-08-13T05:34:47,2020-08-13T18:27:51,0.81,"Rain, Partially cloudy",Partly cloudy throughout the day with rain in the morning and afternoon.,rain,"48820099999,48823099999,48825099999,48831099999,VVNB"
Hanoi,2020-08-14,29,25,26.6,34,25,28.2,24,86.2,8.804,100,12.5,rain,0,0,26.3,19.4,121.1,1006.1,73,9.1,109.3,9.4,5,,2020-08-14T05:35:06,2020-08-14T18:27:09,0.84,"Rain, Partially cloudy",Partly cloudy throughout the day with a chance of rain throughout the day.,rain,"48820099999,48823099999,48825099999,48831099999,VVNB"
Hanoi,2020-08-15,30.5,24.5,27.3,36.8,24.5,29.9,24.3,84.1,0.002,100,4.17,rain,0,0,30.2,20.3,98.4,1005.2,66.5,9.5,208.8,17.9,9,,2020-08-15T05:35:25,2020-08-15T18:26:26,0.87,"Rain, Partially cloudy",Partly cloudy throughout the day with afternoon rain.,rain,"48820099999,48823099999,48825099999,48831099999,VVNB"
Hanoi,2020-08-16,30.8,25,27.1,36.7,25,29.2,24,83.7,18.628,100,12.5,rain,0,0,29.9,16.6,94,1004.4,61.3,9.3,142,12,5,,2020-08-16T05:35:44,2020-08-16T18:25:43,0.91,"Rain, Partially cloudy",Partly cloudy throughout the day with rain.,rain,"48820099999,48823099999,48825099999,48831099999,VVNB"
Hanoi,2020-08-17,29.6,25,26.4,34.5,25,27.5,24,87.3,4.914,100,8.33,rain,0,0,37.1,19.4,96.8,1004.5,70.6,8.3,157.5,13.6,7,,2020-08-17T05:36:03,2020-08-17T18:24:58,0.94,"Rain, Partially cloudy",Partly cloudy throughout the day with rain.,rain,"48820099999,48823099999,48825099999,48831099999,VVNB"
Hanoi,2020-08-18,28.5,25,26.3,33.2,25,27.6,24.1,87.7,51.827,100,12.5,rain,0,0,29.2,18.5,92.1,1005.2,73.4,9.5,97.7,8.5,4,,2020-08-18T05:36:22,2020-08-18T18:24:13,0.97,"Rain, Partially cloudy",Partly cloudy throughout the day with rain.,rain,"48820099999,48823099999,48825099999,48831099999,VVNB"
Hanoi,2020-08-19,31,25.7,27.5,36.1,25.7,30.2,24,81.7,47.174,100,16.67,rain,0,0,20.2,11.2,61.1,1005,61.5,9.5,73,6.2,3,,2020-08-19T05:36:40,2020-08-19T18:23:27,0,"Rain, Partially cloudy",Partly cloudy throughout the day with a chance of rain throughout the day.,rain,"48820099999,48823099999,48825099999,48831099999,VVNB"
Hanoi,2020-08-20,32.5,26,28.4,38,26,31.8,24.3,79.2,0.1,100,8.33,rain,0,0,18.7,13.9,114.2,1006.4,54.2,9.2,133.3,11.6,5,,2020-08-20T05:36:58,2020-08-20T18:22:41,0.04,"Rain, Partially cloudy",Partly cloudy throughout the day with rain.,rain,"48820099999,48823099999,48825099999,48831099999,VVNB"
Hanoi,2020-08-21,32.5,25.5,28.3,38,25.5,31.4,23.8,77.4,50.159,100,8.33,rain,0,0,23,12.1,116.3,1008,67,9.8,87.7,7.6,5,,2020-08-21T05:37:15,2020-08-21T18:21:53,0.07,"Rain, Partially cloudy",Partly cloudy throughout the day with rain in the morning and afternoon.,rain,"48820099999,48823099999,48825099999,48831099999,VVNB"
Hanoi,2020-08-22,32.8,25.7,28.5,39.2,25.7,32,24.3,79.2,6.768,100,12.5,rain,0,0,20.9,13,306.2,1007.8,56,9.1,140.8,12,6,,2020-08-22T05:37:33,2020-08-22T18:21:06,0.11,"Rain, Partially cloudy",Partly cloudy throughout the day with rain.,rain,"48820099999,48823099999,48825099999,48831099999,VVNB"
Hanoi,2020-08-23,34,26,30,40.6,26,35,24.6,74.5,0.098,100,4.17,rain,0,0,27.7,17.5,121.3,1006.1,42.2,8.9,218.3,18.8,7,,2020-08-23T05:37:50,2020-08-23T18:20:17,0.15,"Rain, Partially cloudy",Partly cloudy throughout the day with early morning rain.,rain,"48820099999,48823099999,48825099999,48831099999,VVNB"
Hanoi,2020-08-24,35.8,25.9,30.6,42.2,25.9,36.2,24.7,72.6,0.098,100,4.17,rain,0,0,38.9,22.1,139.5,1003.9,44.7,10,255.3,22,8,,2020-08-24T05:38:07,2020-08-24T18:19:28,0.18,"Rain, Partially cloudy",Partly cloudy throughout the day with late afternoon rain.,rain,"48820099999,48823099999,48825099999,48831099999,VVNB"
Hanoi,2020-08-25,35.7,25.8,29.5,43.4,25.8,33.4,23.9,72.9,11.79,100,4.17,rain,0,0,24.8,15.7,298.7,1002.8,67.7,9.9,250.9,21.6,8,,2020-08-25T05:38:24,2020-08-25T18:18:38,0.22,"Rain, Partially cloudy",Partly cloudy throughout the day with early morning rain.,rain,"48820099999,48823099999,48825099999,48831099999,VVNB"
Hanoi,2020-08-26,36.5,27,31.3,43.4,29.9,36.8,24.1,67.6,0.1,100,4.17,rain,0,0,27.7,13.9,347.1,1001.4,61.3,10.1,253.1,21.9,8,,2020-08-26T05:38:41,2020-08-26T18:17:48,0.25,"Rain, Partially cloudy",Partly cloudy throughout the day with morning rain.,rain,"48820099999,48823099999,48825099999,48831099999,VVNB"
Hanoi,2020-08-27,36,28,31.5,45.3,32.7,38.7,25.4,71.6,0,0,0,,0,0,26.6,14.8,125.3,1000.4,25.8,8.9,277.8,24.1,9,,2020-08-27T05:38:57,2020-08-27T18:16:57,0.29,Partially cloudy,Partly cloudy throughout the day.,partly-cloudy-day,"48820099999,48823099999,48825099999,48831099999,VVNB"
Hanoi,2020-08-28,35,28,30.9,45.7,33.1,39,26.1,76,1.83,100,8.33,rain,0,0,25.6,15.7,97.6,1001.7,36.7,9,232.5,20.1,8,,2020-08-28T05:39:13,2020-08-28T18:16:05,0.32,"Rain, Partially cloudy",Partly cloudy throughout the day with rain.,rain,"48820099999,48823099999,48825099999,48831099999,VVNB"
Hanoi,2020-08-29,35,28,31.3,44.1,32.7,39,25.8,73.8,3.1,100,33.33,rain,0,0,27,17.5,115.1,1003.6,47.9,9.5,224.5,19.3,8,,2020-08-29T05:39:29,2020-08-29T18:15:13,0.36,"Rain, Partially cloudy",Partly cloudy throughout the day with a chance of rain throughout the day.,rain,"48820099999,48823099999,48825099999,48831099999,VVNB"
Hanoi,2020-08-30,35.1,27.5,31,43.5,32,37.8,25.3,72.6,0.098,100,4.17,rain,0,0,27.7,14.8,108.1,1004.8,44.5,9.3,187.8,16.2,8,,2020-08-30T05:39:45,2020-08-30T18:14:21,0.39,"Rain, Partially cloudy",Partly cloudy throughout the day with afternoon rain.,rain,"48820099999,48823099999,48825099999,48831099999,VVNB"
Hanoi,2020-08-31,34.1,28,30.5,42,31.6,36.8,25,73.6,2.4,100,25,rain,0,0,25.2,14.8,336.4,1006.7,51.5,9.3,180.7,15.6,7,,2020-08-31T05:40:00,2020-08-31T18:13:28,0.43,"Rain, Partially cloudy",Partly cloudy throughout the day with a chance of rain throughout the day.,rain,"48820099999,48823099999,48825099999,48831099999,VVNB"
Hanoi,2020-09-01,36,25,30.5,42.6,25,34.7,23.3,67.2,0.1,100,4.17,rain,0,0,24.5,13,300.3,1006.7,34.1,9.5,273.2,23.6,9,,2020-09-01T05:40:16,2020-09-01T18:12:35,0.46,"Rain, Partially cloudy",Partly cloudy throughout the day with early morning rain.,rain,"48820099999,48823099999,48825099999,48831099999,VVNB"
Hanoi,2020-09-02,36,27.5,31.5,44.2,31,38,24.7,68.5,0.098,100,4.17,rain,0,0,19.8,12.1,50.3,1006.7,14,7.1,275,23.6,9,,2020-09-02T05:40:31,2020-09-02T18:11:41,0.5,Rain,Clear conditions throughout the day with late afternoon rain.,rain,"48820099999,48823099999,48825099999,48831099999,VVNB"
Hanoi,2020-09-03,35.5,28,30.8,42.8,31.9,37.8,25.3,73.6,0.983,100,4.17,rain,0,0,18.7,11.2,58.9,1007.7,24.5,6.5,230.1,19.9,8,,2020-09-03T05:40:46,2020-09-03T18:10:47,0.53,"Rain, Partially cloudy",Partly cloudy throughout the day with afternoon rain.,rain,"48820099999,48823099999,48825099999,48831099999,VVNB"
Hanoi,2020-09-04,35,28,31,41.9,32.7,37.7,25.1,71.6,0.7,100,20.83,rain,0,0,22,19.4,101.5,1007.1,34.5,8.1,226.5,19.6,9,,2020-09-04T05:41:01,2020-09-04T18:09:52,0.57,"Rain, Partially cloudy",Partly cloudy throughout the day with rain in the morning and afternoon.,rain,"48820099999,48823099999,48825099999,48831099999,VVNB"
Hanoi,2020-09-05,36,28,31.5,44.3,32.7,38.1,25,69.9,4.1,100,29.17,rain,0,0,23,15.7,133.5,1005.1,29.3,9.1,218.5,18.7,8,,2020-09-05T05:41:16,2020-09-05T18:08:58,0.6,"Rain, Partially cloudy",Partly cloudy throughout the day with rain.,rain,"48820099999,48823099999,48825099999,48831099999,VVNB"
Hanoi,2020-09-06,35.8,26.3,31.1,45.4,26.3,38.2,25.4,72.7,4.4,100,20.83,rain,0,0,24.5,25.9,120.1,1003.2,64.6,9.5,194.9,16.8,7,,2020-09-06T05:41:31,2020-09-06T18:08:02,0.63,"Rain, Partially cloudy",Partly cloudy throughout the day with rain.,rain,"48820099999,48823099999,48825099999,48831099999,VVNB"
Hanoi,2020-09-07,28.1,25,26.6,31.9,25,27.9,23.9,85.4,33.424,100,8.33,rain,0,0,33.8,12.1,354.3,1005.4,73.5,9.6,78.7,6.7,3,,2020-09-07T05:41:46,2020-09-07T18:07:07,0.66,"Rain, Partially cloudy",Partly cloudy throughout the day with rain.,rain,"48820099999,48823099999,48825099999,48831099999,VVNB"
Hanoi,2020-09-08,31.3,25,28,38.4,25,31.4,24.5,82,12.9,100,50,rain,0,0,17.6,14.8,61.3,1008.3,64.8,9,104.6,9,4,,2020-09-08T05:42:00,2020-09-08T18:06:11,0.7,"Rain, Partially cloudy",Partly cloudy throughout the day with rain.,rain,"48820099999,48823099999,48825099999,48831099999,VVNB"
Hanoi,2020-09-09,31,26,28.4,39.1,26,32.6,24.8,81.2,0.052,100,4.17,rain,0,0,24.5,19.4,114.7,1008.2,68.2,9.2,139.4,11.9,6,,2020-09-09T05:42:15,2020-09-09T18:05:15,0.73,"Rain, Partially cloudy",Partly cloudy throughout the day with early morning rain.,rain,"48820099999,48823099999,48825099999,48831099999,VVNB"
Hanoi,2020-09-10,33.7,26.5,29.2,41,26.5,34.4,25.2,80.3,0.098,100,4.17,rain,0,0,27.4,14.8,119.2,1004.9,60.4,9.4,159.4,13.9,8,,2020-09-10T05:42:29,2020-09-10T18:04:19,0.75,"Rain, Partially cloudy",Partly cloudy throughout the day with late afternoon rain.,rain,"48820099999,48823099999,48825099999,48831099999,VVNB"
Hanoi,2020-09-11,33.1,26,28.9,42.8,26,33.9,24.9,79.3,8.5,100,45.83,rain,0,0,25.2,14.3,93.1,1005.7,44.6,9.1,97.1,8.3,5,,2020-09-11T05:42:43,2020-09-11T18:03:23,0.79,"Rain, Partially cloudy",Partly cloudy throughout the day with a chance of rain throughout the day.,rain,"48820099999,48823099999,48825099999,48831099999,VVNB"
Hanoi,2020-09-12,33.5,25.5,29.3,42.8,25.5,35.7,25.9,82.6,0.295,100,4.17,rain,0,0,20.2,14.8,83.6,1008.6,46.5,8.6,121.2,10.6,4,,2020-09-12T05:42:58,2020-09-12T18:02:26,0.83,"Rain, Partially cloudy",Partly cloudy throughout the day with late afternoon rain.,rain,"48820099999,48823099999,48825099999,48831099999,VVNB"
Hanoi,2020-09-13,32.8,25,28.7,40.7,25,32.8,24.9,81.2,2.256,100,8.33,rain,0,0,28.1,18.4,107,1009.8,65.6,9.5,175.6,15.2,7,,2020-09-13T05:43:12,2020-09-13T18:01:29,0.86,"Rain, Partially cloudy",Partly cloudy throughout the day with rain in the morning and afternoon.,rain,"48820099999,48823099999,48825099999,48831099999,VVNB"
Hanoi,2020-09-14,33.5,26,28.5,40.1,26,32.5,24.5,80.1,12.48,100,12.5,rain,0,0,26.6,15.8,121.3,1008.4,57.5,9.6,150.9,13.3,6,,2020-09-14T05:43:26,2020-09-14T18:00:32,0.89,"Rain, Partially cloudy",Partly cloudy throughout the day with rain.,rain,"48820099999,48823099999,48825099999,48831099999,VVNB"
Hanoi,2020-09-15,33.5,26,29.6,41.8,26,35.1,25.2,78.4,0.43,100,8.33,rain,0,0,24.5,18.4,120.9,1007,60.1,9,173.7,15,6,,2020-09-15T05:43:40,2020-09-15T17:59:35,0.93,"Rain, Partially cloudy",Partly cloudy throughout the day with rain clearing later.,rain,"48820099999,48823099999,48825099999,48831099999,VVNB"
Hanoi,2020-09-16,34.5,27,29.9,44.9,29.4,35.8,25.2,77,0.098,100,4.17,rain,0,0,24.1,23.2,124.7,1005.6,48.4,9.7,202.6,17.4,7,,2020-09-16T05:43:55,2020-09-16T17:58:38,0.96,"Rain, Partially cloudy",Partly cloudy throughout the day with late afternoon rain.,rain,"48820099999,48823099999,48825099999,48831099999,VVNB"
Hanoi,2020-09-17,34.5,27,30.3,42.2,29.6,35.7,24.5,72.8,8.1,100,50,rain,0,0,24.8,15.7,72.9,1004.8,47.4,9.3,191.8,16.6,7,,2020-09-17T05:44:09,2020-09-17T17:57:41,0,"Rain, Partially cloudy",Partly cloudy throughout the day with a chance of rain throughout the day.,rain,"48820099999,48823099999,48825099999,48831099999,VVNB"
Hanoi,2020-09-18,29,26,27.4,33.8,26,28.8,20.8,67.6,0.646,100,12.5,rain,0,0,55.4,23.2,6.1,1006.5,78.9,10,137.2,11.9,6,,2020-09-18T05:44:23,2020-09-18T17:56:44,0.03,"Rain, Partially cloudy",Partly cloudy throughout the day with a chance of rain throughout the day.,rain,"48820099999,48823099999,48825099999,48831099999,VVNB"
Hanoi,2020-09-19,25.5,24,24.8,25.5,24,24.8,21.4,81.7,33.924,100,16.67,rain,0,0,35.3,22.3,0.7,1008.2,76.9,9.3,43.1,3.8,2,,2020-09-19T05:44:38,2020-09-19T17:55:47,0.06,"Rain, Partially cloudy",Partly cloudy throughout the day with a chance of rain throughout the day.,rain,"48820099999,48823099999,48825099999,48831099999,VVNB"
Hanoi,2020-09-20,26.7,24,25.3,26.7,24,25.3,23.1,88,2.728,100,12.5,rain,0,0,20.2,10.3,23,1009.4,67.2,8,54,4.7,3,,2020-09-20T05:44:52,2020-09-20T17:54:50,0.1,"Rain, Partially cloudy",Partly cloudy throughout the day with a chance of rain throughout the day.,rain,"48820099999,48823099999,48825099999,48831099999,VVNB"
Hanoi,2020-09-21,32.5,25,28.2,38.6,25,31.6,24.3,80.9,4.5,100,33.33,rain,0,0,28.4,17.5,128.1,1008.4,62.1,7.6,123.8,10.6,5,,2020-09-21T05:45:07,2020-09-21T17:53:53,0.13,"Rain, Partially cloudy",Partly cloudy throughout the day with rain clearing later.,rain,"48820099999,48823099999,48825099999,48831099999,VVNB"
Hanoi,2020-09-22,31.9,25,27.8,40.1,25,31.8,25.1,85.7,0.196,100,8.33,rain,0,0,25.6,15.7,126.9,1007.8,59.3,8.9,95.6,8.4,4,,2020-09-22T05:45:21,2020-09-22T17:52:56,0.16,"Rain, Partially cloudy",Partly cloudy throughout the day with rain in the morning and afternoon.,rain,"48820099999,48823099999,48825099999,48831099999,VVNB"
Hanoi,2020-09-23,31.2,25,27.3,38.5,25,30.2,24.6,85.3,0.59,100,4.17,rain,0,0,24.8,18.4,57.4,1008.6,57.5,9.2,53.6,4.5,2,,2020-09-23T05:45:36,2020-09-23T17:51:59,0.2,"Rain, Partially cloudy",Partly cloudy throughout the day with early morning rain.,rain,"48820099999,48823099999,48825099999,48831099999,VVNB"
Hanoi,2020-09-24,28.5,23,25.8,32.3,23,26.6,22.1,80.3,6.877,100,8.33,rain,0,0,22.3,18.4,339.6,1010.9,68.7,9.7,92.9,8,5,,2020-09-24T05:45:51,2020-09-24T17:51:02,0.25,"Rain, Partially cloudy",Partly cloudy throughout the day with rain clearing later.,rain,"48820099999,48823099999,48825099999,48831099999,VVNB"
Hanoi,2020-09-25,33,25,28.4,39.2,25,31.8,23.7,76.4,0.197,100,4.17,rain,0,0,27.4,16.6,121,1007.8,62.6,9.7,164.5,14.3,7,,2020-09-25T05:46:06,2020-09-25T17:50:05,0.27,"Rain, Partially cloudy",Partly cloudy throughout the day with afternoon rain.,rain,"48820099999,48823099999,48825099999,48831099999,VVNB"
Hanoi,2020-09-26,32.9,25,28.9,41.1,25,33.6,24.8,79.4,0.95,100,4.17,rain,0,0,20.5,16.7,110.8,1006.3,58,10.3,138.2,12.1,6,,2020-09-26T05:46:21,2020-09-26T17:49:09,0.3,"Rain, Partially cloudy",Partly cloudy throughout the day with morning rain.,rain,"48820099999,48823099999,48825099999,48831099999,VVNB"
Hanoi,2020-09-27,28.4,24,26.1,35.7,24,27.5,23.2,84.1,35.28,100,8.33,rain,0,0,25.6,21.4,30.2,1008.6,68.5,9.8,75,6.6,3,,2020-09-27T05:46:37,2020-09-27T17:48:13,0.34,"Rain, Partially cloudy",Partly cloudy throughout the day with rain in the morning and afternoon.,rain,"48820099999,48823099999,48825099999,48831099999,VVNB"
Hanoi,2020-09-28,30,24,26.6,34.5,24,28.5,23.1,81.5,1.133,100,8.33,rain,0,0,24.1,13,33.1,1008.7,70.2,9.5,79.3,6.7,3,,2020-09-28T05:46:52,2020-09-28T17:47:16,0.37,"Rain, Partially cloudy",Partly cloudy throughout the day with rain.,rain,"48820099999,48823099999,48825099999,48831099999,VVNB"
Hanoi,2020-09-29,33,25.8,29,38.6,25.8,32.4,24.3,77.4,0.016,100,4.17,rain,0,0,26.6,16.6,95.5,1006.9,55.8,8,151.1,12.9,6,,2020-09-29T05:47:08,2020-09-29T17:46:21,0.41,"Rain, Partially cloudy",Partly cloudy throughout the day with late afternoon rain.,rain,"48820099999,48823099999,48825099999,48831099999,VVNB"
Hanoi,2020-09-30,34.1,26,29.9,41.6,26,35.4,24.9,75.9,0.139,100,8.33,rain,0,0,19.1,16.6,107.8,1005.6,37.9,9,96.1,8.2,4,,2020-09-30T05:47:24,2020-09-30T17:45:25,0.44,"Rain, Partially cloudy",Partly cloudy throughout the day with rain.,rain,"48820099999,48823099999,48825099999,48831099999,VVNB"
Hanoi,2020-10-01,31,25,27.9,36.5,25,31.1,24.4,82.1,21.07,100,8.33,rain,0,0,23.8,16.6,95.9,1007.1,60.7,9.3,101.1,8.5,4,,2020-10-01T05:47:40,2020-10-01T17:44:30,0.48,"Rain, Partially cloudy",Partly cloudy throughout the day with rain in the morning and afternoon.,rain,"48820099999,48823099999,48825099999,48831099999,VVNB"
Hanoi,2020-10-02,32,26,28.4,38,26,31.8,24.5,80.3,0.157,100,12.5,rain,0,0,23.4,13.9,97,1008,58.4,8.2,146.5,12.7,7,,2020-10-02T05:47:57,2020-10-02T17:43:35,0.5,"Rain, Partially cloudy",Partly cloudy throughout the day with rain.,rain,"48820099999,48823099999,48825099999,48831099999,VVNB"
Hanoi,2020-10-03,31,25.5,27.2,37.2,25.5,29.7,24.8,87.5,8.062,100,8.33,rain,0,0,26.3,13.9,85.8,1009,49.9,8.1,125,10.9,6,,2020-10-03T05:48:14,2020-10-03T17:42:40,0.54,"Rain, Partially cloudy",Partly cloudy throughout the day with rain in the morning and afternoon.,rain,"48820099999,48823099999,48825099999,48831099999,VVNB"
Hanoi,2020-10-04,33,25,28.6,39,25,32,24.7,80.6,0.216,100,8.33,rain,0,0,22.3,13.9,115.1,1009,70.6,8.6,120.9,10.5,5,,2020-10-04T05:48:31,2020-10-04T17:41:46,0.58,"Rain, Partially cloudy",Partly cloudy throughout the day with rain in the morning and afternoon.,rain,"48820099999,48823099999,48825099999,48831099999,VVNB"
Hanoi,2020-10-05,32.5,26,27.9,38.5,26,31.4,24.5,82.7,1.389,100,8.33,rain,0,0,19.8,18.5,86,1009.7,48,9.2,58.4,5,2,,2020-10-05T05:48:48,2020-10-05T17:40:52,0.61,"Rain, Partially cloudy",Partly cloudy throughout the day with rain.,rain,"48820099999,48823099999,48825099999,48831099999,VVNB"
Hanoi,2020-10-06,29.3,24,26.1,32.4,24,26.9,20.7,72.2,0.007,100,4.17,rain,0,0,24.5,18.5,28.3,1012.8,54.9,10,86.9,7.4,4,,2020-10-06T05:49:06,2020-10-06T17:39:59,0.64,"Rain, Partially cloudy",Partly cloudy throughout the day with afternoon rain.,rain,"48820099999,48823099999,48825099999,48831099999,VVNB"
Hanoi,2020-10-07,28.1,23,25.1,29.5,23,25.5,18.6,67.6,0.4,100,16.67,rain,0,0,31,20.5,27.1,1014.7,61.6,10,162.5,14.1,7,,2020-10-07T05:49:24,2020-10-07T17:39:06,0.68,"Rain, Partially cloudy",Partly cloudy throughout the day with rain clearing later.,rain,"48820099999,48823099999,48825099999,48831099999,VVNB"
Hanoi,2020-10-08,27.5,22,24.2,28.3,22,24.3,16.2,61.3,0,0,0,,0,0,34.6,24.1,20.7,1015.5,78.8,10,199,17.1,8,,2020-10-08T05:49:42,2020-10-08T17:38:14,0.71,Partially cloudy,Partly cloudy throughout the day.,partly-cloudy-day,"48820099999,48823099999,48825099999,48831099999,VVNB"
Hanoi,2020-10-09,27.5,21,24.1,28.3,21,24.3,15.9,60.5,0,0,0,,0,0,38.9,21.4,9.4,1016.1,45.5,10.1,213.2,18.5,8,,2020-10-09T05:50:01,2020-10-09T17:37:22,0.75,Partially cloudy,Partly cloudy throughout the day.,partly-cloudy-day,"48820099999,48823099999,48825099999,48831099999,VVNB"
Hanoi,2020-10-10,27.1,20,23.4,27.7,20,23.5,15.3,61.2,0,0,0,,0,0,31.7,24.1,13,1014.5,31.5,11,220.8,19,8,,2020-10-10T05:50:20,2020-10-10T17:36:30,0.75,Partially cloudy,Clearing in the afternoon.,partly-cloudy-day,"48820099999,48823099999,48825099999,48831099999,VVNB"
Hanoi,2020-10-11,27.5,20.5,23.9,28.1,20.5,24,15.4,59.6,0,0,0,,0,0,29.9,17.5,359.8,1011.9,55.9,10.7,189,16.3,8,,2020-10-11T05:50:39,2020-10-11T17:35:40,0.81,Partially cloudy,Partly cloudy throughout the day.,partly-cloudy-day,"48820099999,48823099999,48825099999,48831099999,VVNB"
Hanoi,2020-10-12,29.4,21.5,25.3,30.4,21.5,25.6,17.6,63.2,0,0,0,,0,0,32.8,19.4,338.9,1010.2,71.5,9.7,159.4,14,5,,2020-10-12T05:50:59,2020-10-12T17:34:49,0.85,Partially cloudy,Partly cloudy throughout the day.,partly-cloudy-day,"48820099999,48823099999,48825099999,48831099999,VVNB"
Hanoi,2020-10-13,30.5,24.9,27.6,31.7,24.9,28,18,56.8,1.7,100,8.33,rain,0,0,37.4,21.4,4.3,1008.9,58,9.7,214.5,18.6,8,,2020-10-13T05:51:19,2020-10-13T17:34:00,0.88,"Rain, Partially cloudy",Partly cloudy throughout the day with late afternoon rain.,rain,"48820099999,48823099999,48825099999,48831099999,VVNB"
Hanoi,2020-10-14,27,22.5,23.6,27.9,22.5,23.7,20.7,84.3,55.622,100,25,rain,0,0,62.3,23.2,351.2,1007.2,94.2,7.9,26,2.1,1,,2020-10-14T05:51:40,2020-10-14T17:33:11,0.91,"Rain, Overcast",Cloudy skies throughout the day with a chance of rain throughout the day.,rain,"48820099999,48823099999,48825099999,48831099999,VVNB"
Hanoi,2020-10-15,25,22.4,23.3,25,22.4,23.3,20.9,86.8,40.874,100,16.67,rain,0,0,38.9,19.4,3.4,1010.6,93.8,8.6,38,3.2,2,,2020-10-15T05:52:01,2020-10-15T17:32:23,0.95,"Rain, Overcast",Cloudy skies throughout the day with a chance of rain throughout the day.,rain,"48820099999,48823099999,48825099999,48831099999,remote,VVNB"
Hanoi,2020-10-16,27,22.7,24.9,28.5,22.7,25,19.5,73.2,55.083,100,8.33,rain,0,0,39.6,25,2.7,1013,92,9.8,49.5,4.2,3,,2020-10-16T05:52:22,2020-10-16T17:31:35,0.98,"Rain, Overcast",Cloudy skies throughout the day with rain clearing later.,rain,"48820099999,48823099999,48825099999,48831099999,VVNB"
Hanoi,2020-10-17,24.5,21,23.1,24.5,21,23.1,15,60.5,0.098,100,4.17,rain,0,0,34.2,21.4,355.5,1015.6,94.3,10.1,32.2,2.7,1,,2020-10-17T05:52:44,2020-10-17T17:30:48,0,"Rain, Overcast",Cloudy skies throughout the day with afternoon rain.,rain,"48820099999,48823099999,48825099999,48831099999,VVNB"
Hanoi,2020-10-18,24,20.4,22.2,24,20.4,22.2,16.2,70.1,14.085,100,8.33,rain,0,0,40.7,23.2,358.7,1015.8,96.8,9.5,21.9,1.9,1,,2020-10-18T05:53:07,2020-10-18T17:30:02,0.05,"Rain, Overcast",Cloudy skies throughout the day with rain.,rain,"48820099999,48823099999,48825099999,48831099999,VVNB"
Hanoi,2020-10-19,23,20.9,21.9,23,20.9,21.9,15.3,66.8,0.695,100,8.33,rain,0,0,31,18.4,346.5,1016.6,99,10,31.3,2.8,1,,2020-10-19T05:53:30,2020-10-19T17:29:17,0.08,"Rain, Overcast",Cloudy skies throughout the day with rain.,rain,"48820099999,48823099999,48825099999,48831099999,VVNB"
Hanoi,2020-10-20,24.5,21.3,22.8,24.5,21.3,22.8,14.1,58.4,0.098,100,4.17,rain,0,0,32.4,15.7,356.1,1017.1,99.2,10.1,65.9,5.6,4,,2020-10-20T05:53:53,2020-10-20T17:28:32,0.11,"Rain, Overcast",Cloudy skies throughout the day with morning rain.,rain,"48820099999,48823099999,48825099999,48831099999,VVNB"
Hanoi,2020-10-21,27.5,21.5,24,27.4,21.5,23.9,13.9,54.2,0,0,0,,0,0,34.6,21.2,348.1,1016.4,48.2,10.1,216,18.6,8,,2020-10-21T05:54:17,2020-10-21T17:27:49,0.15,Partially cloudy,Clearing in the afternoon.,partly-cloudy-day,"48820099999,48823099999,48825099999,48831099999,VVNB"
Hanoi,2020-10-22,29,18,23.8,27.8,18,23.5,12,51.7,0,0,0,,0,0,36.7,20.5,343.8,1013.8,30.5,10.8,239.6,20.6,8,,2020-10-22T05:54:41,2020-10-22T17:27:06,0.18,Partially cloudy,Partly cloudy throughout the day.,partly-cloudy-day,"48820099999,48823099999,48825099999,48831099999,VVNB"
Hanoi,2020-10-23,29,17,23.1,27.8,17,22.7,12,54.9,0,0,0,,0,0,35.6,19.4,1.3,1013.8,29.2,10.9,242.6,21,9,,2020-10-23T05:55:06,2020-10-23T17:26:24,0.25,Partially cloudy,Partly cloudy throughout the day.,partly-cloudy-day,"48820099999,48823099999,48825099999,48831099999,VVNB"
Hanoi,2020-10-24,28.5,16.5,22.3,27.5,16.5,22.1,13.1,60.2,0,0,0,,0,0,22.3,13,346.6,1014.3,41.3,10.7,240.3,20.9,8,,2020-10-24T05:55:31,2020-10-24T17:25:43,0.25,Partially cloudy,Partly cloudy throughout the day.,partly-cloudy-day,"48820099999,48823099999,48825099999,48831099999,VVNB"
Hanoi,2020-10-25,24.2,19,21.9,24.2,19,21.9,16.5,71.4,0.098,100,4.17,rain,0,0,16.9,14.8,331.9,1014,81,9.1,47.5,4.3,2,,2020-10-25T05:55:57,2020-10-25T17:25:03,0.28,"Rain, Partially cloudy",Partly cloudy throughout the day with late afternoon rain.,rain,"48820099999,48823099999,48825099999,48831099999,VVNB"
Hanoi,2020-10-26,24,22,22.8,24,22,22.8,19.1,80.6,0.107,100,8.33,rain,0,0,22,12.1,352.9,1014.2,87.5,9.1,50.8,4.3,2,,2020-10-26T05:56:24,2020-10-26T17:24:24,0.32,"Rain, Partially cloudy",Partly cloudy throughout the day with rain.,rain,"48820099999,48823099999,48825099999,48831099999,VVNB"
Hanoi,2020-10-27,29.9,22,25.2,32.3,22,26,21.4,80.6,0.986,100,4.17,rain,0,0,21.6,12.1,311.6,1012.6,49.3,8.2,151,13.2,6,,2020-10-27T05:56:51,2020-10-27T17:23:45,0.35,"Rain, Partially cloudy",Partly cloudy throughout the day with early morning rain.,rain,"48820099999,48823099999,48825099999,48831099999,VVNB"
Hanoi,2020-10-28,30.5,22.5,26.1,32.2,22.5,26.8,20.9,74.8,0.642,100,4.17,rain,0,0,38.5,20.3,3.2,1012.5,64.8,9.1,133.6,11.6,6,,2020-10-28T05:57:18,2020-10-28T17:23:08,0.38,"Rain, Partially cloudy",Partly cloudy throughout the day with late afternoon rain.,rain,"48820099999,48823099999,48825099999,48831099999,VVNB"
Hanoi,2020-10-29,24,22,22.8,24,22,22.8,18.4,76.5,18.778,100,12.5,rain,0,0,46.1,23.2,14.7,1015,92.1,9.4,30.7,2.6,1,,2020-10-29T05:57:46,2020-10-29T17:22:32,0.42,"Rain, Overcast",Cloudy skies throughout the day with a chance of rain throughout the day.,rain,"48820099999,48823099999,48825099999,48831099999,VVNB"
Hanoi,2020-10-30,22,20,20.8,22,20,20.8,19.5,92.1,8.914,100,16.67,rain,0,0,33.5,12.1,337.7,1018.1,95.7,8.4,40,3.5,2,,2020-10-30T05:58:14,2020-10-30T17:21:57,0.45,"Rain, Overcast",Cloudy skies throughout the day with a chance of rain throughout the day.,rain,"48820099999,48823099999,48825099999,48831099999,VVNB"
Hanoi,2020-10-31,24.5,20.7,22.3,24.5,20.7,22.3,19.9,86.6,2.081,100,8.33,rain,0,0,15.8,9.4,336.5,1017.8,73.6,8.6,28.1,2.3,1,,2020-10-31T05:58:44,2020-10-31T17:21:23,0.5,"Rain, Partially cloudy",Partly cloudy throughout the day with rain.,rain,"48820099999,48823099999,48825099999,48831099999,VVNB"
Hanoi,2020-11-01,28.5,21,24.2,30.2,21,24.6,20.7,82.1,0,0,0,,0,0,16.6,11.2,85.2,1015.8,60.4,5.7,129.2,11.2,6,,2020-11-01T05:59:13,2020-11-01T17:20:50,0.52,Partially cloudy,Partly cloudy throughout the day.,partly-cloudy-day,"48820099999,48823099999,48825099999,48831099999,VVNB"
Hanoi,2020-11-02,28,22,23.7,30.4,22,23.9,19.6,79,2.27,100,4.17,rain,0,0,32.8,19.4,33.6,1016.6,58.7,6.9,76.1,6.5,3,,2020-11-02T05:59:43,2020-11-02T17:20:18,0.55,"Rain, Partially cloudy",Partly cloudy throughout the day with late afternoon rain.,rain,"48820099999,48823099999,48825099999,48831099999,VVNB"
Hanoi,2020-11-03,24.9,21,22.3,24.9,21,22.3,14,59.9,0.002,100,4.17,rain,0,0,24.8,15.7,1.1,1018.8,73.9,10,145,12.3,6,,2020-11-03T06:00:14,2020-11-03T17:19:47,0.59,"Rain, Partially cloudy",Partly cloudy throughout the day with early morning rain.,rain,"48820099999,48823099999,48825099999,48831099999,VVNB"
Hanoi,2020-11-04,24.9,20.5,22.4,24.9,20.5,22.4,14.1,60,0,0,0,,0,0,22.7,15.7,358.7,1017.7,68.4,9.7,130.2,11.2,6,,2020-11-04T06:00:45,2020-11-04T17:19:18,0.62,Partially cloudy,Partly cloudy throughout the day.,partly-cloudy-day,"48820099999,48823099999,48825099999,48831099999,VVNB"
Hanoi,2020-11-05,26.7,19,22.8,27.3,19,22.8,16.9,71,0,0,0,,0,0,14,10.3,76.7,1016.8,35.8,7.6,144.2,12.4,7,,2020-11-05T06:01:17,2020-11-05T17:18:49,0.66,Partially cloudy,Partly cloudy throughout the day.,partly-cloudy-day,"48820099999,48823099999,48825099999,48831099999,VVNB"
Hanoi,2020-11-06,26,22,23.8,26,22,23.8,19.1,75.2,0.1,100,4.17,rain,0,0,23.4,10.3,312.9,1018,28.8,5.4,152.2,13.1,6,,2020-11-06T06:01:49,2020-11-06T17:18:22,0.69,"Rain, Partially cloudy",Partly cloudy throughout the day with afternoon rain.,rain,"48820099999,48823099999,48825099999,48831099999,VVNB"
Hanoi,2020-11-07,28.1,22,25,28.4,22,25,16.7,61.5,0,0,0,,0,0,32,20.3,1,1018.9,33.4,9.7,177.4,15.2,7,,2020-11-07T06:02:21,2020-11-07T17:17:56,0.73,Partially cloudy,Partly cloudy throughout the day.,partly-cloudy-day,"48820099999,48823099999,48825099999,48831099999,VVNB"
Hanoi,2020-11-08,29,21.5,25,28.6,21.5,24.9,14.7,54.4,0,0,0,,0,0,32.8,17.6,6.2,1019.2,20.6,10,205,17.8,7,,2020-11-08T06:02:54,2020-11-08T17:17:31,0.75,Partially cloudy,Partly cloudy throughout the day.,partly-cloudy-day,"48820099999,48823099999,48825099999,48831099999,VVNB"
Hanoi,2020-11-09,28.2,20,23.7,27.3,20,23.5,11.9,50.2,0,0,0,,0,0,35.6,19.4,4.6,1018.8,2.9,10.9,217.7,18.8,8,,2020-11-09T06:03:28,2020-11-09T17:17:08,0.79,Clear,Clear conditions throughout the day.,clear-day,"48820099999,48823099999,48825099999,48831099999,VVNB"
Hanoi,2020-11-10,27.3,17,22,26.5,17,21.9,10,49.4,0,0,0,,0,0,31.7,17.5,355.1,1019.4,69.1,9.8,213,18.5,7,,2020-11-10T06:04:02,2020-11-10T17:16:46,0.83,Partially cloudy,Partly cloudy throughout the day.,partly-cloudy-day,"48820099999,48823099999,48825099999,48831099999,VVNB"
Hanoi,2020-11-11,27,18.5,22.7,26.6,18.5,22.7,11.6,52.4,0.2,100,4.17,rain,0,0,22,12.1,322,1020.6,59.5,9.3,124.4,10.9,5,,2020-11-11T06:04:37,2020-11-11T17:16:25,0.86,"Rain, Partially cloudy",Partly cloudy throughout the day with morning rain.,rain,"48820099999,48823099999,48825099999,48831099999,VVNB"
Hanoi,2020-11-12,28.4,19,23.4,27.3,19,23.1,12.1,52.6,0,0,0,,0,0,23,13.9,339.8,1019.7,21.2,10.1,187.9,16.3,7,,2020-11-12T06:05:12,2020-11-12T17:16:05,0.9,Partially cloudy,Partly cloudy throughout the day.,partly-cloudy-day,"48820099999,48823099999,48825099999,48831099999,VVNB"
Hanoi,2020-11-13,29,18.5,23.2,27.7,18.5,23,11.7,52.2,0,0,0,,0,0,26.3,16.6,348.8,1017.8,3.9,11,212.2,18.4,8,,2020-11-13T06:05:47,2020-11-13T17:15:46,0.93,Clear,Clear conditions throughout the day.,clear-day,"48820099999,48823099999,48825099999,48831099999,VVNB"
Hanoi,2020-11-14,28,15.5,22.7,27.1,15.5,22.5,11.3,52.6,0,0,0,,0,0,28.8,18.5,2.3,1017.5,32.1,11.2,194.8,16.8,8,,2020-11-14T06:06:23,2020-11-14T17:15:29,0.97,Partially cloudy,Partly cloudy throughout the day.,partly-cloudy-day,"48820099999,48823099999,48825099999,48831099999,VVNB"
Hanoi,2020-11-15,19.5,18.6,19,19.5,18.6,19,17.3,90.3,7.983,100,12.5,rain,0,0,35.6,18.5,313.6,1018.5,96.3,7.2,32.9,2.8,2,,2020-11-15T06:06:59,2020-11-15T17:15:13,0,"Rain, Overcast",Cloudy skies throughout the day with a chance of rain throughout the day.,rain,"48820099999,48823099999,48825099999,48831099999,VVNB"
Hanoi,2020-11-16,21,19,20.2,21,19,20.2,19.4,94.9,33.027,100,16.67,rain,0,0,42.8,8.5,302.8,1016.9,94.1,5.6,15.7,1.3,1,,2020-11-16T06:07:36,2020-11-16T17:14:59,0.03,"Rain, Overcast",Cloudy skies throughout the day with a chance of rain throughout the day.,rain,"48820099999,48823099999,48825099999,48831099999,VVNB"
Hanoi,2020-11-17,27.1,20.6,23.3,29.3,20.6,23.5,21.4,89.2,4.07,100,4.17,rain,0,0,27,18.5,130,1013,79.6,6.2,131.3,11.5,5,,2020-11-17T06:08:12,2020-11-17T17:14:46,0.07,"Rain, Partially cloudy",Partly cloudy throughout the day with morning rain.,rain,"48820099999,48823099999,48825099999,48831099999,VVNB"
Hanoi,2020-11-18,28.9,22.7,25.2,31.1,22.7,25.9,21.6,81.4,0,0,0,,0,0,28.1,13.9,123.8,1011.3,67.8,8.2,110.9,9.7,4,,2020-11-18T06:08:50,2020-11-18T17:14:34,0.1,Partially cloudy,Partly cloudy throughout the day.,partly-cloudy-day,"48820099999,48823099999,48825099999,48831099999,VVNB"
Hanoi,2020-11-19,28,22.7,24.9,29.9,22.7,25.3,21.7,83.6,0.098,100,4.17,rain,0,0,16.9,12.1,126.9,1010.8,68.9,7.4,97.4,8.6,4,,2020-11-19T06:09:27,2020-11-19T17:14:24,0.13,"Rain, Partially cloudy",Partly cloudy throughout the day with afternoon rain.,rain,"48820099999,48823099999,48825099999,48831099999,VVNB"
Hanoi,2020-11-20,29,23,25.5,31.5,23,26.2,21.9,81.6,0,0,0,,0,0,26.6,16.6,137.5,1011.2,72.6,7.8,126.1,11,5,,2020-11-20T06:10:05,2020-11-20T17:14:15,0.16,Partially cloudy,Partly cloudy throughout the day.,partly-cloudy-day,"48820099999,48823099999,48825099999,48831099999,VVNB"
Hanoi,2020-11-21,30,24,25.9,33.1,24,26.7,22.2,81.5,0,0,0,,0,0,24.5,19.4,125.8,1012.1,67.2,8.2,124.3,10.7,5,,2020-11-21T06:10:43,2020-11-21T17:14:07,0.2,Partially cloudy,Partly cloudy throughout the day.,partly-cloudy-day,"48820099999,48823099999,48825099999,48831099999,VVNB"
Hanoi,2020-11-22,29,23,25.6,31.4,23,26.3,22.1,81.8,1.1,100,25,rain,0,0,22,14.8,109.3,1015.2,64.4,8.1,124.9,10.7,5,,2020-11-22T06:11:22,2020-11-22T17:14:01,0.25,"Rain, Partially cloudy",Partly cloudy throughout the day with rain in the morning and afternoon.,rain,"48820099999,48823099999,48825099999,48831099999,VVNB"
Hanoi,2020-11-23,29,23.5,25.9,30.8,23.5,26.5,21.3,76.9,2.5,100,45.83,rain,0,0,27.7,16.6,118.3,1017.1,56.5,9.5,103.7,9.1,4,,2020-11-23T06:12:00,2020-11-23T17:13:56,0.26,"Rain, Partially cloudy",Partly cloudy throughout the day with a chance of rain throughout the day.,rain,"48820099999,48823099999,48825099999,48831099999,VVNB"
Hanoi,2020-11-24,26.5,23,24.6,26.5,23,24.6,20,76,0.3,100,12.5,rain,0,0,23.8,15.7,123.4,1017.5,69.5,7.7,54.2,4.6,3,,2020-11-24T06:12:39,2020-11-24T17:13:52,0.3,"Rain, Partially cloudy",Partly cloudy throughout the day with early morning rain.,rain,"48820099999,48823099999,48825099999,48831099999,VVNB"
Hanoi,2020-11-25,27,22,24.3,28.4,22,24.6,20,77.4,0.4,100,8.33,rain,0,0,22.7,13.9,136,1017,54,7.3,120.3,10.3,6,,2020-11-25T06:13:18,2020-11-25T17:13:50,0.33,"Rain, Partially cloudy",Partly cloudy throughout the day with rain in the morning and afternoon.,rain,"48820099999,48823099999,48825099999,48831099999,VVNB"
Hanoi,2020-11-26,28.5,22,25.1,29.6,22,25.5,19.8,73.7,0.8,100,33.33,rain,0,0,23,12.1,103.9,1018.2,58.2,7.5,118.5,10.1,5,,2020-11-26T06:13:57,2020-11-26T17:13:49,0.36,"Rain, Partially cloudy",Partly cloudy throughout the day with a chance of rain throughout the day.,rain,"48820099999,48823099999,48825099999,48831099999,VVNB"
Hanoi,2020-11-27,27.2,19,23.5,28.2,19,23.6,17.8,71.2,0,0,0,,0,0,26.3,19.4,59,1020.3,39.8,8.4,138.4,12,6,,2020-11-27T06:14:36,2020-11-27T17:13:50,0.4,Partially cloudy,Partly cloudy throughout the day.,partly-cloudy-day,"48820099999,48823099999,48825099999,48831099999,VVNB"
Hanoi,2020-11-28,22.5,18,20.2,22.5,18,20.2,13.5,65.9,0,0,0,,0,0,32.8,20.5,33.8,1022.4,83.6,10,141,12.3,5,,2020-11-28T06:15:15,2020-11-28T17:13:52,0.43,Partially cloudy,Partly cloudy throughout the day.,partly-cloudy-day,"48820099999,48823099999,48825099999,48831099999,VVNB"
Hanoi,2020-11-29,22.3,17,19.4,22.3,17,19.4,9.3,52.8,0,0,0,,0,0,26.6,21.4,11.8,1022.7,41.4,10.7,178.3,15.5,7,,2020-11-29T06:15:54,2020-11-29T17:13:55,0.46,Partially cloudy,Partly cloudy throughout the day.,partly-cloudy-day,"48820099999,48823099999,48825099999,48831099999,VVNB"
Hanoi,2020-11-30,23.3,16,19.7,23.3,16,19.7,8.4,48.9,0,0,0,,0,0,29.5,22.3,21.3,1022.9,45.1,11.3,183.3,15.7,7,,2020-11-30T06:16:33,2020-11-30T17:14:00,0.5,Partially cloudy,Clearing in the afternoon.,partly-cloudy-day,"48820099999,48823099999,48825099999,48831099999,VVNB"
Hanoi,2020-12-01,21,17.5,19.1,21,17.5,19.1,9.1,52.4,0,0,0,,0,0,23.4,18.4,35.3,1022.2,74.3,9.4,107.3,9.5,4,,2020-12-01T06:17:12,2020-12-01T17:14:06,0.53,Partially cloudy,Partly cloudy throughout the day.,partly-cloudy-day,"48820099999,48823099999,48825099999,48831099999,VVNB"
Hanoi,2020-12-02,21,16,18.6,21,16,18.6,11.7,64.6,0.2,100,8.33,rain,0,0,22.7,14.8,17.5,1021.2,63.6,8.4,75.9,6.7,3,,2020-12-02T06:17:51,2020-12-02T17:14:13,0.56,"Rain, Partially cloudy",Partly cloudy throughout the day with late afternoon rain.,rain,"48820099999,48823099999,48825099999,48831099999,VVNB"
Hanoi,2020-12-03,22,18,19.5,22,18,19.5,10.3,55.5,0.1,100,4.17,rain,0,0,28.8,18.4,28,1021.6,69.8,9.9,116.7,9.9,6,,2020-12-03T06:18:30,2020-12-03T17:14:22,0.6,"Rain, Partially cloudy",Partly cloudy throughout the day with early morning rain.,rain,"48820099999,48823099999,48825099999,48831099999,VVNB"
Hanoi,2020-12-04,20.2,14.5,17.7,20.2,14.5,17.7,8.5,55.2,0,0,0,,0,0,25.9,18.5,22.2,1022.4,71.5,10,123.6,10.7,6,,2020-12-04T06:19:09,2020-12-04T17:14:32,0.63,Partially cloudy,Partly cloudy throughout the day.,partly-cloudy-day,"48820099999,48823099999,48825099999,48831099999,VVNB"
Hanoi,2020-12-05,20,13,15.7,20,13,15.7,7.2,57.6,0,0,0,,0,0,24.1,20.5,29,1022.7,33.8,10.1,175.4,15.3,7,,2020-12-05T06:19:48,2020-12-05T17:14:43,0.67,Partially cloudy,Clearing in the afternoon.,partly-cloudy-day,"48820099999,48823099999,48825099999,48831099999,VVNB"
Hanoi,2020-12-06,22,11,16.4,22,11,16.4,9.3,65.5,0,0,0,,0,0,17.3,10.4,96.8,1020.5,0.7,9.8,192.2,16.6,7,,2020-12-06T06:20:26,2020-12-06T17:14:55,0.7,Clear,Clear conditions throughout the day.,clear-day,"48820099999,48823099999,48825099999,48831099999,VVNB"
Hanoi,2020-12-07,23,15.1,18.4,23,15.1,18.4,11,63.8,0,0,0,,0,0,27,15.7,349,1021.9,43.9,8.2,174.6,15.1,7,,2020-12-07T06:21:04,2020-12-07T17:15:09,0.74,Partially cloudy,Partly cloudy throughout the day.,partly-cloudy-day,"48820099999,48823099999,48825099999,48831099999,VVNB"
Hanoi,2020-12-08,22,15.5,18.4,22,15.5,18.4,11.2,64.1,0,0,0,,0,0,25.9,16.6,350.6,1021.1,15,8,169,14.6,7,,2020-12-08T06:21:42,2020-12-08T17:15:24,0.75,Clear,Clear conditions throughout the day.,clear-day,"48820099999,48823099999,48825099999,48831099999,VVNB"
Hanoi,2020-12-09,23.3,13,18.4,23.3,13,18.4,12.2,69.5,0,0,0,,0,0,16.2,13,78.8,1017.3,25.8,7,179.3,15.6,7,,2020-12-09T06:22:20,2020-12-09T17:15:41,0.81,Partially cloudy,Becoming cloudy in the afternoon.,partly-cloudy-day,"48820099999,48823099999,48825099999,48831099999,VVNB"
Hanoi,2020-12-10,24,16.9,20.1,24,16.9,20.1,13.6,67.9,0,0,0,,0,0,21.6,9.4,43.4,1016.8,25.3,6.3,151.3,13.1,6,,2020-12-10T06:22:57,2020-12-10T17:15:58,0.84,Partially cloudy,Partly cloudy throughout the day.,partly-cloudy-day,"48820099999,48823099999,48825099999,48831099999,VVNB"
Hanoi,2020-12-11,24.8,16.5,20.6,24.8,16.5,20.6,15.8,75.5,0,0,0,,0,0,23.4,19.4,110.9,1014.9,60.6,5.4,149.1,13,6,,2020-12-11T06:23:33,2020-12-11T17:16:17,0.88,Partially cloudy,Partly cloudy throughout the day.,partly-cloudy-day,"48820099999,48823099999,48825099999,48831099999,VVNB"
Hanoi,2020-12-12,26.1,19.5,22.2,26.1,19.5,22.2,17,73.6,0.1,100,4.17,rain,0,0,23.4,15.7,121.5,1013.4,63.4,6.5,77.4,6.6,3,,2020-12-12T06:24:10,2020-12-12T17:16:37,0.91,"Rain, Partially cloudy",Partly cloudy throughout the day with early morning rain.,rain,"48820099999,48823099999,48825099999,48831099999,VVNB"
Hanoi,2020-12-13,28,19,23.2,28.9,19,23.3,19.2,80.3,0.3,100,12.5,rain,0,0,20.2,14.8,123.2,1010.9,59.1,6.2,103.7,9,4,,2020-12-13T06:24:45,2020-12-13T17:16:58,0.95,"Rain, Partially cloudy",Partly cloudy throughout the day with rain clearing later.,rain,"48820099999,48823099999,48825099999,48831099999,VVNB"
Hanoi,2020-12-14,27.2,17,22,29,17,22.1,18,78.8,0.002,100,4.17,rain,0,0,40.7,25,54.7,1014.9,89.1,6.7,31.8,2.7,1,,2020-12-14T06:25:21,2020-12-14T17:17:20,0,"Rain, Partially cloudy",Partly cloudy throughout the day with afternoon rain.,rain,"48820099999,48823099999,48825099999,48831099999,VVNB"
Hanoi,2020-12-15,17.9,13,14.2,17.9,13,14.2,9.9,75.9,0.319,100,16.67,rain,0,0,25.9,21.4,40.4,1021.6,95.4,9.2,25.4,2.2,1,,2020-12-15T06:25:55,2020-12-15T17:17:43,0.02,"Rain, Overcast",Cloudy skies throughout the day with a chance of rain throughout the day.,rain,"48820099999,48823099999,48825099999,48831099999,VVNB"
Hanoi,2020-12-16,15.1,11,13.2,15.1,11,13.2,7.1,67.7,0.2,100,12.5,rain,0,0,24.1,17.5,24.4,1024.1,98.2,10,40.1,3.5,2,,2020-12-16T06:26:29,2020-12-16T17:18:08,0.05,"Rain, Overcast",Cloudy skies throughout the day with a chance of rain throughout the day.,rain,"48820099999,48823099999,48825099999,48831099999,VVNB"
Hanoi,2020-12-17,15,11.5,12.9,15,11.5,12.9,6.5,65.4,0.1,100,4.17,rain,0,0,20.2,16.6,18.6,1022.8,96.1,10,67.6,5.9,3,,2020-12-17T06:27:03,2020-12-17T17:18:33,0.08,"Rain, Overcast",Cloudy skies throughout the day with early morning rain.,rain,"48820099999,48823099999,48825099999,48831099999,VVNB"
Hanoi,2020-12-18,16,10.7,13,16,10.7,13,6.6,66.2,0.098,100,4.17,rain,0,0,30.2,21.4,0.7,1024.1,83.1,9.7,54.3,4.6,2,,2020-12-18T06:27:36,2020-12-18T17:19:00,0.11,"Rain, Partially cloudy",Partly cloudy throughout the day with morning rain.,rain,"48820099999,48823099999,48825099999,48831099999,VVNB"
Hanoi,2020-12-19,16.5,13,14.5,16.5,13,14.5,4.6,51.6,0,0,0,,0,0,31.3,18.5,356.5,1026.1,94.9,10,88.6,7.6,3,,2020-12-19T06:28:08,2020-12-19T17:19:27,0.15,Overcast,Cloudy skies throughout the day.,cloudy,"48820099999,48823099999,48825099999,48831099999,VVNB"
Hanoi,2020-12-20,17.1,14,15.3,17.1,14,15.3,3.3,44.6,0,0,0,,0,0,33.8,21.4,359.1,1026.5,79.1,10,122.7,10.8,5,,2020-12-20T06:28:39,2020-12-20T17:19:55,0.18,Partially cloudy,Partly cloudy throughout the day.,partly-cloudy-day,"48820099999,48823099999,48825099999,48831099999,VVNB"
Hanoi,2020-12-21,19,14,16.1,19,14,16.1,2.2,40,0,0,0,,0,0,34.9,18.4,353.7,1024.3,39.4,9.8,187.9,16.2,7,,2020-12-21T06:29:10,2020-12-21T17:20:25,0.21,Partially cloudy,Partly cloudy throughout the day.,partly-cloudy-day,"48820099999,48823099999,48825099999,48831099999,VVNB"
Hanoi,2020-12-22,21,14,18,21,14,18,7.3,51.2,0,0,0,,0,0,20.9,8.5,287.4,1019.9,48.8,8.9,99,8.5,4,,2020-12-22T06:29:39,2020-12-22T17:20:55,0.25,Partially cloudy,Partly cloudy throughout the day.,partly-cloudy-day,"48820099999,48823099999,48825099999,48831099999,VVNB"
Hanoi,2020-12-23,20.5,17,18.5,20.5,17,18.5,10.1,58.6,0,0,0,,0,0,18,13.9,73.7,1017.4,89.8,8,115.4,10,4,,2020-12-23T06:30:08,2020-12-23T17:21:26,0.28,Partially cloudy,Partly cloudy throughout the day.,partly-cloudy-day,"48820099999,48823099999,48825099999,48831099999,VVNB"
Hanoi,2020-12-24,22,17,19.1,22,17,19.1,11.1,60.9,0,0,0,,0,0,19.4,12.1,13.6,1017.6,60.3,8.8,87.4,7.4,4,,2020-12-24T06:30:36,2020-12-24T17:21:58,0.31,Partially cloudy,Partly cloudy throughout the day.,partly-cloudy-day,"48820099999,48823099999,48825099999,48831099999,VVNB"
Hanoi,2020-12-25,22.1,17,19.4,22.1,17,19.4,12.2,64.5,0,0,0,,0,0,17.6,13,98.1,1017.5,36.4,7.3,114.6,9.9,4,,2020-12-25T06:31:03,2020-12-25T17:22:30,0.34,Partially cloudy,Partly cloudy throughout the day.,partly-cloudy-day,"48820099999,48823099999,48825099999,48831099999,VVNB"
Hanoi,2020-12-26,21.9,15.5,19.1,21.9,15.5,19.1,14.7,76.2,0,0,0,,0,0,16.9,11.2,70.9,1015.8,80.4,5.5,101.7,8.9,4,,2020-12-26T06:31:29,2020-12-26T17:23:04,0.37,Partially cloudy,Partly cloudy throughout the day.,partly-cloudy-day,"48820099999,48823099999,48825099999,48831099999,VVNB"
Hanoi,2020-12-27,21,18,19.7,21,18,19.7,17.9,89.4,0.295,100,8.33,rain,0,0,16.2,11.2,40.2,1014.7,79.1,3.6,34.1,2.8,2,,2020-12-27T06:31:54,2020-12-27T17:23:38,0.41,"Rain, Partially cloudy",Partly cloudy throughout the day with rain in the morning and afternoon.,rain,"48820099999,48823099999,48825099999,48831099999,VVNB"
Hanoi,2020-12-28,25.3,19.7,21.6,25.3,19.7,21.6,19.1,86.1,0.106,100,12.5,rain,0,0,31,18,116.6,1012.1,81.9,5.1,76.8,6.6,3,,2020-12-28T06:32:19,2020-12-28T17:24:13,0.44,"Rain, Partially cloudy",Partly cloudy throughout the day with a chance of rain throughout the day.,rain,"48820099999,48823099999,48825099999,48831099999,VVNB"
Hanoi,2020-12-29,27,20,22.8,27.7,20,22.8,18.8,79.9,0.196,100,8.33,rain,0,0,51.8,17.5,110.2,1013.7,68.4,7.4,94,8.1,4,,2020-12-29T06:32:42,2020-12-29T17:24:48,0.47,"Rain, Partially cloudy",Partly cloudy throughout the day with rain in the morning and afternoon.,rain,"48820099999,48823099999,48825099999,48831099999,VVNB"
Hanoi,2020-12-30,21.4,14.5,18.3,21.4,14.5,18.3,5.2,43.8,2.958,100,8.33,rain,0,0,44.6,30.6,34.7,1023.2,92.7,9.8,42.8,3.7,2,,2020-12-30T06:33:04,2020-12-30T17:25:25,0.5,"Rain, Overcast",Cloudy skies throughout the day with rain clearing later.,rain,"48820099999,48823099999,48825099999,48831099999,VVNB"
Hanoi,2020-12-31,18,11,14.7,18,11,14.7,1.5,42.5,0,0,0,,0,0,29.2,16.6,53,1026.1,50.4,9.7,155.3,13.3,7,,2020-12-31T06:33:25,2020-12-31T17:26:01,0.54,Partially cloudy,Partly cloudy throughout the day.,partly-cloudy-day,"48820099999,48823099999,48825099999,48831099999,VVNB"
Hanoi,2021-01-01,18.4,9.5,13.4,18.4,7.5,13.3,-0.3,42.6,0,0,0,,0,0,24.8,14.8,9.6,1025.5,8,9.3,202.6,17.4,7,,2021-01-01T06:33:45,2021-01-01T17:26:38,0.57,Clear,Clear conditions throughout the day.,clear-day,"48820099999,48823099999,48825099999,48831099999,VVNB"
Hanoi,2021-01-02,20,7.7,13.5,20,7.7,13.5,3.9,56.7,0,0,0,,0,0,16.2,9.4,75.9,1022.1,0,7.4,201.9,17.4,7,,2021-01-02T06:34:03,2021-01-02T17:27:16,0.61,Clear,Clear conditions throughout the day.,clear-day,"48820099999,48823099999,48825099999,48831099999,VVNB"
Hanoi,2021-01-03,21,9.7,15.1,21,9.5,15.1,5.6,55,0,0,0,,0,0,22.3,18.4,54.8,1021.8,27.8,7.7,131.1,11.3,5,,2021-01-03T06:34:21,2021-01-03T17:27:54,0.64,Partially cloudy,Becoming cloudy in the afternoon.,partly-cloudy-day,"48820099999,48823099999,48825099999,48831099999,VVNB"
Hanoi,2021-01-04,20,13.7,16.9,20,13.7,16.9,6.1,50.4,0,0,0,,0,0,17.3,9.4,19.9,1021.1,46.6,8.6,147.6,12.7,6,,2021-01-04T06:34:37,2021-01-04T17:28:33,0.68,Partially cloudy,Partly cloudy throughout the day.,partly-cloudy-day,"48820099999,48823099999,48825099999,48831099999,VVNB"
Hanoi,2021-01-05,19.7,14,17.2,19.7,14,17.2,10,63.3,0,0,0,,0,0,16.2,11.2,347.3,1020.3,90.3,5.4,94.8,8.1,4,,2021-01-05T06:34:53,2021-01-05T17:29:12,0.72,Overcast,Cloudy skies throughout the day.,cloudy,"48820099999,48823099999,48825099999,48831099999,VVNB"
Hanoi,2021-01-06,17.8,16,16.5,17.8,16,16.5,10,65.9,0,0,0,,0,0,19.4,13,11.3,1019.1,88,7,81.3,7.1,3,,2021-01-06T06:35:07,2021-01-06T17:29:51,0.75,Partially cloudy,Partly cloudy throughout the day.,partly-cloudy-day,"48820099999,48823099999,48825099999,48831099999,VVNB"
Hanoi,2021-01-07,16.5,12,14.5,16.5,12,14.5,7.7,64,0.007,100,4.17,rain,0,0,27.4,20.5,29.6,1020.1,90,7.9,49.8,4.4,3,,2021-01-07T06:35:19,2021-01-07T17:30:31,0.79,"Rain, Partially cloudy",Partly cloudy throughout the day with afternoon rain.,rain,"48820099999,48823099999,48825099999,48831099999,VVNB"
Hanoi,2021-01-08,12.1,10,11.1,12.1,10,11.1,2.1,54.3,0.7,100,25,rain,0,0,30.2,22.3,18,1025.6,97.1,10,41.7,3.5,2,,2021-01-08T06:35:31,2021-01-08T17:31:11,0.82,"Rain, Overcast",Cloudy skies throughout the day with rain clearing later.,rain,"48820099999,48823099999,48825099999,48831099999,VVNB"
Hanoi,2021-01-09,12.1,9,10.4,12.1,6.7,9.9,-2,42.5,0,0,0,,0,0,24.8,14.8,28.8,1025.2,92.5,10,84.3,7.1,3,,2021-01-09T06:35:41,2021-01-09T17:31:51,0.86,Overcast,Cloudy skies throughout the day.,cloudy,"48820099999,48823099999,48825099999,48831099999,VVNB"
Hanoi,2021-01-10,12.5,10,11,12.5,10,11,-1.8,41.3,0,0,0,,0,0,24.8,13,1.9,1024.3,87.3,10,124.7,10.8,5,,2021-01-10T06:35:50,2021-01-10T17:32:31,0.89,Partially cloudy,Partly cloudy throughout the day.,partly-cloudy-day,"48820099999,48823099999,48825099999,48831099999,VVNB"
Hanoi,2021-01-11,16,11,12.9,16,11,12.9,-1.6,38.1,0,0,0,,0,0,38.5,20.5,352.7,1028.8,89.2,10,62.1,5.3,3,,2021-01-11T06:35:58,2021-01-11T17:33:12,0.93,Partially cloudy,Partly cloudy throughout the day.,partly-cloudy-day,"48820099999,48823099999,48825099999,48831099999,VVNB"
Hanoi,2021-01-12,19,10.7,14.6,19,10.7,14.6,-1.3,36.6,0,0,0,,0,0,28.1,16.6,316.6,1026.3,58,9.9,170.7,14.6,6,,2021-01-12T06:36:04,2021-01-12T17:33:52,0.96,Partially cloudy,Partly cloudy throughout the day.,partly-cloudy-day,"48820099999,48823099999,48825099999,48831099999,VVNB,remote"
Hanoi,2021-01-13,21,9.3,15.3,21,8.8,15.3,3,47.1,0,0,0,,0,0,20.9,18.4,122.2,1018.6,14.8,8.3,203.7,17.6,8,,2021-01-13T06:36:09,2021-01-13T17:34:33,0,Clear,Clear conditions throughout the day.,clear-day,"48820099999,48823099999,48825099999,48831099999,VVNB"
Hanoi,2021-01-14,21,10.8,15.8,21,10.8,15.8,7.5,59.7,0,0,0,,0,0,16.2,11.2,126.2,1017.1,13.3,7.1,194.4,16.8,7,,2021-01-14T06:36:13,2021-01-14T17:35:14,0.03,Clear,Clear conditions throughout the day.,clear-day,"48820099999,48823099999,48825099999,48831099999,VVNB"
Hanoi,2021-01-15,19,11.9,16.1,19,11.9,16.1,12.1,78,0,0,0,,0,0,19.1,14.8,98.4,1015.4,49.6,4.5,130.3,11,6,,2021-01-15T06:36:15,2021-01-15T17:35:54,0.06,Partially cloudy,Partly cloudy throughout the day.,partly-cloudy-day,"48820099999,48823099999,48825099999,48831099999,VVNB,remote"
Hanoi,2021-01-16,20.3,16,18.1,20.3,16,18.1,13.3,73.6,0.1,100,4.17,rain,0,0,17.3,9.4,18.6,1016,67.6,4.6,54.8,4.8,3,,2021-01-16T06:36:16,2021-01-16T17:36:35,0.1,"Rain, Partially cloudy",Partly cloudy throughout the day with early morning rain.,rain,"48820099999,48823099999,48825099999,48831099999,VVNB"
Hanoi,2021-01-17,18,13,15.7,18,13,15.7,9.9,70.3,2.653,100,8.33,rain,0,0,43.9,22.3,3.6,1024.8,86.3,7.2,23.9,2,1,,2021-01-17T06:36:16,2021-01-17T17:37:16,0.13,"Rain, Partially cloudy",Partly cloudy throughout the day with rain in the morning and afternoon.,rain,"48820099999,48823099999,48825099999,48831099999,VVNB"
Hanoi,2021-01-18,19.6,10,15.1,19.6,10,15.1,3.7,47.7,0,0,0,,0,0,24.1,13.5,351.7,1024.3,21.9,9.6,209.1,18.1,8,,2021-01-18T06:36:15,2021-01-18T17:37:57,0.16,Partially cloudy,Partly cloudy throughout the day.,partly-cloudy-day,"48820099999,48823099999,48825099999,48831099999,VVNB"
Hanoi,2021-01-19,21,10,15.2,21,10,15.2,7.9,64.9,0,0,0,,0,0,27.4,16.6,111.1,1018.7,0,7,212,18.3,8,,2021-01-19T06:36:12,2021-01-19T17:38:37,0.19,Clear,Clear conditions throughout the day.,clear-day,"48820099999,48823099999,48825099999,48831099999,VVNB,remote"
Hanoi,2021-01-20,20.6,12,16.3,20.6,12,16.3,11.2,73.2,0,0,0,,0,0,18.7,11.2,77.2,1016.9,38.6,5,107.7,9.3,5,,2021-01-20T06:36:08,2021-01-20T17:39:18,0.22,Partially cloudy,Partly cloudy throughout the day.,partly-cloudy-day,"48820099999,48823099999,48825099999,48831099999,VVNB"
Hanoi,2021-01-21,18.1,16,16.9,18.1,16,16.9,13.5,80.6,0,0,0,,0,0,11.9,9.4,296.4,1015.9,55.8,3.6,67.8,5.7,3,,2021-01-21T06:36:02,2021-01-21T17:39:58,0.25,Partially cloudy,Partly cloudy throughout the day.,partly-cloudy-day,"48820099999,48823099999,48825099999,48831099999,VVNB"
Hanoi,2021-01-22,23,16,18.8,23,16,18.8,13.8,74.1,0,0,0,,0,0,19.1,11.2,294.4,1015.4,25.3,4.1,113.3,9.6,4,,2021-01-22T06:35:55,2021-01-22T17:40:38,0.29,Partially cloudy,Partly cloudy throughout the day.,partly-cloudy-day,"48820099999,48823099999,48825099999,48831099999,VVNB"
Hanoi,2021-01-23,23.7,14,18.9,23.7,14,18.9,13.2,71.4,0,0,0,,0,0,20.9,11.2,85.7,1014.5,20.1,4.8,138.7,11.8,6,,2021-01-23T06:35:47,2021-01-23T17:41:18,0.32,Partially cloudy,Clearing in the afternoon.,partly-cloudy-day,"48820099999,48823099999,48825099999,48831099999,VVNB"
Hanoi,2021-01-24,24.5,16,20.1,24.5,16,20.1,14.4,71,0,0,0,,0,0,33.1,18.4,116,1013.1,24.6,5.5,151.1,13.1,6,,2021-01-24T06:35:37,2021-01-24T17:41:57,0.35,Partially cloudy,Partly cloudy throughout the day.,partly-cloudy-day,"48820099999,48823099999,48825099999,48831099999,VVNB"
Hanoi,2021-01-25,22,19,20.5,22,19,20.5,18.1,86.2,0.1,100,8.33,rain,0,0,19.1,14.8,126.9,1014.9,71.6,4.4,50,4.4,3,,2021-01-25T06:35:27,2021-01-25T17:42:37,0.38,"Rain, Partially cloudy",Partly cloudy throughout the day with rain in the morning and afternoon.,rain,"48820099999,48823099999,48825099999,48831099999,VVNB"
Hanoi,2021-01-26,25,19,21.3,25,19,21.3,16.9,77,0.8,100,25,rain,0,0,25.9,20.5,140.2,1016.1,57.4,7.3,105.4,9.1,4,,2021-01-26T06:35:14,2021-01-26T17:43:16,0.42,"Rain, Partially cloudy",Partly cloudy throughout the day with a chance of rain throughout the day.,rain,"48820099999,48823099999,48825099999,48831099999,VVNB"
Hanoi,2021-01-27,23.8,18,20.7,23.8,18,20.7,15.7,73.6,0,0,0,,0,0,24.1,16.6,118,1015.8,89.4,8.5,85.3,7.2,3,,2021-01-27T06:35:01,2021-01-27T17:43:54,0.45,Partially cloudy,Partly cloudy throughout the day.,partly-cloudy-day,"48820099999,48823099999,48825099999,48831099999,VVNB"
Hanoi,2021-01-28,20,16,18.4,20,16,18.4,13.7,74.7,0.295,100,4.17,rain,0,0,36.4,22.3,45.5,1021.1,93.7,8.3,36.8,3.1,2,,2021-01-28T06:34:46,2021-01-28T17:44:33,0.48,"Rain, Overcast",Cloudy skies throughout the day with afternoon rain.,rain,"48820099999,48823099999,48825099999,48831099999,VVNB"
Hanoi,2021-01-29,22,16,18.3,22,16,18.3,11.8,67.2,0,0,0,,0,0,18.7,14.8,104.6,1020.9,74,8.2,97.6,8.5,4,,2021-01-29T06:34:30,2021-01-29T17:45:11,0.5,Partially cloudy,Partly cloudy throughout the day.,partly-cloudy-day,"48820099999,48823099999,48825099999,48831099999,VVNB"
Hanoi,2021-01-30,19.4,15,17.5,19.4,15,17.5,14.4,82.8,0.002,100,4.17,rain,0,0,22.7,14.8,83.7,1019.8,81.5,5,73,6.3,4,,2021-01-30T06:34:13,2021-01-30T17:45:48,0.55,"Rain, Partially cloudy",Partly cloudy throughout the day with afternoon rain.,rain,"48820099999,48823099999,48825099999,48831099999,VVNB"
Hanoi,2021-01-31,19,17,18.3,19,17,18.3,15.9,86.4,0.984,100,4.17,rain,0,0,20.5,9.4,99.2,1019.3,87.1,3.9,41.9,3.7,3,,2021-01-31T06:33:54,2021-01-31T17:46:26,0.59,"Rain, Partially cloudy",Partly cloudy throughout the day with afternoon rain.,rain,"48820099999,48823099999,48825099999,48831099999,VVNB"
Hanoi,2021-02-01,23.1,18,20.2,23.1,18,20.2,16.7,80.8,0.3,100,12.5,rain,0,0,21.2,14.8,129.7,1018.2,71.8,5.8,87.2,7.4,3,,2021-02-01T06:33:34,2021-02-01T17:47:03,0.62,"Rain, Partially cloudy",Partly cloudy throughout the day with rain in the morning and afternoon.,rain,"48820099999,48823099999,48825099999,48831099999,VVNB"
Hanoi,2021-02-02,23,18.7,20.6,23,18.7,20.6,16.8,79.4,0.4,100,16.67,rain,0,0,22.3,13,117.6,1018.8,71.2,7,87.7,7.4,4,,2021-02-02T06:33:13,2021-02-02T17:47:39,0.66,"Rain, Partially cloudy",Partly cloudy throughout the day with rain in the morning and afternoon.,rain,"48820099999,48823099999,48825099999,48831099999,VVNB"
Hanoi,2021-02-03,26,18,21.1,26,18,21.1,16.1,75.1,0,0,0,,0,0,21.6,16.6,128.9,1019.3,42.3,7.3,95.4,8.3,5,,2021-02-03T06:32:51,2021-02-03T17:48:15,0.69,Partially cloudy,Partly cloudy throughout the day.,partly-cloudy-day,"48820099999,48823099999,48825099999,48831099999,remote,VVNB"
Hanoi,2021-02-04,24,17,20.1,24,17,20.1,16.5,80.7,0.098,100,4.17,rain,0,0,23,13,103.5,1020,51.5,6.4,91.1,7.9,3,,2021-02-04T06:32:27,2021-02-04T17:48:51,0.73,"Rain, Partially cloudy",Partly cloudy throughout the day with afternoon rain.,rain,"48820099999,48823099999,48825099999,48831099999,VVNB"
Hanoi,2021-02-05,26,17,21.1,26,17,21.1,15.7,73.5,0,0,0,,0,0,19.4,14.8,115.2,1018.1,42.4,6.9,101.8,8.7,5,,2021-02-05T06:32:03,2021-02-05T17:49:26,0.75,Partially cloudy,Partly cloudy throughout the day.,partly-cloudy-day,"48820099999,48823099999,48825099999,48831099999,VVNB"
Hanoi,2021-02-06,24.7,17,20.3,24.7,17,20.3,15.7,76.1,0,0,0,,0,0,20.5,14.8,113.5,1017,36.8,6.7,167.8,14.4,7,,2021-02-06T06:31:37,2021-02-06T17:50:01,0.8,Partially cloudy,Partly cloudy throughout the day.,partly-cloudy-day,"48820099999,48823099999,48825099999,48831099999,VVNB"
Hanoi,2021-02-07,26,17,21.3,26,17,21.3,15.5,71.8,0,0,0,,0,0,19.1,13,103.2,1016,47.5,6,124.3,10.8,6,,2021-02-07T06:31:10,2021-02-07T17:50:35,0.84,Partially cloudy,Partly cloudy throughout the day.,partly-cloudy-day,"48820099999,48823099999,48825099999,48831099999,VVNB"
Hanoi,2021-02-08,23.6,16.7,20.5,23.6,16.7,20.5,16.6,78.4,1.974,100,8.33,rain,0,0,20.9,24.1,298.8,1017.6,59.1,6.7,132.9,11.4,6,,2021-02-08T06:30:41,2021-02-08T17:51:09,0.87,"Rain, Partially cloudy",Partly cloudy throughout the day with rain.,rain,"48820099999,48823099999,48825099999,48831099999,VVNB"
Hanoi,2021-02-09,17,15,15.9,17,15,15.9,14.3,90,42.772,100,16.67,rain,0,0,29.9,20.5,303.2,1017.2,88.4,8,35.6,3.2,2,,2021-02-09T06:30:12,2021-02-09T17:51:42,0.91,"Rain, Partially cloudy",Partly cloudy throughout the day with a chance of rain throughout the day.,rain,"48820099999,48823099999,48825099999,48831099999,VVNB"
Hanoi,2021-02-10,23.8,14,17.9,23.8,14,17.9,12.9,75,0.003,100,4.17,rain,0,0,29.5,13,284.3,1015.7,39.1,6.7,189.1,16.3,7,,2021-02-10T06:29:42,2021-02-10T17:52:15,0.94,"Rain, Partially cloudy",Clearing in the afternoon with early morning rain.,rain,"48820099999,48823099999,48825099999,48831099999,VVNB"
Hanoi,2021-02-11,24,14.7,19.4,24,14.7,19.4,13.2,69.8,0,0,0,,0,0,16.2,14.8,80.7,1016.2,34.8,7.7,171.8,14.7,7,,2021-02-11T06:29:10,2021-02-11T17:52:47,0.98,Partially cloudy,Partly cloudy throughout the day.,partly-cloudy-day,"48820099999,48823099999,48825099999,48831099999,VVNB"
Hanoi,2021-02-12,22,17,19.3,22,17,19.3,14.5,74.4,0,0,0,,0,0,19.1,16.6,118.4,1017.1,52.3,7.4,91,7.8,3,,2021-02-12T06:28:38,2021-02-12T17:53:19,0,Partially cloudy,Partly cloudy throughout the day.,partly-cloudy-day,VVNB
Hanoi,2021-02-13,23,15,19.5,23,15,19.5,13.2,68.8,0,0,0,,0,0,25.9,16.6,114,1016.9,50.4,8.5,174.4,15.2,7,,2021-02-13T06:28:04,2021-02-13T17:53:50,0.05,Partially cloudy,Partly cloudy throughout the day.,partly-cloudy-day,"48820099999,48823099999,48825099999,48831099999,VVNB"
Hanoi,2021-02-14,26,19,21.8,26,19,21.8,13.4,60.4,0,0,0,,0,0,17.6,13,148.9,1016.2,38.2,10.1,179.7,15.7,7,,2021-02-14T06:27:30,2021-02-14T17:54:21,0.08,Partially cloudy,Partly cloudy throughout the day.,partly-cloudy-day,"48820099999,48823099999,48825099999,48831099999,VVNB"
Hanoi,2021-02-15,22.5,17,20.2,22.5,17,20.2,17,82,0,0,0,,0,0,29.5,13,98.8,1013.7,65.4,6.7,133.9,11.6,5,,2021-02-15T06:26:54,2021-02-15T17:54:51,0.11,Partially cloudy,Partly cloudy throughout the day.,partly-cloudy-day,"48820099999,48823099999,48825099999,48831099999,VVNB"
Hanoi,2021-02-16,22.6,19,20.3,22.6,19,20.3,17.3,83,0.491,100,8.33,rain,0,0,23,11.2,75.4,1014.8,83.6,6.9,70.5,6.1,4,,2021-02-16T06:26:17,2021-02-16T17:55:21,0.14,"Rain, Partially cloudy",Partly cloudy throughout the day with rain in the morning and afternoon.,rain,"48820099999,48823099999,48825099999,48831099999,VVNB"
Hanoi,2021-02-17,21.5,19,20,21.5,19,20,14.2,69.8,1.5,100,25,rain,0,0,33.5,20.5,347.5,1020.1,81.7,9.2,60.6,5.3,3,,2021-02-17T06:25:40,2021-02-17T17:55:51,0.17,"Rain, Partially cloudy",Partly cloudy throughout the day with rain clearing later.,rain,"48820099999,48823099999,48825099999,48831099999,VVNB"
Hanoi,2021-02-18,23,18,20.2,23,18,20.2,13.7,66.8,0,0,0,,0,0,16.6,11.2,290.8,1023.3,63.2,9.2,87.8,7.6,4,,2021-02-18T06:25:01,2021-02-18T17:56:19,0.21,Partially cloudy,Partly cloudy throughout the day.,partly-cloudy-day,"48820099999,48823099999,48825099999,48831099999,VVNB"
Hanoi,2021-02-19,23.1,18,20.4,23.1,18,20.4,15.2,73.2,0,0,0,,0,0,18.4,13,134.7,1022.8,49.3,6.5,133.7,11.5,7,,2021-02-19T06:24:22,2021-02-19T17:56:48,0.24,Partially cloudy,Partly cloudy throughout the day.,partly-cloudy-day,"48820099999,48823099999,48825099999,48831099999,VVNB"
Hanoi,2021-02-20,25,16,20.6,25,16,20.6,12.5,62.9,0,0,0,,0,0,23.8,14.8,132.7,1019.4,34.8,6.2,223.7,19.3,8,,2021-02-20T06:23:42,2021-02-20T17:57:16,0.25,Partially cloudy,Partly cloudy throughout the day.,partly-cloudy-day,"48823099999,48825099999,VVNB"
Hanoi,2021-02-21,27,17,21.4,26.9,17,21.3,14.2,66.1,0,0,0,,0,0,33.1,22.3,120.4,1015.4,21.8,8.1,237.6,20.6,9,,2021-02-21T06:23:01,2021-02-21T17:57:43,0.3,Partially cloudy,Partly cloudy throughout the day.,partly-cloudy-day,"48823099999,48825099999,48831099999,remote,VVNB"
Hanoi,2021-02-22,25.2,20,22,25.2,20,22,16.9,73.6,0.1,100,4.17,rain,0,0,24.8,20.5,130.9,1014.5,87,7.6,112.9,9.7,4,,2021-02-22T06:22:19,2021-02-22T17:58:10,0.33,"Rain, Partially cloudy",Partly cloudy throughout the day with morning rain.,rain,"48820099999,48823099999,48825099999,48831099999,VVNB"
Hanoi,2021-02-23,25.5,20,22.4,25.5,20,22.4,17.2,73.3,0,0,0,,0,0,20.9,13,120.6,1014.1,89.5,7.1,152.7,13.3,6,,2021-02-23T06:21:36,2021-02-23T17:58:37,0.37,Partially cloudy,Partly cloudy throughout the day.,partly-cloudy-day,"48820099999,48823099999,48825099999,48831099999,VVNB"
Hanoi,2021-02-24,25.4,20.7,22.6,25.4,20.7,22.6,17.8,75.1,0,0,0,,0,0,38.5,22.3,137.6,1010.5,83.2,8.8,121.9,10.4,5,,2021-02-24T06:20:53,2021-02-24T17:59:03,0.4,Partially cloudy,Partly cloudy throughout the day.,partly-cloudy-day,"48820099999,48823099999,48825099999,48831099999,VVNB"
Hanoi,2021-02-25,26.2,20.7,23,26.2,20.7,23,19.2,79.7,0.098,100,4.17,rain,0,0,34.9,18.4,126,1006.9,91.6,8.4,131.2,11.3,6,,2021-02-25T06:20:09,2021-02-25T17:59:28,0.43,"Rain, Overcast",Cloudy skies throughout the day with afternoon rain.,rain,"48820099999,48823099999,48825099999,48831099999,VVNB,remote"
Hanoi,2021-02-26,27,21.7,23.8,28,21.7,23.9,19.4,77.6,0.098,100,4.17,rain,0,0,34.2,16.6,120.7,1006.9,76,7.9,83.6,7.2,4,,2021-02-26T06:19:24,2021-02-26T17:59:53,0.46,"Rain, Partially cloudy",Partly cloudy throughout the day with early morning rain.,rain,"48820099999,48823099999,48825099999,48831099999,VVNB"
Hanoi,2021-02-27,23.1,16,18.9,23.1,16,18.9,15.8,82,5.897,100,8.33,rain,0,0,32.4,20.5,66.9,1011.5,89,8.6,39.9,3.5,2,,2021-02-27T06:18:38,2021-02-27T18:00:18,0.5,"Rain, Partially cloudy",Partly cloudy throughout the day with rain in the morning and afternoon.,rain,"48820099999,48823099999,48825099999,48831099999,VVNB,remote"
Hanoi,2021-02-28,18.8,16,17.3,18.8,16,17.3,16.3,94.2,1.319,100,8.33,rain,0,0,11.2,13,67,1012.2,93.8,3.3,32.7,2.7,2,,2021-02-28T06:17:52,2021-02-28T18:00:43,0.53,"Rain, Overcast",Cloudy skies throughout the day with rain.,rain,"48820099999,48823099999,48825099999,48831099999,VVNB"
Hanoi,2021-03-01,23.2,18,20.6,23.2,18,20.6,19.7,95,0.705,100,8.33,rain,0,0,39.2,13,326.8,1014,94.8,3.3,70.2,6.2,3,,2021-03-01T06:17:05,2021-03-01T18:01:06,0.57,"Rain, Overcast",Cloudy skies throughout the day with rain.,rain,"48820099999,48823099999,48825099999,48831099999,VVNB"
Hanoi,2021-03-02,21,18.9,19.9,21,18.9,19.9,12.3,62.8,0.936,100,12.5,rain,0,0,27.4,24.1,42.6,1018.4,97.8,9.8,64.8,5.4,3,,2021-03-02T06:16:17,2021-03-02T18:01:30,0.6,"Rain, Overcast",Cloudy skies throughout the day with a chance of rain throughout the day.,rain,"48820099999,48823099999,48825099999,48831099999,VVNB"
Hanoi,2021-03-03,19,16.9,18.1,19,16.9,18.1,14.4,79.4,0.002,100,4.17,rain,0,0,17.6,14.8,58.2,1018.4,92.4,7.1,44.8,3.8,2,,2021-03-03T06:15:29,2021-03-03T18:01:53,0.64,"Rain, Overcast",Cloudy skies throughout the day with afternoon rain.,rain,"48820099999,48823099999,48825099999,48831099999,VVNB"
Hanoi,2021-03-04,18.9,16,17.1,18.9,16,17.1,15.3,89.5,4,100,8.33,rain,0,0,18.4,11.2,48.3,1016.3,93.4,5.9,61.6,5.3,2,,2021-03-04T06:14:41,2021-03-04T18:02:16,0.67,"Rain, Overcast",Cloudy skies throughout the day with rain clearing later.,rain,"48820099999,48823099999,48825099999,48831099999,VVNB,remote"
Hanoi,2021-03-05,20.8,17,19.2,20.8,17,19.2,18.2,93.8,0.69,100,4.17,rain,0,0,20.2,11.2,68.6,1012.9,95.9,2.7,89.6,7.7,3,,2021-03-05T06:13:51,2021-03-05T18:02:38,0.71,"Rain, Overcast",Cloudy skies throughout the day with early morning rain.,rain,"48820099999,48823099999,48825099999,48831099999,VVNB"
Hanoi,2021-03-06,27.1,19.9,23,28.8,19.9,23.2,20.3,85.9,0.397,100,8.33,rain,0,0,21.2,18.4,50,1013.7,78.2,5.6,143,12.3,6,,2021-03-06T06:13:02,2021-03-06T18:03:00,0.75,"Rain, Partially cloudy",Partly cloudy throughout the day with rain.,rain,"48820099999,48823099999,48825099999,48831099999,VVNB"
Hanoi,2021-03-07,25,22,22.9,25,22,22.9,17.7,73.7,0.231,100,4.17,rain,0,0,28.1,18.4,93.6,1016.5,77.3,8.7,58.3,5,3,,2021-03-07T06:12:11,2021-03-07T18:03:22,0.78,"Rain, Partially cloudy",Partly cloudy throughout the day with morning rain.,rain,"48820099999,48823099999,48825099999,48831099999,VVNB"
Hanoi,2021-03-08,24,19.9,21.6,24,19.9,21.6,20.5,93.2,0.005,100,4.17,rain,0,0,23.8,18.4,130.5,1016.2,94,5.1,57.9,5,2,,2021-03-08T06:11:21,2021-03-08T18:03:44,0.81,"Rain, Overcast",Cloudy skies throughout the day with afternoon rain.,rain,"48820099999,48823099999,48825099999,48831099999,VVNB"
Hanoi,2021-03-09,26,21.7,23.4,26,21.7,23.4,21.8,90.8,1.5,100,37.5,rain,0,0,38.2,20.5,130.6,1015.7,91.6,7.1,129.7,11.3,6,,2021-03-09T06:10:30,2021-03-09T18:04:05,0.85,"Rain, Overcast",Cloudy skies throughout the day with a chance of rain throughout the day.,rain,"48820099999,48823099999,48825099999,48831099999,VVNB"
Hanoi,2021-03-10,27.1,22,24,29.1,22,24.3,20.8,83.5,0.003,100,4.17,rain,0,0,40.3,25.9,126,1015.3,83.1,7.7,118.3,10.2,5,,2021-03-10T06:09:38,2021-03-10T18:04:25,0.89,"Rain, Partially cloudy",Partly cloudy throughout the day with morning rain.,rain,"48820099999,48823099999,48825099999,48831099999,VVNB"
Hanoi,2021-03-11,26,22,23.8,26,22,23.8,20.8,83.9,0.786,100,4.17,rain,0,0,32.8,18.4,125.2,1016.7,78.1,8.3,91.7,7.8,4,,2021-03-11T06:08:46,2021-03-11T18:04:46,0.92,"Rain, Partially cloudy",Partly cloudy throughout the day with afternoon rain.,rain,"48820099999,48823099999,48825099999,48831099999,VVNB"
Hanoi,2021-03-12,28,21.9,24.3,28.9,21.9,24.4,20.2,79.8,0.4,100,12.5,rain,0,0,25.2,18.4,141.9,1017.1,64.2,7.6,166.1,14.3,8,,2021-03-12T06:07:54,2021-03-12T18:05:06,0.96,"Rain, Partially cloudy",Partly cloudy throughout the day with rain in the morning and afternoon.,rain,"48820099999,48823099999,48825099999,48831099999,VVNB"
Hanoi,2021-03-13,25,21.7,23.2,25,21.7,23.2,20.7,86.2,0.002,100,4.17,rain,0,0,23,13,122.4,1016.7,59.5,6.9,135.5,11.8,5,,2021-03-13T06:07:01,2021-03-13T18:05:26,0,"Rain, Partially cloudy",Partly cloudy throughout the day with afternoon rain.,rain,"48820099999,48823099999,48825099999,48831099999,VVNB"
Hanoi,2021-03-14,27,19,23.3,27.7,19,23.3,19.2,79.6,0.1,100,4.17,rain,0,0,27.7,18.4,132,1014,31.3,7.3,142.8,12.4,5,,2021-03-14T06:06:09,2021-03-14T18:05:46,0.03,"Rain, Partially cloudy",Partly cloudy throughout the day with afternoon rain.,rain,"48820099999,48823099999,48825099999,48831099999,VVNB"
Hanoi,2021-03-15,26,21,23.7,26,21,23.7,19.9,80.1,0.2,100,8.33,rain,0,0,36.7,18.4,133.4,1011.2,75.8,7.8,122.1,10.6,4,,2021-03-15T06:05:15,2021-03-15T18:06:06,0.06,"Rain, Partially cloudy",Partly cloudy throughout the day with afternoon rain.,rain,"48820099999,48823099999,48825099999,48831099999,VVNB"
Hanoi,2021-03-16,24.1,22,23.4,24.1,22,23.4,22,92.3,1.974,100,8.33,rain,0,0,35.6,18.4,130.1,1010.9,90.9,6,90.8,7.8,3,,2021-03-16T06:04:22,2021-03-16T18:06:25,0.09,"Rain, Overcast",Cloudy skies throughout the day with rain in the morning and afternoon.,rain,"48820099999,48823099999,48825099999,48831099999,VVNB"
Hanoi,2021-03-17,26,23,24.3,26,23,24.3,22.1,87.3,0.5,100,20.83,rain,0,0,34.9,18.4,129.9,1010.7,89.3,7.4,83.1,7.2,3,,2021-03-17T06:03:28,2021-03-17T18:06:44,0.12,"Rain, Partially cloudy",Partly cloudy throughout the day with rain in the morning and afternoon.,rain,"48820099999,48823099999,48825099999,48831099999,VVNB"
Hanoi,2021-03-18,26.3,23,24.3,26.3,23,24.3,22.4,89.4,0.393,100,8.33,rain,0,0,29.5,18.4,128.8,1010.3,90.2,6.7,106.8,9.2,4,,2021-03-18T06:02:35,2021-03-18T18:07:03,0.16,"Rain, Overcast",Cloudy skies throughout the day with rain in the morning and afternoon.,rain,"48820099999,48823099999,48825099999,48831099999,VVNB"
Hanoi,2021-03-19,27,23,24.7,29.6,23,25.1,22.4,87.6,0.196,100,8.33,rain,0,0,34.6,20.5,133.6,1009,93.3,7.6,115.9,10,5,,2021-03-19T06:01:41,2021-03-19T18:07:22,0.19,"Rain, Overcast",Cloudy skies throughout the day with rain.,rain,"48820099999,48823099999,48825099999,48831099999,VVNB"
Hanoi,2021-03-20,26,23,24.2,26,23,24.2,23.3,94.6,0.596,100,8.33,rain,0,0,30.2,14.8,129.8,1008.5,92.5,5.8,81.6,6.9,3,,2021-03-20T06:00:47,2021-03-20T18:07:41,0.22,"Rain, Overcast",Cloudy skies throughout the day with rain in the morning and afternoon.,rain,"48820099999,48823099999,48825099999,48831099999,VVNB"
Hanoi,2021-03-21,24,18,20.9,24,18,20.9,16.6,77.5,13.842,100,8.33,rain,0,0,49,33.5,43.6,1015.2,98,8,34.6,2.9,2,,2021-03-21T05:59:52,2021-03-21T18:08:00,0.25,"Rain, Overcast",Cloudy skies throughout the day with rain.,rain,"48820099999,48823099999,48825099999,48831099999,VVNB"
Hanoi,2021-03-22,20.1,17,18.3,20.1,17,18.3,6.5,46.2,0.1,100,4.17,rain,0,0,31.3,18.4,7.6,1023.9,95.1,10,61.9,5.4,3,,2021-03-22T05:58:58,2021-03-22T18:08:18,0.29,"Rain, Overcast",Cloudy skies throughout the day with early morning rain.,rain,"48820099999,48823099999,48825099999,48831099999,VVNB"
Hanoi,2021-03-23,22.7,17,19.2,22.7,17,19.2,7.9,49.2,0,0,0,,0,0,20.2,11.2,65,1020.5,50,9.8,215,18.6,8,,2021-03-23T05:58:04,2021-03-23T18:08:37,0.32,Partially cloudy,Clearing in the afternoon.,partly-cloudy-day,"48820099999,48823099999,48825099999,48831099999,VVNB"
Hanoi,2021-03-24,21.3,18,19.8,21.3,18,19.8,14.3,71.1,0,0,0,,0,0,22.7,11.2,120.2,1015.9,92.5,6.9,180.2,15.7,7,,2021-03-24T05:57:09,2021-03-24T18:08:55,0.35,Overcast,Cloudy skies throughout the day.,cloudy,"48820099999,48823099999,48825099999,48831099999,VVNB"
Hanoi,2021-03-25,22.3,19,20.1,22.3,19,20.1,18.8,92.8,0.003,100,4.17,rain,0,0,19.4,13,89,1013.9,98.7,3.3,63.2,5.6,3,,2021-03-25T05:56:15,2021-03-25T18:09:13,0.38,"Rain, Overcast",Cloudy skies throughout the day with afternoon rain.,rain,"48820099999,48823099999,48825099999,48831099999,VVNB"
Hanoi,2021-03-26,25,20,22.9,25,20,22.9,21.7,93.2,0.993,100,12.5,rain,0,0,33.8,18.4,132.2,1011.3,95.4,5,72.3,6.3,3,,2021-03-26T05:55:21,2021-03-26T18:09:31,0.42,"Rain, Overcast",Cloudy skies throughout the day with a chance of rain throughout the day.,rain,"48820099999,48823099999,48825099999,48831099999,VVNB,remote"
Hanoi,2021-03-27,25.3,22,23.2,25.3,22,23.2,22.5,95.4,0.304,100,8.33,rain,0,0,33.8,18.4,131.2,1009.2,94.4,5.2,95,8.1,4,,2021-03-27T05:54:26,2021-03-27T18:09:49,0.45,"Rain, Overcast",Cloudy skies throughout the day with rain in the morning and afternoon.,rain,"48820099999,48823099999,48825099999,48831099999,VVNB"
Hanoi,2021-03-28,24.5,22,23.5,24.5,22,23.5,22.8,96.3,0.61,100,12.5,rain,0,0,31,13,118.7,1008.2,96.5,4.6,74.2,6.4,3,,2021-03-28T05:53:32,2021-03-28T18:10:07,0.48,"Rain, Overcast",Cloudy skies throughout the day with a chance of rain throughout the day.,rain,"48820099999,48823099999,48825099999,48831099999,VVNB"
Hanoi,2021-03-29,29,23,25.3,34.5,23,26.5,23.7,91.5,0.1,100,4.17,rain,0,0,28.1,14.8,113.6,1004.4,91.8,5.1,211.4,18.3,8,,2021-03-29T05:52:38,2021-03-29T18:10:26,0.5,"Rain, Overcast",Cloudy skies throughout the day with early morning rain.,rain,"48820099999,48823099999,48825099999,48831099999,VVNB"
Hanoi,2021-03-30,27.7,24,25.2,31.4,24,25.5,24.1,93.8,0,0,0,,0,0,24.8,14.8,98.2,1002.1,93.2,4.2,221.8,19.2,9,,2021-03-30T05:51:44,2021-03-30T18:10:44,0.55,Overcast,Cloudy skies throughout the day.,cloudy,"48820099999,48823099999,48825099999,48831099999,VVNB"
Hanoi,2021-03-31,29.8,24,26,35.7,24,27.5,24.4,91.1,0,0,0,,0,0,28.4,18.4,99.6,1001.7,91,6.1,269.1,23.3,9,,2021-03-31T05:50:50,2021-03-31T18:11:02,0.58,Overcast,Cloudy skies throughout the day.,cloudy,"48820099999,48823099999,48825099999,48831099999,VVNB,remote"
Hanoi,2021-04-01,29,24,26.2,34.5,24,27.6,24.4,89.9,0,0,0,,0,0,25.6,16.6,113.1,1003.4,90,6.7,252.6,21.8,9,,2021-04-01T05:49:56,2021-04-01T18:11:20,0.62,Partially cloudy,Partly cloudy throughout the day.,partly-cloudy-day,"48820099999,48823099999,48825099999,48831099999,VVNB"
Hanoi,2021-04-02,27.2,24.9,25.5,31.2,24.9,25.9,24.6,95.3,0.108,100,8.33,rain,0,0,26.6,14.8,116.4,1006.5,95.1,5.2,144.8,12.5,5,,2021-04-02T05:49:02,2021-04-02T18:11:38,0.65,"Rain, Overcast",Cloudy skies throughout the day with rain in the morning and afternoon.,rain,"48820099999,48823099999,48825099999,48831099999,VVNB"
Hanoi,2021-04-03,27.2,25,25.3,30.6,25,25.6,24.3,94.4,0.493,100,8.33,rain,0,0,28.8,16.6,112.5,1009.6,93.5,6.5,66.8,5.8,4,,2021-04-03T05:48:09,2021-04-03T18:11:56,0.69,"Rain, Overcast",Cloudy skies throughout the day with rain.,rain,"48820099999,48823099999,48825099999,48831099999,VVNB"
Hanoi,2021-04-04,29.5,22,25.6,33.6,22,26.8,23.5,88.8,11.1,100,37.5,rain,0,0,28.4,16.6,102.5,1012.1,81.6,6.2,127,10.9,4,,2021-04-04T05:47:16,2021-04-04T18:12:15,0.75,"Rain, Partially cloudy",Partly cloudy throughout the day with rain.,rain,"48820099999,48823099999,48825099999,48831099999,VVNB"
Hanoi,2021-04-05,25.1,21,22.8,25.1,21,22.8,21,90.1,6.976,100,8.33,rain,0,0,27.7,14.8,65.8,1015.2,82.2,8.3,149.7,13.1,6,,2021-04-05T05:46:23,2021-04-05T18:12:33,0.76,"Rain, Partially cloudy",Partly cloudy throughout the day with rain.,rain,"48820099999,48823099999,48825099999,48831099999,VVNB"
Hanoi,2021-04-06,30,22,25,32.6,22,25.8,21.7,82.8,0.197,100,4.17,rain,0,0,32,22.3,99.7,1014.8,72.7,7.6,114.4,9.8,5,,2021-04-06T05:45:30,2021-04-06T18:12:51,0.79,"Rain, Partially cloudy",Partly cloudy throughout the day with morning rain.,rain,"48820099999,48823099999,48825099999,48831099999,VVNB"
Hanoi,2021-04-07,30,23.9,25.8,32.2,23.9,26.5,22.3,82.4,0.1,100,4.17,rain,0,0,30.2,18.4,128.3,1012.9,60,8.3,147.2,12.6,6,,2021-04-07T05:44:38,2021-04-07T18:13:10,0.83,"Rain, Partially cloudy",Partly cloudy throughout the day with afternoon rain.,rain,"48820099999,48823099999,48825099999,48831099999,VVNB"
Hanoi,2021-04-08,30,24,26.2,33.2,24,27.6,23,83.6,0.872,100,4.17,rain,0,0,34.9,20.5,121.7,1011,75.6,8.1,193.7,16.7,8,,2021-04-08T05:43:46,2021-04-08T18:13:29,0.86,"Rain, Partially cloudy",Partly cloudy throughout the day with afternoon rain.,rain,"48820099999,48823099999,48825099999,48831099999,VVNB"
Hanoi,2021-04-09,24.2,19,20.8,24.2,19,20.8,18.5,86.9,10.12,100,8.33,rain,0,0,20.9,22.3,38.1,1014.5,98.1,9.1,48.2,4.1,2,,2021-04-09T05:42:55,2021-04-09T18:13:47,0.9,"Rain, Overcast",Cloudy skies throughout the day with rain in the morning and afternoon.,rain,"48820099999,48823099999,48825099999,48831099999,VVNB"
Hanoi,2021-04-10,21,18,19.5,21,18,19.5,18.7,95.2,1.482,100,12.5,rain,0,0,16.6,13,43,1016.2,95.4,4.5,69.2,5.8,3,,2021-04-10T05:42:04,2021-04-10T18:14:06,0.93,"Rain, Overcast",Cloudy skies throughout the day with a chance of rain throughout the day.,rain,"48820099999,48823099999,48825099999,48831099999,VVNB"
Hanoi,2021-04-11,29,20,24.3,32.2,20,25.2,22.1,88,0.791,100,8.33,rain,0,0,34.9,20.5,123.4,1015.2,83.6,6.2,143.4,12.5,6,,2021-04-11T05:41:13,2021-04-11T18:14:25,0.97,"Rain, Partially cloudy",Partly cloudy throughout the day with rain.,rain,"48820099999,48823099999,48825099999,48831099999,VVNB,remote"
Hanoi,2021-04-12,30,23,26.4,33.1,23,27.8,22.6,80.8,0.1,100,4.17,rain,0,0,33.1,20.5,133.2,1013.1,87.2,8.5,151.9,13.1,5,,2021-04-12T05:40:22,2021-04-12T18:14:45,0,"Rain, Partially cloudy",Partly cloudy throughout the day with morning rain.,rain,"48820099999,48823099999,48825099999,48831099999,VVNB"
Hanoi,2021-04-13,27.6,24,25.8,30.8,24,26.6,23.7,88.8,0,0,0,,0,0,33.5,18.4,124.6,1011.9,93.2,9,139.1,12,5,,2021-04-13T05:39:33,2021-04-13T18:15:04,0.04,Overcast,Cloudy skies throughout the day.,cloudy,"48820099999,48823099999,48825099999,48831099999,VVNB"
Hanoi,2021-04-14,30,24.5,26.8,34.8,24.5,28.4,23.6,83.6,0.4,100,12.5,rain,0,0,31.7,20.5,114.5,1009.9,83.7,8.9,147.9,12.8,5,,2021-04-14T05:38:43,2021-04-14T18:15:23,0.07,"Rain, Partially cloudy",Partly cloudy throughout the day with rain in the morning and afternoon.,rain,"48820099999,48823099999,48825099999,48831099999,VVNB"
Hanoi,2021-04-15,27.5,24.9,25.9,31.4,24.9,27.2,24.5,91.8,3.636,100,8.33,rain,0,0,34.9,18.4,118.9,1009,91.2,8.8,142.8,12.2,6,,2021-04-15T05:37:54,2021-04-15T18:15:43,0.1,"Rain, Overcast",Cloudy skies throughout the day with rain in the morning and afternoon.,rain,"48820099999,48823099999,48825099999,48831099999,VVNB"
Hanoi,2021-04-16,30,25,27.1,34,25,28.9,23.7,83.1,3.7,100,54.17,rain,0,0,29.5,20.5,125.7,1010.4,80.8,8.8,87,7.4,4,,2021-04-16T05:37:06,2021-04-16T18:16:03,0.14,"Rain, Partially cloudy",Partly cloudy throughout the day with a chance of rain throughout the day.,rain,"48820099999,48823099999,48825099999,48831099999,VVNB"
Hanoi,2021-04-17,25.7,22,23,25.7,22,23,21.7,92.5,123.724,100,12.5,rain,0,0,23,18.4,44,1014.3,88.5,8.4,31.8,2.9,2,,2021-04-17T05:36:18,2021-04-17T18:16:23,0.17,"Rain, Partially cloudy",Partly cloudy throughout the day with rain.,rain,"48820099999,48823099999,48825099999,48831099999,VVNB"
Hanoi,2021-04-18,24.9,20.5,22.4,24.9,20.5,22.4,20.3,88.1,0.888,100,4.17,rain,0,0,15.8,11.2,59,1012.8,93.4,8.7,97.2,8.5,5,,2021-04-18T05:35:31,2021-04-18T18:16:43,0.2,"Rain, Overcast",Cloudy skies throughout the day with early morning rain.,rain,"48820099999,48823099999,48825099999,48831099999,VVNB"
Hanoi,2021-04-19,31,22,26.1,35.5,22,27.7,23,84.2,0.197,100,4.17,rain,0,0,28.8,16.6,121,1008.1,75.6,7.7,172.5,15,6,,2021-04-19T05:34:44,2021-04-19T18:17:04,0.24,"Rain, Partially cloudy",Partly cloudy throughout the day with morning rain.,rain,"48820099999,48823099999,48825099999,48831099999,VVNB"
Hanoi,2021-04-20,32,25,28.2,37.7,25,31.2,24.3,80.8,0.3,100,12.5,rain,0,0,29.2,24.1,130.7,1007.4,69.2,9.5,210.4,18.2,7,,2021-04-20T05:33:58,2021-04-20T18:17:24,0.25,"Rain, Partially cloudy",Partly cloudy throughout the day with rain in the morning and afternoon.,rain,"48820099999,48823099999,48825099999,48831099999,VVNB"
Hanoi,2021-04-21,32.3,26,28.7,39.3,26,32.9,24.6,79.8,1.2,100,20.83,rain,0,0,36.7,24.1,131.9,1008.2,73.4,10.1,188.6,16.2,7,,2021-04-21T05:33:13,2021-04-21T18:17:45,0.3,"Rain, Partially cloudy",Partly cloudy throughout the day with rain in the morning and afternoon.,rain,"48820099999,48823099999,48825099999,48831099999,VVNB"
Hanoi,2021-04-22,32,26.7,28.4,38.3,29.6,32.9,24.8,81.7,0.7,100,20.83,rain,0,0,33.8,22.3,129,1007.7,75.9,10,190.7,16.6,7,,2021-04-22T05:32:28,2021-04-22T18:18:06,0.34,"Rain, Partially cloudy",Partly cloudy throughout the day with a chance of rain throughout the day.,rain,"48820099999,48823099999,48825099999,48831099999,VVNB"
Hanoi,2021-04-23,31,26,27.8,39.1,26,31.9,25.5,87.7,0.203,100,4.17,rain,0,0,37.1,22.3,125.2,1005.7,89.5,9.8,199,17.1,8,,2021-04-23T05:31:44,2021-04-23T18:18:28,0.37,"Rain, Partially cloudy",Partly cloudy throughout the day with morning rain.,rain,"48820099999,48823099999,48825099999,48831099999,VVNB"
Hanoi,2021-04-24,30.8,26,28.2,38.8,26,33.8,26.1,88.5,0.2,100,8.33,rain,0,0,31,20.5,120.4,1005.6,90.6,9.1,202.1,17.3,7,,2021-04-24T05:31:00,2021-04-24T18:18:49,0.4,"Rain, Overcast",Cloudy skies throughout the day with morning rain.,rain,"48820099999,48823099999,48825099999,48831099999,VVNB"
Hanoi,2021-04-25,29,25,26.9,36.8,25,30.2,26.1,95.3,1.526,100,12.5,rain,0,0,31.3,16.6,102.7,1008.2,94.7,7,108.2,9.3,4,,2021-04-25T05:30:18,2021-04-25T18:19:11,0.44,"Rain, Overcast",Cloudy skies throughout the day with a chance of rain throughout the day.,rain,"48820099999,48823099999,48825099999,48831099999,VVNB"
Hanoi,2021-04-26,26.5,21,23.8,26.5,21,23.8,22.7,93.6,41.755,100,16.67,rain,0,0,48.2,14.8,76.6,1010.3,83.9,8.2,36.1,3,2,,2021-04-26T05:29:36,2021-04-26T18:19:33,0.47,"Rain, Partially cloudy",Partly cloudy throughout the day with a chance of rain throughout the day.,rain,"48820099999,48823099999,48825099999,48831099999,VVNB"
Hanoi,2021-04-27,27.3,21,24.2,29.4,21,24.5,20.9,82,0.6,100,4.17,rain,0,0,25.6,11.2,52.2,1013.1,93,10,65.7,5.7,3,,2021-04-27T05:28:54,2021-04-27T18:19:55,0.5,"Rain, Overcast",Cloudy skies throughout the day with early morning rain.,rain,"48820099999,48823099999,48825099999,48831099999,VVNB"
Hanoi,2021-04-28,25.9,21.9,23.2,25.9,21.9,23.2,20.5,84.9,5.895,100,8.33,rain,0,0,37.1,20.5,25,1015,94.5,9.6,145.9,12.6,6,,2021-04-28T05:28:14,2021-04-28T18:20:17,0.54,"Rain, Overcast",Cloudy skies throughout the day with rain clearing later.,rain,"48820099999,48823099999,48825099999,48831099999,VVNB,remote"
Hanoi,2021-04-29,28.8,20,24.1,28.9,20,24.2,17.7,69.7,0.483,100,8.33,rain,0,0,22.7,14.8,337.8,1015.4,77.1,10.1,159.2,13.7,8,,2021-04-29T05:27:34,2021-04-29T18:20:40,0.57,"Rain, Partially cloudy",Partly cloudy throughout the day with rain clearing later.,rain,"48820099999,48823099999,48825099999,48831099999,VVNB"
Hanoi,2021-04-30,30,21,25.3,31.8,21,25.9,20.2,75.4,0.4,100,4.17,rain,0,0,24.1,20.5,114.5,1011.8,34.5,8.4,265.5,22.7,10,,2021-04-30T05:26:56,2021-04-30T18:21:03,0.6,"Rain, Partially cloudy",Partly cloudy throughout the day with afternoon rain.,rain,"48820099999,48823099999,48825099999,48831099999,VVNB"
Hanoi,2021-05-01,29,23,25.5,32,23,26.5,22.6,84.3,0.133,100,8.33,rain,0,0,21.2,14.8,119.9,1011.5,68.9,8.6,166.7,14.3,5,,2021-05-01T05:26:18,2021-05-01T18:21:26,0.64,"Rain, Partially cloudy",Partly cloudy throughout the day with rain.,rain,"48820099999,48823099999,48825099999,48831099999,VVNB"
Hanoi,2021-05-02,32,24.7,27.6,37.8,24.7,30.3,24.3,83.7,3.972,100,12.5,rain,0,0,30.2,20.5,124.1,1009.7,68.1,7.8,194.6,16.8,7,,2021-05-02T05:25:41,2021-05-02T18:21:49,0.67,"Rain, Partially cloudy",Partly cloudy throughout the day with a chance of rain throughout the day.,rain,"48820099999,48823099999,48825099999,48831099999,VVNB,remote"
Hanoi,2021-05-03,33.2,26.7,29.1,40,26.7,33.9,24.9,79.4,0.8,100,12.5,rain,0,0,33.8,24.1,140,1007.2,75.4,9.9,241.7,20.8,9,,2021-05-03T05:25:04,2021-05-03T18:22:13,0.71,"Rain, Partially cloudy",Partly cloudy throughout the day with rain in the morning and afternoon.,rain,"48820099999,48823099999,48825099999,48831099999,VVNB,remote"
Hanoi,2021-05-04,34,26,29.3,39.4,26,33,24.3,76.3,3.7,100,4.17,rain,0,0,26.3,24.1,118.8,1007.3,59.4,10,241.7,20.9,9,,2021-05-04T05:24:29,2021-05-04T18:22:37,0.75,"Rain, Partially cloudy",Partly cloudy throughout the day with late afternoon rain.,rain,"48820099999,48823099999,48825099999,48831099999,VVNB,remote"
Hanoi,2021-05-05,27.5,22.5,24.7,32.2,22.5,25.8,23.3,91.9,42.839,100,8.33,rain,0,0,30.2,22.3,81,1011.4,83.7,9.2,53.1,4.6,2,,2021-05-05T05:23:55,2021-05-05T18:23:00,0.78,"Rain, Partially cloudy",Partly cloudy throughout the day with rain.,rain,"48820099999,48823099999,48825099999,48831099999,VVNB"
Hanoi,2021-05-06,32.1,22.9,26.8,36.6,22.9,28.4,22.4,79.1,0.297,100,4.17,rain,0,0,27,16.6,141.5,1012.7,59,9.1,202.1,17.5,6,,2021-05-06T05:23:21,2021-05-06T18:23:25,0.81,"Rain, Partially cloudy",Partly cloudy throughout the day with early morning rain.,rain,"48820099999,48823099999,48825099999,48831099999,VVNB"
Hanoi,2021-05-07,32,25,28,36.8,25,30.7,24.1,80.7,0,0,0,,0,0,28.1,16.6,131.9,1011.5,53.7,8.3,228.2,19.8,8,,2021-05-07T05:22:48,2021-05-07T18:23:49,0.84,Partially cloudy,Partly cloudy throughout the day.,partly-cloudy-day,"48820099999,48823099999,48825099999,48831099999,VVNB"
Hanoi,2021-05-08,31,25,27.9,39.1,25,31.7,25.2,85.6,0,0,0,,0,0,24.5,16.6,116.8,1008.6,64.9,8.6,216.7,18.6,7,,2021-05-08T05:22:17,2021-05-08T18:24:13,0.88,Partially cloudy,Partly cloudy throughout the day.,partly-cloudy-day,"48820099999,48823099999,48825099999,48831099999,VVNB"
Hanoi,2021-05-09,33,26,29,42.3,26,33.8,25.5,82.6,0.3,100,8.33,rain,0,0,28.4,20.5,118.4,1006.5,68.9,9.8,226.7,19.5,7,,2021-05-09T05:21:46,2021-05-09T18:24:38,0.91,"Rain, Partially cloudy",Partly cloudy throughout the day with rain in the morning and afternoon.,rain,"48820099999,48823099999,48825099999,48831099999,VVNB"
Hanoi,2021-05-10,35,26,30.1,43.8,26,36.2,25.6,78.6,0.1,100,4.17,rain,0,0,29.5,25.9,123.3,1004.8,50.7,10.4,282.8,24.5,10,,2021-05-10T05:21:16,2021-05-10T18:25:03,0.95,"Rain, Partially cloudy",Clearing in the afternoon with late afternoon rain.,rain,"48820099999,48823099999,48825099999,48831099999,VVNB"
Hanoi,2021-05-11,36,24.9,29.3,43.3,24.9,34.2,25,79.3,24.563,100,4.17,rain,0,0,27.4,27.7,117.2,1004.2,52.8,9.2,290.6,25.1,10,,2021-05-11T05:20:48,2021-05-11T18:25:28,0.98,"Rain, Partially cloudy",Partly cloudy throughout the day with late afternoon rain.,rain,"48820099999,48823099999,48825099999,48831099999,VVNB"
Hanoi,2021-05-12,34.1,25,29.3,43.8,25,35.3,25.7,81.8,2.612,100,4.17,rain,0,0,30.6,20.5,110.1,1003.9,47.9,9.5,274.8,23.6,9,,2021-05-12T05:20:20,2021-05-12T18:25:53,0,"Rain, Partially cloudy",Partly cloudy throughout the day with early morning rain.,rain,"48820099999,48823099999,48825099999,48831099999,VVNB"
Hanoi,2021-05-13,32.6,24,27.4,42.4,24,31.2,25.3,88.5,6.779,100,8.33,rain,0,0,28.8,23.2,95.1,1005,81,9.5,259.7,22.5,9,,2021-05-13T05:19:53,2021-05-13T18:26:18,0.05,"Rain, Partially cloudy",Partly cloudy throughout the day with rain.,rain,"48820099999,48823099999,48825099999,48831099999,VVNB"
Hanoi,2021-05-14,34,25,29.2,41.8,25,33.9,24.9,79.2,0.151,100,4.17,rain,0,0,38.5,24.1,132.3,1004.7,41.9,9.4,262.7,22.6,9,,2021-05-14T05:19:27,2021-05-14T18:26:43,0.08,"Rain, Partially cloudy",Partly cloudy throughout the day with early morning rain.,rain,"48820099999,48823099999,48825099999,48831099999,VVNB"
Hanoi,2021-05-15,34,27.7,30,42.1,33,37.3,26.2,81.2,0.098,100,4.17,rain,0,0,31.7,24.1,132,1005,66,10.4,270.5,23.5,9,,2021-05-15T05:19:03,2021-05-15T18:27:08,0.12,"Rain, Partially cloudy",Partly cloudy throughout the day with late afternoon rain.,rain,"48820099999,48823099999,48825099999,48831099999,VVNB"
Hanoi,2021-05-16,35,27,30.4,43.6,31.2,37.6,26,78.4,0.197,100,4.17,rain,0,0,34.6,22.3,121,1005.1,66.6,10,270,23.2,9,,2021-05-16T05:18:39,2021-05-16T18:27:34,0.15,"Rain, Partially cloudy",Partly cloudy throughout the day with early morning rain.,rain,"48820099999,48823099999,48825099999,48831099999,remote,VVNB"
Hanoi,2021-05-17,34,27,29.9,42.7,31.2,37.1,26.2,81.7,0.981,100,4.17,rain,0,0,34.9,20.5,123.2,1006.4,68.5,9.8,213.5,18.6,7,,2021-05-17T05:18:17,2021-05-17T18:27:59,0.18,"Rain, Partially cloudy",Partly cloudy throughout the day with morning rain.,rain,"48820099999,48823099999,48825099999,48831099999,VVNB"
Hanoi,2021-05-18,33.1,28,30.1,42.1,33.6,37.7,26.2,80.6,0.2,100,8.33,rain,0,0,32.8,24.1,128.1,1005.9,80.1,10,193.4,16.8,7,,2021-05-18T05:17:55,2021-05-18T18:28:25,0.22,"Rain, Partially cloudy",Partly cloudy throughout the day with morning rain.,rain,"48820099999,48823099999,48825099999,48831099999,VVNB"
Hanoi,2021-05-19,35.1,27,30.7,45.8,30.6,38.6,26.2,77.8,0,0,0,,0,0,34.2,24.1,127.5,1003.4,54.8,10.7,264,22.9,9,,2021-05-19T05:17:35,2021-05-19T18:28:51,0.25,Partially cloudy,Partly cloudy throughout the day.,partly-cloudy-day,"48820099999,48823099999,48825099999,48831099999,VVNB"
Hanoi,2021-05-20,35.5,27,31,43.8,30.6,38.7,26,76.2,4.1,100,12.5,rain,0,0,33.8,22.3,108,1003.4,51.4,10,176.2,15.2,6,,2021-05-20T05:17:15,2021-05-20T18:29:16,0.25,"Rain, Partially cloudy",Partly cloudy throughout the day with late afternoon rain.,rain,"48820099999,48823099999,48825099999,48831099999,VVNB"
Hanoi,2021-05-21,33.5,28,30.1,45.8,34.3,38.8,27,83.8,0.057,100,8.33,rain,0,0,32,20.5,109.8,1003.2,65.1,9.6,249.3,21.6,8,,2021-05-21T05:16:57,2021-05-21T18:29:42,0.32,"Rain, Partially cloudy",Partly cloudy throughout the day with rain in the morning and afternoon.,rain,"48820099999,48823099999,48825099999,48831099999,VVNB"
Hanoi,2021-05-22,36.2,27.7,31.3,48.6,32.7,40.1,26.6,77.1,0,0,0,,0,0,34.2,27.7,116.4,1001.5,35.2,11.3,295.2,25.7,10,,2021-05-22T05:16:40,2021-05-22T18:30:07,0.35,Partially cloudy,Becoming cloudy in the afternoon.,partly-cloudy-day,"48820099999,48823099999,48825099999,48831099999,VVNB"
Hanoi,2021-05-23,35,28.7,30.9,45.3,35.6,39.8,26.8,79.9,0.393,100,4.17,rain,0,0,33.8,24.1,115.9,1003.8,68,10.9,223.8,19.3,8,,2021-05-23T05:16:24,2021-05-23T18:30:33,0.39,"Rain, Partially cloudy",Partly cloudy throughout the day with early morning rain.,rain,"48820099999,48823099999,48825099999,48831099999,VVNB"
Hanoi,2021-05-24,29.5,25,27.4,36.8,25,30,23.7,80.9,8.844,100,4.17,rain,0,0,33.1,22.3,356.9,1009,88.2,9.7,157.4,13.7,7,,2021-05-24T05:16:09,2021-05-24T18:30:58,0.42,"Rain, Partially cloudy",Partly cloudy throughout the day with morning rain.,rain,"48820099999,48823099999,48825099999,48831099999,VVNB"
Hanoi,2021-05-25,27.9,23,25.8,30.7,23,26.6,22.6,83.5,10.414,100,12.5,rain,0,0,32,16.6,344.2,1009.1,86.1,8.4,104.9,9.2,4,,2021-05-25T05:15:55,2021-05-25T18:31:24,0.46,"Rain, Partially cloudy",Partly cloudy throughout the day with rain.,rain,"48820099999,48823099999,48825099999,48831099999,VVNB"
Hanoi,2021-05-26,34,25,28.9,40.6,25,33.1,25,81.2,2.953,100,4.17,rain,0,0,29.9,22.3,124.2,1006.8,50.8,9.8,242.4,21,8,,2021-05-26T05:15:42,2021-05-26T18:31:49,0.5,"Rain, Partially cloudy",Partly cloudy throughout the day with early morning rain.,rain,"48820099999,48823099999,48825099999,48831099999,VVNB"
Hanoi,2021-05-27,33.6,27,29.9,44.1,31.2,36.4,25.7,79.1,1,100,12.5,rain,0,0,33.8,20.5,123,1007.6,44.2,11,236.5,20.5,9,,2021-05-27T05:15:30,2021-05-27T18:32:14,0.52,"Rain, Partially cloudy",Partly cloudy throughout the day with rain.,rain,"48820099999,48823099999,48825099999,48831099999,VVNB"
Hanoi,2021-05-28,34.5,27,30.3,42,31.2,36.6,25.4,77,1,100,25,rain,0,0,25.9,18.4,119,1007.7,50.7,9.5,242.3,20.9,9,,2021-05-28T05:15:19,2021-05-28T18:32:39,0.56,"Rain, Partially cloudy",Partly cloudy throughout the day with a chance of rain throughout the day.,rain,"48820099999,48823099999,48825099999,48831099999,VVNB"
Hanoi,2021-05-29,36.2,28,31.2,43.9,34.5,38.9,26,75.9,1.376,100,4.17,rain,0,0,25.9,25.9,122.9,1004.9,60.5,9.4,255.9,22,8,,2021-05-29T05:15:10,2021-05-29T18:33:04,0.59,"Rain, Partially cloudy",Partly cloudy throughout the day with late afternoon rain.,rain,"48820099999,48823099999,48825099999,48831099999,VVNB"
Hanoi,2021-05-30,38.8,28,32.4,44.3,34.5,39.9,25.4,69.8,0,0,0,,0,0,24.1,16.6,106.9,1002.2,43.2,11.2,261,22.5,9,,2021-05-30T05:15:01,2021-05-30T18:33:28,0.62,Partially cloudy,Partly cloudy throughout the day.,partly-cloudy-day,"48820099999,48823099999,48825099999,48831099999,VVNB"
Hanoi,2021-05-31,39,29,33.7,46.1,36.8,41.4,24.9,63.7,0,0,0,,0,0,20.9,16.6,120.2,1000.4,65.4,12.1,260.5,22.6,8,,2021-05-31T05:14:54,2021-05-31T18:33:52,0.66,Partially cloudy,Partly cloudy throughout the day.,partly-cloudy-day,"48820099999,48823099999,48825099999,48831099999,VVNB,remote"
Hanoi,2021-06-01,39.4,29,34.5,45.8,37.7,41.9,24.5,59.7,0,0,0,,0,0,27,20.5,165.8,1000.6,66.9,10.7,302.3,26.2,9,,2021-06-01T05:14:48,2021-06-01T18:34:17,0.69,Partially cloudy,Partly cloudy throughout the day.,partly-cloudy-day,"48820099999,48823099999,48825099999,48831099999,VVNB"
Hanoi,2021-06-02,40,29,33.5,47.9,38.2,42.8,26,67.2,0,0,0,,0,0,24.5,14.8,114.1,1001.4,60.5,9.5,256.7,22,9,,2021-06-02T05:14:42,2021-06-02T18:34:40,0.75,Partially cloudy,Partly cloudy throughout the day.,partly-cloudy-day,"48820099999,48823099999,48825099999,48831099999,VVNB"
Hanoi,2021-06-03,40,30,34.2,47.9,40.4,43.8,26,66,0.8,100,12.5,rain,0,0,24.8,18.4,110.9,1001.6,55.8,10.3,300.8,25.9,10,,2021-06-03T05:14:38,2021-06-03T18:35:04,0.76,"Rain, Partially cloudy",Partly cloudy throughout the day with late afternoon rain.,rain,"48820099999,48823099999,48825099999,48831099999,VVNB"
Hanoi,2021-06-04,31.4,26,27.7,43.3,26,29.9,21.8,71.3,0.295,100,4.17,rain,0,0,49.7,37.1,7.3,1006.5,79,10,191.1,16.5,8,,2021-06-04T05:14:35,2021-06-04T18:35:27,0.79,"Rain, Partially cloudy",Partly cloudy throughout the day with early morning rain.,rain,"48820099999,48823099999,48825099999,48831099999,VVNB,remote"
Hanoi,2021-06-05,32.1,25,28.5,40.5,25,29.8,20.4,63.4,0.017,100,4.17,rain,0,0,19.1,7.6,48.7,1006.1,73.3,9.4,227.6,19.7,8,,2021-06-05T05:14:33,2021-06-05T18:35:50,0.83,"Rain, Partially cloudy",Partly cloudy throughout the day with afternoon rain.,rain,"48820099999,48823099999,48825099999,48831099999,VVNB"
Hanoi,2021-06-06,33.1,27,29.6,42.4,30.1,34.5,24.2,74.1,9.8,100,29.17,rain,0,0,24.5,11.2,102.5,1003.8,65.9,6.7,235.2,20.5,7,,2021-06-06T05:14:32,2021-06-06T18:36:12,0.86,"Rain, Partially cloudy",Partly cloudy throughout the day with a chance of rain throughout the day.,rain,"48820099999,48823099999,48825099999,48831099999,VVNB,remote"
Hanoi,2021-06-07,34,25.7,28.7,39.7,25.7,32.7,24.7,80.8,53.6,100,8.33,rain,0,0,28.4,18.4,82.7,1004.6,57.4,8.8,136.5,11.7,6,,2021-06-07T05:14:31,2021-06-07T18:36:34,0.89,"Rain, Partially cloudy",Partly cloudy throughout the day with rain.,rain,"48820099999,48823099999,48825099999,48831099999,VVNB,remote"
Hanoi,2021-06-08,34,25.6,28,37.9,25.6,31.2,24.6,83.3,39.266,100,16.67,rain,0,0,22.7,13,11.6,1005.7,71.1,8.6,97.1,8.3,3,,2021-06-08T05:14:32,2021-06-08T18:36:55,0.93,"Rain, Partially cloudy",Partly cloudy throughout the day with a chance of rain throughout the day.,rain,"48820099999,48823099999,48825099999,48831099999,VVNB"
Hanoi,2021-06-09,32,25.7,28.3,39.2,25.7,32.1,25.1,83.9,35.764,100,12.5,rain,0,0,19.1,16.6,68.7,1004.3,77.5,9,116.9,10,6,,2021-06-09T05:14:34,2021-06-09T18:37:16,0.96,"Rain, Partially cloudy",Partly cloudy throughout the day with a chance of rain throughout the day.,rain,"48820099999,48823099999,48825099999,48831099999,VVNB"
Hanoi,2021-06-10,32,27,28.6,40.7,31.2,34.7,26.2,87.4,0.472,100,8.33,rain,0,0,20.5,9.4,96.9,1002.8,67.8,9.4,159.6,13.8,7,,2021-06-10T05:14:37,2021-06-10T18:37:37,0,"Rain, Partially cloudy",Partly cloudy throughout the day with rain in the morning and afternoon.,rain,"48820099999,48823099999,48825099999,48831099999,VVNB"
Hanoi,2021-06-11,34,27,29.4,39.7,31.2,35.2,25.5,80.9,1.983,100,4.17,rain,0,0,24.8,14.8,82.1,1003.4,55.8,9.6,105.5,9.1,5,,2021-06-11T05:14:41,2021-06-11T18:37:57,0.03,"Rain, Partially cloudy",Partly cloudy throughout the day with morning rain.,rain,"48820099999,48823099999,48825099999,48831099999,VVNB"
Hanoi,2021-06-12,35,25.7,28.8,40.6,25.7,34.2,25.7,84.3,30.725,100,16.67,rain,0,0,38.2,18.4,327,1002.7,77.5,8.9,147.9,12.8,6,,2021-06-12T05:14:46,2021-06-12T18:38:16,0.06,"Rain, Partially cloudy",Partly cloudy throughout the day with rain.,rain,"48820099999,48823099999,48825099999,48831099999,VVNB"
Hanoi,2021-06-13,31,26,27.7,37.9,26,31.8,25.3,87.2,56.93,100,20.83,rain,0,0,42.5,24.1,59.9,1002,85.9,9.5,169,14.7,7,,2021-06-13T05:14:52,2021-06-13T18:38:35,0.1,"Rain, Partially cloudy",Partly cloudy throughout the day with a chance of rain throughout the day.,rain,"48820099999,48823099999,48825099999,48831099999,VVNB"
Hanoi,2021-06-14,34.1,26,29.7,40.6,26,33.9,24.6,76.6,0,0,0,,0,0,28.8,22.3,129.5,1001.3,68,10.9,253.4,22,9,,2021-06-14T05:14:58,2021-06-14T18:38:53,0.13,Partially cloudy,Partly cloudy throughout the day.,partly-cloudy-day,"48820099999,48823099999,48825099999,48831099999,VVNB"
Hanoi,2021-06-15,35,27,30.8,41.3,30.8,35.8,24,69.5,0.098,100,4.17,rain,0,0,31,14.8,130.9,999.5,53.3,11.5,266.4,23.3,9,,2021-06-15T05:15:06,2021-06-15T18:39:11,0.17,"Rain, Partially cloudy",Partly cloudy throughout the day with early morning rain.,rain,"48820099999,48823099999,48825099999,48831099999,VVNB"
Hanoi,2021-06-16,37,28,32.3,43.9,34.5,38.7,24.5,66.5,0,0,0,,0,0,29.9,18.4,127.3,1001.1,69.1,10.5,286,24.8,9,,2021-06-16T05:15:14,2021-06-16T18:39:27,0.2,Partially cloudy,Partly cloudy throughout the day.,partly-cloudy-day,"48820099999,48823099999,48825099999,48831099999,VVNB,remote"
Hanoi,2021-06-17,37.1,28,32.9,44.1,34.5,39.8,24.6,64.3,0,0,0,,0,0,28.4,18.4,125.6,1002.9,48.9,11,296.6,25.6,10,,2021-06-17T05:15:23,2021-06-17T18:39:44,0.24,Partially cloudy,Partly cloudy throughout the day.,partly-cloudy-day,"48820099999,48823099999,48825099999,48831099999,VVNB"
Hanoi,2021-06-18,38,29,33.5,44.1,36.8,40.7,24.6,62.8,0,0,0,,0,0,26.6,16.6,140,1003,31.1,12,307,26.5,10,,2021-06-18T05:15:34,2021-06-18T18:39:59,0.25,Partially cloudy,Clearing in the afternoon.,partly-cloudy-day,"48820099999,48823099999,48825099999,48831099999,VVNB"
Hanoi,2021-06-19,39.4,29,34.5,45.5,36.1,40,22.9,54.2,0,0,0,,0,0,28.4,14.8,219.4,1000.7,23,12.3,316.3,27.5,10,,2021-06-19T05:15:45,2021-06-19T18:40:14,0.31,Partially cloudy,Partly cloudy throughout the day.,partly-cloudy-day,"48820099999,48823099999,48825099999,48831099999,VVNB"
Hanoi,2021-06-20,40,30,35.2,45.1,34.6,40.1,22.1,48.7,0,0,0,,0,0,31,14.8,226.2,998.7,34.1,11.9,318.1,27.6,10,,2021-06-20T05:15:56,2021-06-20T18:40:28,0.34,Partially cloudy,Partly cloudy throughout the day.,partly-cloudy-day,"48820099999,48823099999,48825099999,48831099999,VVNB"
Hanoi,2021-06-21,38.8,30,34.3,44.9,38.8,41.5,24.3,58.5,0,0,0,,0,0,24.8,16.6,195.3,999.3,65,11.3,302.4,26.2,10,,2021-06-21T05:16:09,2021-06-21T18:40:41,0.38,Partially cloudy,Partly cloudy throughout the day.,partly-cloudy-day,"48820099999,48823099999,48825099999,48831099999,VVNB"
Hanoi,2021-06-22,37,26.2,32.3,46.8,26.2,39.5,25,66.8,2.4,100,25,rain,0,0,26.3,18.4,64.1,1002.5,79.3,11,201.2,17.3,7,,2021-06-22T05:16:22,2021-06-22T18:40:53,0.41,"Rain, Partially cloudy",Partly cloudy throughout the day with rain.,rain,"48820099999,48823099999,48825099999,48831099999,VVNB,remote"
Hanoi,2021-06-23,34,26,29.8,40.6,26,34.7,24.7,75.4,42.319,100,8.33,rain,0,0,23.8,13,174.5,1003.6,75.8,10,116.2,9.9,5,,2021-06-23T05:16:36,2021-06-23T18:41:05,0.45,"Rain, Partially cloudy",Partly cloudy throughout the day with rain clearing later.,rain,"48820099999,48823099999,48825099999,48831099999,VVNB"
Hanoi,2021-06-24,33,26,28.1,44.1,26,33.1,25.9,88.2,1.114,100,4.17,rain,0,0,26.6,14.8,70.5,1002.6,71.9,9.8,164,14.1,6,,2021-06-24T05:16:51,2021-06-24T18:41:16,0.48,"Rain, Partially cloudy",Partly cloudy throughout the day with late afternoon rain.,rain,"48820099999,48823099999,48825099999,48831099999,VVNB"
Hanoi,2021-06-25,32,25,28.2,40.3,25,32.2,25.1,83.7,0.07,100,4.17,rain,0,0,26.6,25.9,104.6,1002.6,68.5,8.9,168,14.6,7,,2021-06-25T05:17:06,2021-06-25T18:41:25,0.5,"Rain, Partially cloudy",Partly cloudy throughout the day with morning rain.,rain,"48820099999,48823099999,48825099999,48831099999,VVNB"
Hanoi,2021-06-26,35,25,28.9,42.3,25,32.7,24.3,77.8,38.322,100,8.33,rain,0,0,34.2,14.8,125,1003.5,65.3,10.8,241.5,20.7,9,,2021-06-26T05:17:22,2021-06-26T18:41:34,0.55,"Rain, Partially cloudy",Partly cloudy throughout the day with rain.,rain,"48820099999,48823099999,48825099999,48831099999,VVNB"
Hanoi,2021-06-27,37,26,32,43.6,26,36.8,23.7,64.6,6.878,100,4.17,rain,0,0,36,14.8,175.1,1002.1,76.5,10.8,286.8,24.9,9,,2021-06-27T05:17:39,2021-06-27T18:41:42,0.58,"Rain, Partially cloudy",Partly cloudy throughout the day with early morning rain.,rain,"48820099999,48823099999,48825099999,48831099999,VVNB"
Hanoi,2021-06-28,37.5,29,33.6,44.4,34.5,39,23.1,55.5,1,100,4.17,rain,0,0,31.3,11.2,211.7,999.2,90.5,10.7,279.2,24.1,9,,2021-06-28T05:17:56,2021-06-28T18:41:49,0.61,"Rain, Overcast",Cloudy skies throughout the day with afternoon rain.,rain,"48820099999,48823099999,48825099999,48831099999,VVNB"
Hanoi,2021-06-29,35.5,30,32.5,43.5,33.7,38.1,23.5,59.9,0.129,100,4.17,rain,0,0,26.6,16.6,130.7,999.5,95.5,10,205.9,17.8,7,,2021-06-29T05:18:14,2021-06-29T18:41:55,0.65,"Rain, Overcast",Cloudy skies throughout the day with late afternoon rain.,rain,"48820099999,48823099999,48825099999,48831099999,VVNB"
Hanoi,2021-06-30,36,28,32,42.4,32.7,37.8,24.1,65.1,0.017,100,4.17,rain,0,0,31.7,16.6,142,1000,92.9,10,209.1,17.9,7,,2021-06-30T05:18:32,2021-06-30T18:42:01,0.68,"Rain, Overcast",Cloudy skies throughout the day with early morning rain.,rain,"48820099999,48823099999,48825099999,48831099999,VVNB"
Hanoi,2021-07-01,36,30.2,32.8,41.6,34.6,37.8,22.9,57.1,0,0,0,,0,0,31,18.4,177.6,1000.6,93.9,10,216.1,18.6,7,,2021-07-01T05:18:51,2021-07-01T18:42:05,0.71,Overcast,Cloudy skies throughout the day.,cloudy,"48820099999,48823099999,48825099999,48831099999,VVNB"
Hanoi,2021-07-02,38,30,33.6,43.6,33.3,38.4,22.4,53.2,0,0,0,,0,0,35.3,22.3,217.3,1001.8,93.4,10.7,280.4,24.2,9,,2021-07-02T05:19:10,2021-07-02T18:42:08,0.75,Overcast,Cloudy skies throughout the day.,cloudy,"48820099999,48823099999,48825099999,48831099999,VVNB"
Hanoi,2021-07-03,37,30,32.9,44.1,36.8,39.5,24.3,62.1,0,0,0,,0,0,31.3,13,312,1001.9,78.5,10.5,273.6,23.7,9,,2021-07-03T05:19:30,2021-07-03T18:42:10,0.78,Partially cloudy,Partly cloudy throughout the day.,partly-cloudy-day,"48820099999,48823099999,48825099999,48831099999,VVNB"
Hanoi,2021-07-04,37,29,32.7,45.2,36.5,40.7,25.4,67.3,0.1,100,4.17,rain,0,0,24.8,18.4,119.8,1002.6,73.3,10.7,272.6,23.6,9,,2021-07-04T05:19:50,2021-07-04T18:42:11,0.81,"Rain, Partially cloudy",Partly cloudy throughout the day with late afternoon rain.,rain,"48820099999,48823099999,48825099999,48831099999,VVNB"
Hanoi,2021-07-05,33,26,30.2,42.4,26,37.4,25.7,77.9,3.982,100,8.33,rain,0,0,25.6,20.5,125.1,1004.3,75.9,9.7,207.7,17.9,8,,2021-07-05T05:20:11,2021-07-05T18:42:11,0.84,"Rain, Partially cloudy",Partly cloudy throughout the day with rain.,rain,"48820099999,48823099999,48825099999,48831099999,VVNB"
Hanoi,2021-07-06,35,27.7,31.3,42.3,32.9,37.4,24.6,69.7,0.4,100,8.33,rain,0,0,25.9,16.6,119.6,1003.9,53.5,10.3,256.2,22.2,8,,2021-07-06T05:20:32,2021-07-06T18:42:10,0.87,"Rain, Partially cloudy",Partly cloudy throughout the day with rain.,rain,"48820099999,48823099999,48825099999,48831099999,VVNB"
Hanoi,2021-07-07,34,27,29.6,40.5,31.2,35.9,25.6,80.6,23.901,100,12.5,rain,0,0,30.2,11.2,317,1004.4,71.3,9.9,187.9,16.2,7,,2021-07-07T05:20:53,2021-07-07T18:42:08,0.91,"Rain, Partially cloudy",Partly cloudy throughout the day with rain.,rain,"48820099999,48823099999,48825099999,48831099999,VVNB,remote"
Hanoi,2021-07-08,29.4,24.7,27.2,35.7,24.7,30.9,25.6,91.1,54.647,100,20.83,rain,0,0,43.6,20.5,100,1006.1,87.3,8.9,136,11.7,4,,2021-07-08T05:21:15,2021-07-08T18:42:04,0.94,"Rain, Partially cloudy",Partly cloudy throughout the day with a chance of rain throughout the day.,rain,"48820099999,48823099999,48825099999,48831099999,VVNB"
Hanoi,2021-07-09,33,26,29,42.3,26,34.3,25.6,82.9,7.018,100,12.5,rain,0,0,34.2,16.6,124.3,1008.3,54.1,9.7,181.9,15.7,7,,2021-07-09T05:21:37,2021-07-09T18:42:00,0.97,"Rain, Partially cloudy",Partly cloudy throughout the day with a chance of rain throughout the day.,rain,"48820099999,48823099999,48825099999,48831099999,VVNB"
Hanoi,2021-07-10,32.6,26,29.1,39.7,26,34.3,25.1,80.1,11.878,100,4.17,rain,0,0,31.3,14.8,90.4,1008.8,41.3,10,240.6,20.6,8,,2021-07-10T05:21:59,2021-07-10T18:41:55,0,"Rain, Partially cloudy",Partly cloudy throughout the day with afternoon rain.,rain,"48820099999,48823099999,48825099999,48831099999,VVNB"
Hanoi,2021-07-11,35,26,30.4,39.8,26,34.6,23.9,70.7,0.3,100,8.33,rain,0,0,30.6,16.6,143.9,1009.6,42.3,11.2,272.6,23.6,8,,2021-07-11T05:22:21,2021-07-11T18:41:48,0.04,"Rain, Partially cloudy",Partly cloudy throughout the day with morning rain.,rain,"48820099999,48823099999,48825099999,48831099999,VVNB,remote"
Hanoi,2021-07-12,35,27,30.8,41.7,31.2,36.3,24.5,71.1,0,0,0,,0,0,35.3,20.5,141.2,1008.4,26.3,12.1,301.6,26.1,9,,2021-07-12T05:22:44,2021-07-12T18:41:41,0.08,Partially cloudy,Partly cloudy throughout the day.,partly-cloudy-day,"48820099999,48823099999,48825099999,48831099999,VVNB"
Hanoi,2021-07-13,35,27.8,30.9,42.2,33.6,37.5,25.3,73.8,0.9,100,4.17,rain,0,0,29.2,20.5,137.9,1006.2,41.2,10.4,279.6,24.2,9,,2021-07-13T05:23:07,2021-07-13T18:41:32,0.11,"Rain, Partially cloudy",Partly cloudy throughout the day with afternoon rain.,rain,"48820099999,48823099999,48825099999,48831099999,VVNB"
Hanoi,2021-07-14,35,28,31.3,41.8,34.1,37.7,24.9,71.3,0.9,100,16.67,rain,0,0,31.7,24.1,131.7,1005.7,42.4,10.4,251.7,21.5,8,,2021-07-14T05:23:30,2021-07-14T18:41:22,0.15,"Rain, Partially cloudy",Partly cloudy throughout the day with rain.,rain,"48820099999,48823099999,48825099999,48831099999,VVNB"
Hanoi,2021-07-15,35,27,31.2,40.3,31.8,37.1,24.5,69.6,0,0,0,,0,0,33.1,20.5,136.2,1007.2,42,11.6,264.8,22.8,9,,2021-07-15T05:23:53,2021-07-15T18:41:11,0.18,Partially cloudy,Partly cloudy throughout the day.,partly-cloudy-day,"48820099999,48823099999,48825099999,48831099999,VVNB"
Hanoi,2021-07-16,36,27,31.3,43,31.2,37,24.3,68.9,0.2,100,8.33,rain,0,0,25.2,14.8,127.8,1007.5,33.1,12.4,279.1,24.2,9,,2021-07-16T05:24:17,2021-07-16T18:40:59,0.22,"Rain, Partially cloudy",Partly cloudy throughout the day with rain in the morning and afternoon.,rain,"48820099999,48823099999,48825099999,48831099999,VVNB"
Hanoi,2021-07-17,35.7,27,31.3,43.4,31.2,37.3,24.7,69.7,0.6,100,4.17,rain,0,0,23.8,22.3,117.2,1003.9,50.4,11.1,288.5,24.9,9,,2021-07-17T05:24:40,2021-07-17T18:40:46,0.25,"Rain, Partially cloudy",Partly cloudy throughout the day with late afternoon rain.,rain,"48820099999,48823099999,48825099999,48831099999,VVNB"
Hanoi,2021-07-18,31.5,25,27.9,42.4,25,33.2,26.2,90.6,0.81,100,4.17,rain,0,0,23.4,18.4,102.6,1001.7,79.4,9.6,189.6,16.3,8,,2021-07-18T05:25:04,2021-07-18T18:40:31,0.29,"Rain, Partially cloudy",Partly cloudy throughout the day with late afternoon rain.,rain,"48820099999,48823099999,48825099999,48831099999,VVNB"
Hanoi,2021-07-19,34.5,25,28.8,40.7,25,32.9,24.5,79.1,14.3,100,50,rain,0,0,22.7,16.6,77.3,1001.8,60,9.7,187.7,16.2,7,,2021-07-19T05:25:27,2021-07-19T18:40:16,0.33,"Rain, Partially cloudy",Partly cloudy throughout the day with a chance of rain throughout the day.,rain,"48820099999,48823099999,48825099999,48831099999,VVNB"
Hanoi,2021-07-20,35,26,29.3,42.4,26,34.7,25.5,81.8,0.098,100,4.17,rain,0,0,20.5,22.3,303.7,1002.2,71.6,9.7,179.4,15.6,6,,2021-07-20T05:25:51,2021-07-20T18:39:59,0.36,"Rain, Partially cloudy",Partly cloudy throughout the day with late afternoon rain.,rain,"48820099999,48823099999,48825099999,48831099999,VVNB"
Hanoi,2021-07-21,35.3,26,29.1,41.3,26,33.1,24.9,80.6,0.122,100,4.17,rain,0,0,21.6,22.3,323.5,1001.4,65,9.5,147.4,12.7,6,,2021-07-21T05:26:14,2021-07-21T18:39:41,0.4,"Rain, Partially cloudy",Partly cloudy throughout the day with late afternoon rain.,rain,"48820099999,48823099999,48825099999,48831099999,VVNB,remote"
Hanoi,2021-07-22,32.3,26,28.2,41.5,26,33.4,26.3,89.9,32.392,100,8.33,rain,0,0,20.9,13,359.3,999.9,56.3,9,66.3,5.7,2,,2021-07-22T05:26:38,2021-07-22T18:39:23,0.43,"Rain, Partially cloudy",Partly cloudy throughout the day with rain.,rain,"48820099999,48823099999,48825099999,48831099999,VVNB"
Hanoi,2021-07-23,27,26,26.7,31.8,26,29.4,26.3,97.8,50.844,100,16.67,rain,0,0,37.1,18.4,291.2,998.3,86.3,8,30.5,2.5,1,,2021-07-23T05:27:01,2021-07-23T18:39:03,0.47,"Rain, Partially cloudy",Partly cloudy throughout the day with a chance of rain throughout the day.,rain,"48820099999,48823099999,48825099999,48831099999,VVNB"
Hanoi,2021-07-24,36,26.7,30,43.2,30.3,36.7,26.1,81.7,1.965,100,4.17,rain,0,0,40,24.1,331.3,998.4,53.1,8.9,228.2,19.8,8,,2021-07-24T05:27:25,2021-07-24T18:38:42,0.5,"Rain, Partially cloudy",Partly cloudy throughout the day with early morning rain.,rain,"48820099999,48823099999,48825099999,48831099999,VVNB,remote"
Hanoi,2021-07-25,35,27,30.1,47.3,31.2,36.6,25.4,77.6,5.2,100,25,rain,0,0,23.8,14.8,326,999.8,61.2,9.9,262.7,22.6,9,,2021-07-25T05:27:48,2021-07-25T18:38:19,0.54,"Rain, Partially cloudy",Partly cloudy throughout the day with rain.,rain,"48820099999,48823099999,48825099999,48831099999,VVNB"
Hanoi,2021-07-26,35.1,26,30.2,42.2,26,35.7,25,75.9,0.175,100,4.17,rain,0,0,20.9,14.8,272.3,999.4,61.1,10,225.6,19.3,7,,2021-07-26T05:28:12,2021-07-26T18:37:56,0.57,"Rain, Partially cloudy",Partly cloudy throughout the day with early morning rain.,rain,"48820099999,48823099999,48825099999,48831099999,VVNB"
Hanoi,2021-07-27,36.5,27,31.5,45.8,31.8,38.5,25.4,72.7,0.197,100,4.17,rain,0,0,25.6,11.2,259.3,997.5,66.5,11.7,268.5,23.1,8,,2021-07-27T05:28:35,2021-07-27T18:37:32,0.6,"Rain, Partially cloudy",Partly cloudy throughout the day with early morning rain.,rain,"48820099999,48823099999,48825099999,48831099999,VVNB,remote"
Hanoi,2021-07-28,36.5,27.9,31,46,32.5,38.2,25.6,74.8,0.157,100,4.17,rain,0,0,24.5,18.4,7.5,997.4,65.7,11.3,235.9,20.4,8,,2021-07-28T05:28:58,2021-07-28T18:37:06,0.63,"Rain, Partially cloudy",Partly cloudy throughout the day with early morning rain.,rain,"48820099999,48823099999,48825099999,48831099999,VVNB"
Hanoi,2021-07-29,35,28,30.2,47.3,33.6,38,26.5,81.9,7.417,100,8.33,rain,0,0,25.6,20.5,70.4,999,67.7,9.9,194.2,16.8,8,,2021-07-29T05:29:21,2021-07-29T18:36:40,0.66,"Rain, Partially cloudy",Partly cloudy throughout the day with rain.,rain,"48820099999,48823099999,48825099999,48831099999,VVNB"
Hanoi,2021-07-30,36.2,27.3,31.2,45.8,32.4,38.5,25.8,75.4,0.005,100,4.17,rain,0,0,21.6,11.2,131.4,999.6,64.2,8.8,234.2,20.2,7,,2021-07-30T05:29:44,2021-07-30T18:36:12,0.7,"Rain, Partially cloudy",Partly cloudy throughout the day with early morning rain.,rain,"48820099999,48823099999,48825099999,48831099999,VVNB"
Hanoi,2021-07-31,37,28,31.9,47.3,34.5,41.6,26.8,76,0,0,0,,0,0,22.3,14.8,60.3,998.3,63.2,9.8,253.2,21.7,8,,2021-07-31T05:30:07,2021-07-31T18:35:43,0.75,Partially cloudy,Partly cloudy throughout the day.,partly-cloudy-day,"48820099999,48823099999,48825099999,48831099999,VVNB"
Hanoi,2021-08-01,31,25,28,44.3,25,32.9,26.1,90,16.117,100,8.33,rain,0,0,27,13.4,301.3,999.2,90.2,9.6,52.6,4.5,3,,2021-08-01T05:30:29,2021-08-01T18:35:14,0.76,"Rain, Overcast",Cloudy skies throughout the day with rain in the morning and afternoon.,rain,"48820099999,48823099999,48825099999,48831099999,VVNB"
Hanoi,2021-08-02,36.4,27,30.9,43.3,31.8,38.3,26.1,77.8,0,0,0,,0,0,29.5,14.4,275.6,998.5,52.4,9.7,256.9,22.2,8,,2021-08-02T05:30:51,2021-08-02T18:34:43,0.79,Partially cloudy,Partly cloudy throughout the day.,partly-cloudy-day,"48820099999,48823099999,48825099999,48831099999,VVNB"
Hanoi,2021-08-03,36.8,27,31.5,44.3,30.1,38.1,25,70.6,0,0,0,,0,0,23.8,13,297.1,999.4,63.1,9.8,285.7,24.7,9,,2021-08-03T05:31:14,2021-08-03T18:34:11,0.83,Partially cloudy,Partly cloudy throughout the day.,partly-cloudy-day,"48820099999,48823099999,48825099999,48831099999,VVNB"
Hanoi,2021-08-04,37.6,28,32.8,46.9,35.6,41.9,26.3,71,0,0,0,,0,0,23.8,13,294.2,999.5,51.8,11.2,299.4,25.9,9,,2021-08-04T05:31:36,2021-08-04T18:33:39,0.86,Partially cloudy,Partly cloudy throughout the day.,partly-cloudy-day,"48820099999,48823099999,48825099999,48831099999,VVNB,remote"
Hanoi,2021-08-05,36.9,29,33,47.9,38.2,43.1,26.6,71.4,0,0,0,,0,0,27.4,16.6,306.4,998.1,50.6,9.2,291.5,25,10,,2021-08-05T05:31:57,2021-08-05T18:33:05,0.89,Partially cloudy,Partly cloudy throughout the day.,partly-cloudy-day,"48820099999,48823099999,48825099999,48831099999,VVNB"
Hanoi,2021-08-06,38.2,29,33.9,46.2,39.5,42.4,25.3,64.2,0,0,0,,0,0,29.2,20.5,263.8,998.7,60,9,253.9,21.9,8,,2021-08-06T05:32:19,2021-08-06T18:32:30,0.92,Partially cloudy,Partly cloudy throughout the day.,partly-cloudy-day,"48820099999,48823099999,48825099999,48831099999,VVNB"
Hanoi,2021-08-07,38.8,30,34.2,47.3,36.5,42.3,24.9,61.8,0,0,0,,0,0,26.3,14.8,240.6,999.9,68.7,10.7,259.1,22.3,9,,2021-08-07T05:32:40,2021-08-07T18:31:55,0.96,Partially cloudy,Partly cloudy throughout the day.,partly-cloudy-day,"48820099999,48823099999,48825099999,48831099999,VVNB"
Hanoi,2021-08-08,34.6,27,30.6,52,30.6,41.4,27.9,86,6.2,100,8.33,rain,0,0,22.7,14.8,70.5,1001.3,68.7,10.2,250.8,21.6,9,,2021-08-08T05:33:01,2021-08-08T18:31:18,0,"Rain, Partially cloudy",Partly cloudy throughout the day with rain.,rain,"48820099999,48823099999,48825099999,48831099999,VVNB"
Hanoi,2021-08-09,32.5,27,30.1,46.5,30.6,40,27.6,86.6,9.1,100,12.5,rain,0,0,35.6,13,78.4,1001.7,76.5,8.6,160.5,13.8,7,,2021-08-09T05:33:22,2021-08-09T18:30:41,0.02,"Rain, Partially cloudy",Partly cloudy throughout the day with rain clearing later.,rain,"48820099999,48823099999,48825099999,48831099999,VVNB"
Hanoi,2021-08-10,30.1,25,27.4,40.4,25,31.8,25.9,92,22.905,100,16.67,rain,0,0,31,24.1,132.8,1002.3,86.5,9.3,116.2,10,5,,2021-08-10T05:33:42,2021-08-10T18:30:02,0.06,"Rain, Partially cloudy",Partly cloudy throughout the day with a chance of rain throughout the day.,rain,"48820099999,48823099999,48825099999,48831099999,VVNB"
Hanoi,2021-08-11,33.3,24.8,27.3,45.8,24.8,31.1,26,93.1,24.671,100,12.5,rain,0,0,25.6,20.5,109.6,1004.8,78.3,8.2,125,10.7,5,,2021-08-11T05:34:03,2021-08-11T18:29:23,0.09,"Rain, Partially cloudy",Partly cloudy throughout the day with rain.,rain,"48820099999,48823099999,48825099999,48831099999,VVNB"
Hanoi,2021-08-12,32.4,24,27.3,44.3,24,30.9,25.8,91.8,49.126,100,8.33,rain,0,0,29.5,16.6,75.5,1006,77.7,8.4,206.9,17.8,8,,2021-08-12T05:34:23,2021-08-12T18:28:43,0.13,"Rain, Partially cloudy",Partly cloudy throughout the day with rain.,rain,"48820099999,48823099999,48825099999,48831099999,VVNB"
Hanoi,2021-08-13,35,25.8,29.8,45.8,25.8,35.6,25.9,81.1,0.983,100,4.17,rain,0,0,36,14.8,113.9,1002.1,80.7,9.8,214.4,18.5,8,,2021-08-13T05:34:43,2021-08-13T18:28:02,0.17,"Rain, Partially cloudy",Partly cloudy throughout the day with early morning rain.,rain,"48820099999,48823099999,48825099999,48831099999,VVNB"
Hanoi,2021-08-14,35,24,30,45.8,24,36.7,25.8,80.6,0.004,100,8.33,rain,0,0,29.2,16.6,132.1,1000.9,70.4,9,185.5,16,8,,2021-08-14T05:35:02,2021-08-14T18:27:20,0.2,"Rain, Partially cloudy",Partly cloudy throughout the day with rain in the morning and afternoon.,rain,"48820099999,48823099999,48825099999,48831099999,VVNB,remote"
Hanoi,2021-08-15,31.7,26,28.3,42.4,26,34.4,26.9,92.5,0.098,100,4.17,rain,0,0,27.4,14.8,88.1,1005.3,78.4,9.7,195.1,16.8,8,,2021-08-15T05:35:21,2021-08-15T18:26:37,0.25,"Rain, Partially cloudy",Partly cloudy throughout the day with afternoon rain.,rain,"48820099999,48823099999,48825099999,48831099999,VVNB"
Hanoi,2021-08-16,34,27,30.2,44.3,31.8,37.6,26.3,81.2,3.6,100,37.5,rain,0,0,24.1,16.6,108.3,1008.7,49.5,10.8,222,19.2,8,,2021-08-16T05:35:41,2021-08-16T18:25:54,0.27,"Rain, Partially cloudy",Partly cloudy throughout the day with a chance of rain throughout the day.,rain,"48820099999,48823099999,48825099999,48831099999,VVNB,remote"
Hanoi,2021-08-17,35.9,25,30.4,42.7,25,36,25,75.6,0.2,100,8.33,rain,0,0,42.5,24.1,240.5,1008.4,49.8,9.7,243.8,21,8,,2021-08-17T05:35:59,2021-08-17T18:25:10,0.31,"Rain, Partially cloudy",Partly cloudy throughout the day with afternoon rain.,rain,"48820099999,48823099999,48825099999,48831099999,VVNB"
Hanoi,2021-08-18,35.5,24,29.2,44.1,24,33.6,25,80.4,0.588,100,4.17,rain,0,0,29.5,24.1,130.5,1006.3,66.1,10.8,261.4,22.6,9,,2021-08-18T05:36:18,2021-08-18T18:24:25,0.35,"Rain, Partially cloudy",Partly cloudy throughout the day with early morning rain.,rain,"48820099999,48823099999,48825099999,48831099999,VVNB"
Hanoi,2021-08-19,34.4,25,29.6,42.4,25,34.4,25.1,78.7,24.563,100,4.17,rain,0,0,27.7,16.6,115.2,1006.2,62.1,11.4,130.1,11.2,6,,2021-08-19T05:36:36,2021-08-19T18:23:39,0.38,"Rain, Partially cloudy",Partly cloudy throughout the day with early morning rain.,rain,"48820099999,48823099999,48825099999,48831099999,VVNB"
Hanoi,2021-08-20,34.1,27,30.5,43.8,31.8,38.5,26.4,80.3,0.052,100,4.17,rain,0,0,25.9,16.6,132.7,1007.5,42.4,11.4,224.9,19.4,8,,2021-08-20T05:36:54,2021-08-20T18:22:53,0.42,"Rain, Partially cloudy",Partly cloudy throughout the day with morning rain.,rain,"48820099999,48823099999,48825099999,48831099999,VVNB"
Hanoi,2021-08-21,36,28,31.3,45.8,35.6,40,26.6,78.3,0,0,0,,0,0,28.4,20.5,135.6,1006.4,51.8,10,262.4,22.5,9,,2021-08-21T05:37:12,2021-08-21T18:22:06,0.45,Partially cloudy,Partly cloudy throughout the day.,partly-cloudy-day,"48820099999,48823099999,48825099999,48831099999,VVNB"
Hanoi,2021-08-22,35.3,28,31.1,47.9,35.6,42.3,28.1,84.7,0,0,0,,0,0,31,22.3,120.5,1004.2,49.2,9.9,267,23.2,9,,2021-08-22T05:37:29,2021-08-22T18:21:18,0.5,Partially cloudy,Partly cloudy throughout the day.,partly-cloudy-day,"48820099999,48823099999,48825099999,48831099999,VVNB"
Hanoi,2021-08-23,31,27,28.9,42.2,30.6,37.1,27.2,90.6,3.2,100,20.83,rain,0,0,28.8,18.4,102.8,1003.2,75.4,10.4,260.2,22.5,9,,2021-08-23T05:37:47,2021-08-23T18:20:30,0.52,"Rain, Partially cloudy",Partly cloudy throughout the day with rain.,rain,"48820099999,48823099999,48825099999,48831099999,VVNB"
Hanoi,2021-08-24,34.5,27,30.4,49.5,31.8,39.9,27.5,85.2,5.7,100,33.33,rain,0,0,25.6,20.5,106,1003.6,69.8,10.7,205.4,17.5,8,,2021-08-24T05:38:04,2021-08-24T18:19:40,0.55,"Rain, Partially cloudy",Partly cloudy throughout the day with rain.,rain,"48820099999,48823099999,48825099999,48831099999,VVNB"
Hanoi,2021-08-25,33.5,27,29.9,43.8,31.3,38.3,27,85.6,8.843,100,8.33,rain,0,0,26.3,22.3,114.6,1005.3,48.1,9.6,205,17.8,7,,2021-08-25T05:38:21,2021-08-25T18:18:51,0.59,"Rain, Partially cloudy",Partly cloudy throughout the day with rain in the morning and afternoon.,rain,"48820099999,48823099999,48825099999,48831099999,VVNB"
Hanoi,2021-08-26,32.1,24.8,28.8,40.7,24.8,35.1,26.3,86.9,32.735,100,8.33,rain,0,0,26.3,16.6,92.8,1008.1,61.1,9.8,171.5,14.9,6,,2021-08-26T05:38:37,2021-08-26T18:18:01,0.62,"Rain, Partially cloudy",Partly cloudy throughout the day with rain in the morning and afternoon.,rain,"48820099999,48823099999,48825099999,48831099999,VVNB"
Hanoi,2021-08-27,31.1,24,27.8,38.8,24,32.3,25.8,89.7,75.847,100,12.5,rain,0,0,22.7,13,20.9,1009.5,72.2,11,139.2,11.9,5,,2021-08-27T05:38:54,2021-08-27T18:17:10,0.65,"Rain, Partially cloudy",Partly cloudy throughout the day with rain.,rain,"48820099999,48823099999,48825099999,48831099999,VVNB"
Hanoi,2021-08-28,32.2,24,27.7,39.1,24,31.5,25.1,86.9,16.826,100,8.33,rain,0,0,22.7,22.3,114.7,1009.5,67.5,9.9,135.7,11.7,7,,2021-08-28T05:39:10,2021-08-28T18:16:19,0.68,"Rain, Partially cloudy",Partly cloudy throughout the day with rain.,rain,"48820099999,48823099999,48825099999,48831099999,VVNB"
Hanoi,2021-08-29,33,25,28.4,39.1,25,31.3,24.1,79.6,0.003,100,4.17,rain,0,0,23,18.4,93.7,1009.7,46.6,9.8,246.4,21.1,9,,2021-08-29T05:39:26,2021-08-29T18:15:27,0.72,"Rain, Partially cloudy",Partly cloudy throughout the day with late afternoon rain.,rain,"48820099999,48823099999,48825099999,48831099999,VVNB"
Hanoi,2021-08-30,33,26,28.8,38.9,26,32.5,24.7,80.5,1.1,100,29.17,rain,0,0,22.3,16.6,106.5,1009.9,61,9.7,213.9,18.5,8,,2021-08-30T05:39:42,2021-08-30T18:14:34,0.75,"Rain, Partially cloudy",Partly cloudy throughout the day with a chance of rain throughout the day.,rain,"48820099999,48823099999,48825099999,48831099999,VVNB"
Hanoi,2021-08-31,34,26,29.5,40.7,26,34.7,25.3,80.4,9.825,100,4.17,rain,0,0,21.6,16.6,111.3,1009.7,49.7,10.1,216.6,18.8,7,,2021-08-31T05:39:57,2021-08-31T18:13:42,0.78,"Rain, Partially cloudy",Partly cloudy throughout the day with afternoon rain.,rain,"48820099999,48823099999,48825099999,48831099999,VVNB"
Hanoi,2021-09-01,34,26.3,29.8,40.7,26.3,35.3,25.1,77.8,18.668,100,4.17,rain,0,0,18.7,14.8,76.3,1008.5,34.7,10.2,232.9,20.1,8,,2021-09-01T05:40:13,2021-09-01T18:12:48,0.81,"Rain, Partially cloudy",Partly cloudy throughout the day with afternoon rain.,rain,"48820099999,48823099999,48825099999,48831099999,VVNB"
Hanoi,2021-09-02,32,26,28.6,40.7,26,33.5,25.8,85.6,1.042,100,4.17,rain,0,0,23,13,116.6,1007.5,65.3,9.8,127.4,11.2,5,,2021-09-02T05:40:28,2021-09-02T18:11:55,0.84,"Rain, Partially cloudy",Partly cloudy throughout the day with afternoon rain.,rain,"48820099999,48823099999,48825099999,48831099999,VVNB"
Hanoi,2021-09-03,33,26,29.7,40.7,26,35.5,25.5,80.1,1.965,100,4.17,rain,0,0,23,18.4,99.6,1005.4,53.2,9.2,218.8,18.9,8,,2021-09-03T05:40:43,2021-09-03T18:11:01,0.88,"Rain, Partially cloudy",Partly cloudy throughout the day with afternoon rain.,rain,"48820099999,48823099999,48825099999,48831099999,VVNB"
Hanoi,2021-09-04,33.6,27,29.9,42.4,31.2,36.2,25.7,79.7,9.139,100,8.33,rain,0,0,24.8,18.4,106.2,1005.4,51.6,9.8,174.6,15.2,6,,2021-09-04T05:40:58,2021-09-04T18:10:06,0.91,"Rain, Partially cloudy",Partly cloudy throughout the day with rain.,rain,"48820099999,48823099999,48825099999,48831099999,VVNB"
Hanoi,2021-09-05,32,23.5,28.3,40.7,23.5,33.4,25.6,86.3,37.76,100,8.33,rain,0,0,23.8,13,104.6,1008.2,61.6,9.7,154.5,13.3,7,,2021-09-05T05:41:13,2021-09-05T18:09:12,0.94,"Rain, Partially cloudy",Partly cloudy throughout the day with rain in the morning and afternoon.,rain,"48820099999,48823099999,48825099999,48831099999,VVNB,remote"
Hanoi,2021-09-06,34.5,25,29.2,40.6,25,33.3,24.6,78.6,0.005,100,4.17,rain,0,0,19.8,13,325.7,1010.3,49.7,9.5,211,18.2,8,,2021-09-06T05:41:28,2021-09-06T18:08:17,0.97,"Rain, Partially cloudy",Partly cloudy throughout the day with late afternoon rain.,rain,"48820099999,48823099999,48825099999,48831099999,VVNB"
Hanoi,2021-09-07,30,26,27.2,40.4,26,30.6,25.6,91.3,0.21,100,4.17,rain,0,0,32.8,18.4,288.4,1010,60,9.5,123.8,10.7,4,,2021-09-07T05:41:43,2021-09-07T18:07:21,0,"Rain, Partially cloudy",Partly cloudy throughout the day with afternoon rain.,rain,"48820099999,48823099999,48825099999,48831099999,VVNB"
Hanoi,2021-09-08,32,24,27.3,42.3,24,30.3,25.3,89.2,14.22,100,12.5,rain,0,0,33.1,31.7,348.4,1008.6,62.9,9.1,107.6,9.4,4,,2021-09-08T05:41:57,2021-09-08T18:06:25,0.04,"Rain, Partially cloudy",Partly cloudy throughout the day with rain.,rain,"48820099999,48823099999,48825099999,48831099999,VVNB"
Hanoi,2021-09-09,32,24,27.6,42.4,24,31.7,25.5,89.1,58.332,100,12.5,rain,0,0,27,16.6,258.5,1009.7,67,9.4,162.6,14.2,7,,2021-09-09T05:42:12,2021-09-09T18:05:30,0.08,"Rain, Partially cloudy",Partly cloudy throughout the day with a chance of rain throughout the day.,rain,"48820099999,48823099999,48825099999,48831099999,VVNB"
Hanoi,2021-09-10,34.5,25,29.2,42.3,25,33.4,24.7,79.5,0,0,0,,0,0,25.2,14.8,291.4,1008.7,47.1,9.2,264.8,22.9,9,,2021-09-10T05:42:26,2021-09-10T18:04:33,0.11,Partially cloudy,Partly cloudy throughout the day.,partly-cloudy-day,"48820099999,48823099999,48825099999,48831099999,VVNB"
Hanoi,2021-09-11,35.8,25,30.3,42.1,25,34.7,24.2,72.7,0,0,0,,0,0,21.2,16.2,274.8,1005.4,59.5,11,256.8,22.2,9,,2021-09-11T05:42:40,2021-09-11T18:03:37,0.15,Partially cloudy,Partly cloudy throughout the day.,partly-cloudy-day,"48820099999,48823099999,48825099999,48831099999,VVNB"
Hanoi,2021-09-12,36.5,27,31.2,43.8,31.2,37.8,25.3,73.6,0,0,0,,0,0,16.6,10.6,102.7,1002.5,23,10.6,268.5,23.2,9,,2021-09-12T05:42:55,2021-09-12T18:02:40,0.19,Partially cloudy,Partly cloudy throughout the day.,partly-cloudy-day,"48820099999,48823099999,48825099999,48831099999,VVNB"
Hanoi,2021-09-13,34,26,28.9,49.5,26,35.5,26.5,87.5,0.103,100,8.33,rain,0,0,25.9,24.1,18.7,1005.7,39.8,8.2,154.8,13.4,7,,2021-09-13T05:43:09,2021-09-13T18:01:44,0.22,"Rain, Partially cloudy",Partly cloudy throughout the day with rain.,rain,"48820099999,48823099999,48825099999,48831099999,VVNB"
Hanoi,2021-09-14,28,25,26.2,33.6,25,26.9,25.2,94.1,12.339,100,8.33,rain,0,0,21.6,13,340,1010,73.3,8.7,86.8,7.5,4,,2021-09-14T05:43:23,2021-09-14T18:00:47,0.25,"Rain, Partially cloudy",Partly cloudy throughout the day with rain in the morning and afternoon.,rain,"48820099999,48823099999,48825099999,48831099999,VVNB"
Hanoi,2021-09-15,28.5,25,26.5,34.5,25,28.7,25.5,94.5,30.825,100,8.33,rain,0,0,24.1,11.2,348.6,1011.5,81,8.8,94.4,8.1,4,,2021-09-15T05:43:38,2021-09-15T17:59:50,0.29,"Rain, Partially cloudy",Partly cloudy throughout the day with rain in the morning and afternoon.,rain,"48820099999,48823099999,48825099999,48831099999,VVNB"
Hanoi,2021-09-16,31.8,25,27.8,40.6,25,32.1,26.1,90.5,5.541,100,8.33,rain,0,0,25.6,16.6,100.6,1010.2,77.2,9.3,157.4,13.7,7,,2021-09-16T05:43:52,2021-09-16T17:58:53,0.33,"Rain, Partially cloudy",Partly cloudy throughout the day with rain.,rain,"48820099999,48823099999,48825099999,48831099999,VVNB"
Hanoi,2021-09-17,32,24.8,27.7,42.3,24.8,32.1,25.9,90.8,0.28,100,8.33,rain,0,0,23,16.6,103.8,1008.8,71.3,9.1,169.4,14.6,7,,2021-09-17T05:44:06,2021-09-17T17:57:56,0.36,"Rain, Partially cloudy",Partly cloudy throughout the day with rain in the morning and afternoon.,rain,"48820099999,48823099999,48825099999,48831099999,VVNB"
Hanoi,2021-09-18,34,24.7,28.9,40.7,24.7,33.2,24.9,81.1,2.948,100,4.17,rain,0,0,28.4,16.6,130.4,1009.1,60.3,9.5,209,18,7,,2021-09-18T05:44:20,2021-09-18T17:56:59,0.4,"Rain, Partially cloudy",Partly cloudy throughout the day with early morning rain.,rain,"48820099999,48823099999,48825099999,48831099999,VVNB"
Hanoi,2021-09-19,34,26,30,42.1,26,35.1,24.8,76.3,0,0,0,,0,0,27.4,18.4,125.8,1009.3,36.3,10.1,238.6,20.7,8,,2021-09-19T05:44:35,2021-09-19T17:56:01,0.44,Partially cloudy,Partly cloudy throughout the day.,partly-cloudy-day,"48820099999,48823099999,48825099999,48831099999,VVNB"
Hanoi,2021-09-20,33,25,28.5,40.6,25,33,25.1,83.1,0.105,100,4.17,rain,0,0,19.4,18.4,344.8,1009.9,49.1,9,198.4,17.2,7,,2021-09-20T05:44:49,2021-09-20T17:55:04,0.47,"Rain, Partially cloudy",Partly cloudy throughout the day with late afternoon rain.,rain,"48820099999,48823099999,48825099999,48831099999,VVNB"
Hanoi,2021-09-21,34,24,29.1,40.7,24,31.8,23.1,72.8,0.439,100,8.33,rain,0,0,19.4,9.5,80.9,1009.3,48.6,9.7,240.1,20.7,9,,2021-09-21T05:45:04,2021-09-21T17:54:07,0.5,"Rain, Partially cloudy",Partly cloudy throughout the day with rain in the morning and afternoon.,rain,"48820099999,48823099999,48825099999,48831099999,VVNB"
Hanoi,2021-09-22,32,25,27.9,40.7,25,32,25.7,88.6,2.002,100,8.33,rain,0,0,25.6,14.8,83.5,1009.1,56.9,9.3,152.8,13.3,6,,2021-09-22T05:45:18,2021-09-22T17:53:10,0.54,"Rain, Partially cloudy",Partly cloudy throughout the day with rain in the morning and afternoon.,rain,"48820099999,48823099999,48825099999,48831099999,VVNB"
Hanoi,2021-09-23,32,25,27.9,40.7,25,30.8,25.1,86.1,0.511,100,8.33,rain,0,0,23.8,20.5,338.3,1011.1,62.6,9.7,142.7,12.4,6,,2021-09-23T05:45:33,2021-09-23T17:52:13,0.57,"Rain, Partially cloudy",Partly cloudy throughout the day with rain.,rain,"48820099999,48823099999,48825099999,48831099999,VVNB"
Hanoi,2021-09-24,28,25,26.3,34.5,25,28,25.5,95.5,17.535,100,12.5,rain,0,0,26.3,9.4,8.3,1011.5,63.4,8.9,75.4,6.5,3,,2021-09-24T05:45:48,2021-09-24T17:51:16,0.6,"Rain, Partially cloudy",Partly cloudy throughout the day with rain.,rain,"48820099999,48823099999,48825099999,48831099999,VVNB"
Hanoi,2021-09-25,32,23,26,40.7,23,27.8,24.8,93.8,89.443,100,16.67,rain,0,0,46.4,27.7,0.3,1011.3,83.9,8.7,95.9,8.3,4,,2021-09-25T05:46:03,2021-09-25T17:50:20,0.64,"Rain, Partially cloudy",Partly cloudy throughout the day with a chance of rain throughout the day.,rain,"48820099999,48823099999,48825099999,48831099999,VVNB"
Hanoi,2021-09-26,30.1,24,26.2,38.8,24,28.3,25.2,94.5,34.791,100,16.67,rain,0,0,35.3,14.8,270.5,1011.7,65.8,9.7,115.1,9.9,5,,2021-09-26T05:46:18,2021-09-26T17:49:23,0.67,"Rain, Partially cloudy",Partly cloudy throughout the day with a chance of rain throughout the day.,rain,"48820099999,48823099999,48825099999,48831099999,VVNB"
Hanoi,2021-09-27,32,24,27.4,37.9,24,30.3,24.2,84.6,5.752,100,12.5,rain,0,0,25.2,9.4,289,1011.2,58.4,9.7,147.8,13,6,,2021-09-27T05:46:34,2021-09-27T17:48:27,0.7,"Rain, Partially cloudy",Partly cloudy throughout the day with a chance of rain throughout the day.,rain,"48820099999,48823099999,48825099999,48831099999,VVNB"
Hanoi,2021-09-28,33.5,25,29,40.7,25,31.9,23.6,75.8,0,0,0,,0,0,17.6,14.8,185.3,1009.7,22,10.1,234.3,20.2,9,,2021-09-28T05:46:49,2021-09-28T17:47:31,0.73,Partially cloudy,Partly cloudy throughout the day.,partly-cloudy-day,"48820099999,48823099999,48825099999,48831099999,VVNB"
Hanoi,2021-09-29,33.4,26,29.3,39.1,26,33,24.4,77.4,0,0,0,,0,0,15.1,14.8,109.4,1008.3,28.2,8.5,244.3,21,8,,2021-09-29T05:47:05,2021-09-29T17:46:35,0.75,Partially cloudy,Partly cloudy throughout the day.,partly-cloudy-day,"48820099999,48823099999,48825099999,48831099999,VVNB"
Hanoi,2021-09-30,34,26,29.8,38.8,26,34.5,24.6,76.2,0.1,100,4.17,rain,0,0,20.5,14.8,111.3,1008.3,21.1,8.5,238.1,20.5,8,,2021-09-30T05:47:21,2021-09-30T17:45:39,0.8,"Rain, Partially cloudy",Partly cloudy throughout the day with morning rain.,rain,"48820099999,48823099999,48825099999,48831099999,VVNB"
Hanoi,2021-10-01,34,26,29.7,40.7,26,35,25.2,78.5,0.6,100,8.33,rain,0,0,19.4,14.8,113.9,1008.4,34.3,8.9,204.4,17.6,7,,2021-10-01T05:47:37,2021-10-01T17:44:44,0.83,"Rain, Partially cloudy",Partly cloudy throughout the day with afternoon rain.,rain,"48820099999,48823099999,48825099999,48831099999,VVNB"
Hanoi,2021-10-02,31,25,26.6,39.1,25,28.7,25.5,94.1,7.9,100,41.67,rain,0,0,31.7,14.8,354.5,1009.5,47.1,7.9,125.7,10.9,6,,2021-10-02T05:47:53,2021-10-02T17:43:49,0.86,"Rain, Partially cloudy",Partly cloudy throughout the day with rain.,rain,"48820099999,VVNB"
Hanoi,2021-10-03,33,25,28.3,40.7,25,32.2,25,84.6,0.1,100,4.17,rain,0,0,23.8,14.8,112,1010.1,24.7,7.3,227.6,19.7,8,,2021-10-03T05:48:10,2021-10-03T17:42:54,0.89,"Rain, Partially cloudy",Partly cloudy throughout the day with early morning rain.,rain,"48820099999,VVNB"
Hanoi,2021-10-04,32,25,27.4,40.7,25,30,25.4,89.4,8.021,100,12.5,rain,0,0,22,24.1,322.3,1011.1,40.3,9,221.2,19.1,8,,2021-10-04T05:48:27,2021-10-04T17:42:00,0.93,"Rain, Partially cloudy",Partly cloudy throughout the day with rain.,rain,"48820099999,48823099999,48825099999,48831099999,VVNB"
Hanoi,2021-10-05,33,25,28.8,37.4,25,31.8,23.8,77,0.343,100,16.67,rain,0,0,28.1,14.8,86.1,1010.8,66.1,10.1,146.9,12.6,6,,2021-10-05T05:48:44,2021-10-05T17:41:06,0.96,"Rain, Partially cloudy",Partly cloudy throughout the day with a chance of rain throughout the day.,rain,"48820099999,48823099999,48825099999,48831099999,VVNB"
Hanoi,2021-10-06,34,26,29.3,37.7,26,33.2,24.4,77.7,0.175,100,8.33,rain,0,0,26.6,9.6,315.9,1007.8,34.6,8.9,224.6,19.5,8,,2021-10-06T05:49:02,2021-10-06T17:40:12,0,"Rain, Partially cloudy",Partly cloudy throughout the day with rain.,rain,"48820099999,48823099999,48825099999,48831099999,VVNB"
Hanoi,2021-10-07,34.5,26,29.6,39.1,26,33.3,24.3,76.6,0.2,100,8.33,rain,0,0,29.9,13,324.5,1005.2,25,9.5,219.6,19.1,8,,2021-10-07T05:49:20,2021-10-07T17:39:19,0.03,"Rain, Partially cloudy",Partly cloudy throughout the day with rain in the morning and afternoon.,rain,"48820099999,48823099999,48825099999,48831099999,VVNB,remote"
Hanoi,2021-10-08,34,27,30.2,37.3,29.2,32.6,21.1,60.7,0,0,0,,0,0,34.6,20.5,346.8,1004.2,59.9,10.2,192.5,16.6,7,,2021-10-08T05:49:38,2021-10-08T17:38:27,0.06,Partially cloudy,Partly cloudy throughout the day.,partly-cloudy-day,"48820099999,48823099999,48825099999,48831099999,VVNB"
Hanoi,2021-10-09,29.1,23,26.5,32.3,23,27.3,21.9,78.2,9.129,100,12.5,rain,0,0,34.2,14.8,340.2,1004.2,63.5,9.6,45.5,4,2,,2021-10-09T05:49:57,2021-10-09T17:37:35,0.1,"Rain, Partially cloudy",Partly cloudy throughout the day with rain.,rain,"48820099999,48823099999,48825099999,48831099999,VVNB"
Hanoi,2021-10-10,25,23,23.9,25,23,23.9,23.7,98.6,86.598,100,25,rain,0,0,50.4,20.5,318.5,1002.9,97.5,7.9,21.8,1.8,1,,2021-10-10T05:50:16,2021-10-10T17:36:43,0.13,"Rain, Overcast",Cloudy skies throughout the day with a chance of rain throughout the day.,rain,"48820099999,48823099999,48825099999,48831099999,VVNB"
Hanoi,2021-10-11,24,23,23.5,24,23,23.5,22.8,96.1,102.811,100,16.67,rain,0,0,42.5,22.3,15.1,1008,93.3,7.9,24.5,2,2,,2021-10-11T05:50:35,2021-10-11T17:35:52,0.17,"Rain, Overcast",Cloudy skies throughout the day with a chance of rain throughout the day.,rain,"48820099999,48823099999,48825099999,48831099999,VVNB"
Hanoi,2021-10-12,29,22,25.1,29.8,22,25.2,17.9,66.2,0,0,0,,0,0,42.8,20.7,1.7,1009.4,45.4,11.6,219.2,19.1,8,,2021-10-12T05:50:55,2021-10-12T17:35:02,0.2,Partially cloudy,Partly cloudy throughout the day.,partly-cloudy-day,"48820099999,48823099999,48825099999,48831099999,VVNB"
Hanoi,2021-10-13,27,22,24.3,27.5,22,24.3,19.2,74.6,5.192,100,8.33,rain,0,0,67.3,18.4,340.6,1005.9,96.9,9.8,94.4,8,5,,2021-10-13T05:51:15,2021-10-13T17:34:12,0.25,"Rain, Overcast",Cloudy skies throughout the day with rain.,rain,"48820099999,48823099999,48825099999,48831099999,VVNB"
Hanoi,2021-10-14,25,21,22.8,25,21,22.8,21,90.1,13.156,100,25,rain,0,0,67.3,24.1,6.8,1006,92.5,9.8,28.6,2.4,1,,2021-10-14T05:51:35,2021-10-14T17:33:23,0.27,"Rain, Overcast",Cloudy skies throughout the day with a chance of rain throughout the day.,rain,"48820099999,48823099999,48825099999,48831099999,VVNB"
Hanoi,2021-10-15,22,21,21.4,22,21,21.4,21.2,98.8,33.419,100,16.67,rain,0,0,36.7,14.8,333,1011.1,99.5,8.2,28.7,2.4,1,,2021-10-15T05:51:56,2021-10-15T17:32:35,0.31,"Rain, Overcast",Cloudy skies throughout the day with a chance of rain throughout the day.,rain,"48820099999,48823099999,48825099999,48831099999,VVNB"
Hanoi,2021-10-16,24,19.3,21.4,24,19.3,21.4,20.1,92.8,51.199,100,16.67,rain,0,0,36.4,20.5,347.1,1016.5,96.9,9.4,30.4,2.6,2,,2021-10-16T05:52:18,2021-10-16T17:31:47,0.34,"Rain, Overcast",Cloudy skies throughout the day with a chance of rain throughout the day.,rain,"48820099999,48823099999,48825099999,48831099999,VVNB"
Hanoi,2021-10-17,24,19.6,21.2,24,19.6,21.2,15.8,71.9,3.056,100,8.33,rain,0,0,44.6,22.3,1.5,1019.9,74.1,10,131.3,11.2,6,,2021-10-17T05:52:40,2021-10-17T17:31:00,0.38,"Rain, Partially cloudy",Partly cloudy throughout the day with rain.,rain,"48820099999,48823099999,48825099999,48831099999,VVNB,remote"
Hanoi,2021-10-18,21,18,19.2,21,18,19.2,18.4,95.3,14.771,100,12.5,rain,0,0,26.6,11.2,337,1018.9,99.2,7.8,27.7,2.5,1,,2021-10-18T05:53:02,2021-10-18T17:30:14,0.41,"Rain, Overcast",Cloudy skies throughout the day with a chance of rain throughout the day.,rain,"48820099999,48823099999,48825099999,48831099999,VVNB"
Hanoi,2021-10-19,24.6,20,22,24.6,20,22,21.2,95.7,2.985,100,8.33,rain,0,0,31,9.4,51.4,1017.4,97.7,8.9,77,6.7,4,,2021-10-19T05:53:25,2021-10-19T17:29:28,0.45,"Rain, Overcast",Cloudy skies throughout the day with rain in the morning and afternoon.,rain,"48820099999,48823099999,48825099999,48831099999,VVNB,remote"
Hanoi,2021-10-20,31.3,22,26.2,37.7,22,28.6,23.9,88.1,0,0,0,,0,0,29.2,16.6,119.3,1013.8,72,8.1,187.6,16.1,7,,2021-10-20T05:53:48,2021-10-20T17:28:44,0.5,Partially cloudy,Partly cloudy throughout the day.,partly-cloudy-day,"48820099999,48823099999,48825099999,48831099999,VVNB"
Hanoi,2021-10-21,26,20,22.7,26,20,22.7,20.5,88.3,12,100,25,rain,0,0,55.4,33.5,37.2,1015.2,92.5,8.4,88.8,7.6,5,,2021-10-21T05:54:12,2021-10-21T17:28:00,0.52,"Rain, Overcast",Cloudy skies throughout the day with rain clearing later.,rain,"48820099999,48823099999,48825099999,48831099999,VVNB"
Hanoi,2021-10-22,21.5,19,20.1,21.5,19,20.1,14.4,70.8,0.007,100,4.17,rain,0,0,32.4,18.4,22.6,1020.8,93.7,10.4,62.2,5.4,3,,2021-10-22T05:54:36,2021-10-22T17:27:17,0.55,"Rain, Overcast",Cloudy skies throughout the day with early morning rain.,rain,"48820099999,48823099999,48825099999,48831099999,VVNB"
Hanoi,2021-10-23,25,18,21,25,18,21,13.7,65,0,0,0,,0,0,26.6,14.8,1.1,1021.4,60.9,11.2,145.4,12.6,6,,2021-10-23T05:55:01,2021-10-23T17:26:34,0.58,Partially cloudy,Partly cloudy throughout the day.,partly-cloudy-day,"48820099999,48823099999,48825099999,48831099999,VVNB"
Hanoi,2021-10-24,25.6,19,21.6,25.6,19,21.6,15.1,68.9,0,0,0,,0,0,29.9,13,338.2,1020.3,31.3,9.6,193.7,16.7,7,,2021-10-24T05:55:26,2021-10-24T17:25:53,0.62,Partially cloudy,Clearing in the afternoon.,partly-cloudy-day,"48820099999,48823099999,48825099999,48831099999,VVNB"
Hanoi,2021-10-25,27.7,18,22.3,27.2,18,22.3,16.5,74,0,0,0,,0,0,23,16.6,6.4,1017.2,9.5,9.9,222.8,19.2,8,,2021-10-25T05:55:52,2021-10-25T17:25:13,0.65,Clear,Clear conditions throughout the day.,clear-day,"48820099999,48823099999,48825099999,48831099999,VVNB,remote"
Hanoi,2021-10-26,28,18,23.1,28.2,18,23.2,18.1,77,0,0,0,,0,0,16.6,11.2,58.7,1015.7,17.3,6.8,163.1,14,7,,2021-10-26T05:56:18,2021-10-26T17:24:33,0.68,Clear,Clear conditions throughout the day.,clear-day,"48820099999,48823099999,48825099999,48831099999,VVNB"
Hanoi,2021-10-27,29.1,20,24.8,29.1,20,24.8,18.3,71.1,0,0,0,,0,0,26.3,13,10.6,1016.4,24.2,7.4,203.1,17.6,8,,2021-10-27T05:56:45,2021-10-27T17:23:55,0.72,Partially cloudy,Becoming cloudy in the afternoon.,partly-cloudy-day,"48820099999,48823099999,48825099999,48831099999,VVNB"
Hanoi,2021-10-28,25,20.9,22.7,25,20.9,22.7,19.6,84.5,40.371,100,12.5,rain,0,0,23,13,346.6,1017.3,84.7,6.6,31,2.6,1,,2021-10-28T05:57:12,2021-10-28T17:23:18,0.75,"Rain, Partially cloudy",Partly cloudy throughout the day with rain.,rain,"48820099999,48823099999,48825099999,48831099999,VVNB"
Hanoi,2021-10-29,22.5,21,21.6,22.5,21,21.6,21.4,98.7,18.053,100,16.67,rain,0,0,29.5,9.4,342.7,1017.7,96.5,7.5,43.9,3.7,2,,2021-10-29T05:57:40,2021-10-29T17:22:41,0.75,"Rain, Overcast",Cloudy skies throughout the day with a chance of rain throughout the day.,rain,"48820099999,48823099999,48825099999,48831099999,VVNB"
Hanoi,2021-10-30,22,19,20.1,22,19,20.1,19.8,98,34.427,100,12.5,rain,0,0,21.2,18.4,359.3,1018.7,100,8.6,21,1.8,1,,2021-10-30T05:58:08,2021-10-30T17:22:06,0.81,"Rain, Overcast",Cloudy skies throughout the day with a chance of rain throughout the day.,rain,"48820099999,48823099999,48825099999,48831099999,VVNB"
Hanoi,2021-10-31,22,19.7,20.7,22,19.7,20.7,20.3,97.7,1,100,12.5,rain,0,0,20.2,9.4,3.4,1017.6,95.9,9.2,34.6,3.1,2,,2021-10-31T05:58:37,2021-10-31T17:21:31,0.85,"Rain, Overcast",Cloudy skies throughout the day with rain.,rain,"48820099999,48823099999,48825099999,48831099999,VVNB"
Hanoi,2021-11-01,22.1,20,21.2,22.1,20,21.2,20.8,97.6,4.948,100,12.5,rain,0,0,20.5,13,8.3,1017.5,93.4,8.9,29.8,2.6,1,,2021-11-01T05:59:06,2021-11-01T17:20:58,0.88,"Rain, Overcast",Cloudy skies throughout the day with a chance of rain throughout the day.,rain,"48820099999,48823099999,48825099999,48831099999,VVNB"
Hanoi,2021-11-02,23,21,21.8,23,21,21.8,21.4,97.7,3.93,100,8.33,rain,0,0,27.7,13,7.1,1017.3,98.1,8.5,40.8,3.5,2,,2021-11-02T05:59:36,2021-11-02T17:20:26,0.91,"Rain, Overcast",Cloudy skies throughout the day with rain in the morning and afternoon.,rain,"48820099999,48823099999,48825099999,48831099999,VVNB"
Hanoi,2021-11-03,27.4,21,23.4,30.6,21,23.8,22,92.1,0.098,100,4.17,rain,0,0,15.1,13,54.1,1015.4,77.5,9,96.9,8.3,6,,2021-11-03T06:00:07,2021-11-03T17:19:55,0.95,"Rain, Partially cloudy",Partly cloudy throughout the day with early morning rain.,rain,"48820099999,48823099999,48825099999,48831099999,VVNB"
Hanoi,2021-11-04,30.4,22,26.3,33.6,22,27.6,22.5,81.8,0,0,0,,0,0,27,18.4,128.3,1012.5,42.7,9.4,138.9,12,5,,2021-11-04T06:00:38,2021-11-04T17:19:25,0.98,Partially cloudy,Partly cloudy throughout the day.,partly-cloudy-day,"48820099999,48823099999,48825099999,48831099999,VVNB"
Hanoi,2021-11-05,30.5,24,26.5,35.6,24,28.2,23.5,84.7,0,0,0,,0,0,28.8,16.6,133.4,1010.2,60.9,10.5,169.9,14.7,6,,2021-11-05T06:01:09,2021-11-05T17:18:57,0,Partially cloudy,Partly cloudy throughout the day.,partly-cloudy-day,"48820099999,48823099999,48825099999,48831099999,VVNB"
Hanoi,2021-11-06,30,24,26.4,38.8,24,28.8,24.5,89.5,0,0,0,,0,0,23.4,14.8,127,1008,71,8.3,141.3,12.4,5,,2021-11-06T06:01:41,2021-11-06T17:18:29,0.05,Partially cloudy,Partly cloudy throughout the day.,partly-cloudy-day,"48820099999,48823099999,48825099999,48831099999,VVNB"
Hanoi,2021-11-07,31,23,26.8,39.1,23,29.4,24.8,89.4,0.052,100,4.17,rain,0,0,47.5,14.8,104.2,1011,69,8.8,145.7,12.7,5,,2021-11-07T06:02:14,2021-11-07T17:18:03,0.08,"Rain, Partially cloudy",Partly cloudy throughout the day with morning rain.,rain,"48820099999,48823099999,48825099999,48831099999,VVNB"
Hanoi,2021-11-08,24.3,18,20.1,24.3,18,20.1,12.7,62.8,0.76,100,8.33,rain,0,0,38.9,33.5,2,1019.9,90.6,10,48.4,4.1,2,,2021-11-08T06:02:47,2021-11-08T17:17:38,0.11,"Rain, Overcast",Cloudy skies throughout the day with rain in the morning and afternoon.,rain,"48820099999,48823099999,48825099999,48831099999,remote,VVNB"
Hanoi,2021-11-09,24,17,20.1,24,17,20.1,8.6,49.2,0,0,0,,0,0,25.6,14.8,14,1020.3,42.4,10,193.2,16.7,7,,2021-11-09T06:03:20,2021-11-09T17:17:14,0.15,Partially cloudy,Partly cloudy throughout the day.,partly-cloudy-day,"48820099999,48823099999,48825099999,48831099999,VVNB"
Hanoi,2021-11-10,24,19,20.7,24,19,20.7,8.5,46.9,0,0,0,,0,0,25.2,14,0.5,1020.1,32.9,10.1,197,17.1,8,,2021-11-10T06:03:54,2021-11-10T17:16:51,0.18,Partially cloudy,Partly cloudy throughout the day.,partly-cloudy-day,"48820099999,48823099999,48825099999,48831099999,VVNB"
Hanoi,2021-11-11,25.5,16,20.8,25.5,16,20.8,12.8,64,0,0,0,,0,0,17.6,9.5,22.2,1017.3,25.8,9.7,212.6,18.4,8,,2021-11-11T06:04:29,2021-11-11T17:16:30,0.25,Partially cloudy,Partly cloudy throughout the day.,partly-cloudy-day,"48820099999,48823099999,48825099999,48831099999,VVNB"
Hanoi,2021-11-12,25,20,21.9,25,20,21.9,13.4,59.4,0,0,0,,0,0,27.7,18.4,356.1,1019.2,76.2,9.8,120.7,10.4,6,,2021-11-12T06:05:04,2021-11-12T17:16:10,0.25,Partially cloudy,Partly cloudy throughout the day.,partly-cloudy-day,"48820099999,48823099999,48825099999,48831099999,VVNB"
Hanoi,2021-11-13,24.4,19,21.2,24.4,19,21.2,12,56.6,0,0,0,,0,0,27,16.6,341.2,1019.4,51.2,10.2,157.4,13.5,6,,2021-11-13T06:05:39,2021-11-13T17:15:51,0.29,Partially cloudy,Partly cloudy throughout the day.,partly-cloudy-day,"48820099999,48823099999,48825099999,48831099999,VVNB"
Hanoi,2021-11-14,26,17,21.2,26,17,21.2,14.2,67.6,0,0,0,,0,0,19.8,13,350.9,1017.8,19.1,9.2,197.9,17,8,,2021-11-14T06:06:15,2021-11-14T17:15:34,0.32,Clear,Clear conditions throughout the day.,clear-day,"48820099999,48823099999,48825099999,48831099999,VVNB"
Hanoi,2021-11-15,26.1,18.7,22.1,26.1,18.7,22.1,16.5,73,0,0,0,,0,0,16.9,16.6,101.3,1015.7,53.5,7.9,147.8,12.7,7,,2021-11-15T06:06:51,2021-11-15T17:15:18,0.36,Partially cloudy,Partly cloudy throughout the day.,partly-cloudy-day,"48820099999,48823099999,48825099999,48831099999,VVNB"
Hanoi,2021-11-16,22,21,21.3,22,21,21.3,18.9,86,0.098,100,4.17,rain,0,0,13.3,9.4,353.9,1015.7,95.4,4.7,44.3,3.7,2,,2021-11-16T06:07:27,2021-11-16T17:15:03,0.39,"Rain, Overcast",Cloudy skies throughout the day with afternoon rain.,rain,"48820099999,48823099999,48825099999,48831099999,VVNB"
Hanoi,2021-11-17,22,20,21,22,20,21,18.4,85.2,0.393,100,4.17,rain,0,0,36,16.6,7,1017.3,95.8,6.5,36.6,3,2,,2021-11-17T06:08:04,2021-11-17T17:14:49,0.43,"Rain, Overcast",Cloudy skies throughout the day with afternoon rain.,rain,"48820099999,48823099999,48825099999,48831099999,VVNB"
Hanoi,2021-11-18,22.1,18,20.1,22.1,18,20.1,13.2,65.2,0,0,0,,0,0,21.6,14.8,3.3,1016,59.3,9.3,110,9.5,5,,2021-11-18T06:08:41,2021-11-18T17:14:37,0.46,Partially cloudy,Partly cloudy throughout the day.,partly-cloudy-day,"48820099999,48823099999,48825099999,48831099999,VVNB"
Hanoi,2021-11-19,23.6,17,20.1,23.6,17,20.1,17.2,83.5,0,0,0,,0,0,27,13,72.9,1010.6,84.9,5.4,137.4,11.9,7,,2021-11-19T06:09:19,2021-11-19T17:14:27,0.5,Partially cloudy,Partly cloudy throughout the day.,partly-cloudy-day,"48820099999,48823099999,48825099999,48831099999,VVNB"
Hanoi,2021-11-20,28.6,19.8,23.2,31.4,19.8,23.7,21,88.7,0.787,100,8.33,rain,0,0,29.5,11.2,176.1,1009,87.4,4.6,88.5,7.5,3,,2021-11-20T06:09:56,2021-11-20T17:14:17,0.53,"Rain, Partially cloudy",Partly cloudy throughout the day with rain.,rain,"48820099999,48823099999,48825099999,48831099999,VVNB"
Hanoi,2021-11-21,31,23.1,26.2,36.5,23.1,27.8,22.8,82.1,0.098,100,4.17,rain,0,0,40.3,14.8,138.9,1011.7,65.7,8,137.4,12,6,,2021-11-21T06:10:34,2021-11-21T17:14:09,0.56,"Rain, Partially cloudy",Partly cloudy throughout the day with morning rain.,rain,"48820099999,48823099999,48825099999,48831099999,VVNB"
Hanoi,2021-11-22,24.5,18,20.8,24.5,18,20.8,14.4,68.1,1.349,100,8.33,rain,0,0,46.4,27.7,19.9,1018,84.3,9.4,52.9,4.4,2,,2021-11-22T06:11:13,2021-11-22T17:14:02,0.59,"Rain, Partially cloudy",Partly cloudy throughout the day with rain in the morning and afternoon.,rain,"48820099999,48823099999,48825099999,48831099999,VVNB"
Hanoi,2021-11-23,21,17,18.2,21,17,18.2,9.5,57.2,0,0,0,,0,0,28.8,20.5,10,1022.1,84.9,10,101.8,8.7,4,,2021-11-23T06:11:51,2021-11-23T17:13:57,0.63,Partially cloudy,Partly cloudy throughout the day.,partly-cloudy-day,"48820099999,48823099999,48825099999,48831099999,VVNB"
Hanoi,2021-11-24,21.5,17,18.6,21.5,17,18.6,10.7,60.6,0,0,0,,0,0,25.6,19.1,347.6,1021.8,81.1,10,112.2,9.5,5,,2021-11-24T06:12:30,2021-11-24T17:13:53,0.66,Partially cloudy,Partly cloudy throughout the day.,partly-cloudy-day,"48820099999,48823099999,48825099999,48831099999,VVNB"
Hanoi,2021-11-25,21.1,16,18.1,21.1,16,18.1,13.3,75.4,0,0,0,,0,0,23,9.6,302.6,1019.8,38.5,9.6,167.5,14.4,6,,2021-11-25T06:13:09,2021-11-25T17:13:51,0.7,Partially cloudy,Partly cloudy throughout the day.,partly-cloudy-day,"48820099999,48823099999,48825099999,48831099999,VVNB"
Hanoi,2021-11-26,24.5,15.7,19.6,24.5,15.7,19.6,14.7,74.3,0.3,100,12.5,rain,0,0,22,13,315.5,1019.3,25.8,8.4,163,14,7,,2021-11-26T06:13:48,2021-11-26T17:13:50,0.73,"Rain, Partially cloudy",Partly cloudy throughout the day with late afternoon rain.,rain,"48820099999,48823099999,48825099999,48831099999,VVNB"
Hanoi,2021-11-27,25.9,18,21.2,25.9,18,21.2,13.5,65.2,0,0,0,,0,0,25.2,14.8,7.8,1020.2,23.2,9.5,182.7,15.7,7,,2021-11-27T06:14:27,2021-11-27T17:13:50,0.75,Partially cloudy,Partly cloudy throughout the day.,partly-cloudy-day,"48820099999,48823099999,48825099999,48831099999,VVNB"
Hanoi,2021-11-28,26,15,20.4,26,15,20.4,14.3,70.7,0,0,0,,0,0,20.9,10,325.3,1019.7,29.9,9.5,195.2,16.8,7,,2021-11-28T06:15:06,2021-11-28T17:13:51,0.8,Partially cloudy,Partly cloudy throughout the day.,partly-cloudy-day,"48820099999,48823099999,48825099999,48831099999,VVNB,remote"
Hanoi,2021-11-29,27.6,18,21.7,27.4,18,21.7,15.4,70.4,0,0,0,,0,0,19.1,9.8,336.8,1018.1,43.3,9.8,181,15.7,7,,2021-11-29T06:15:45,2021-11-29T17:13:54,0.83,Partially cloudy,Partly cloudy throughout the day.,partly-cloudy-day,"48820099999,48823099999,48825099999,48831099999,VVNB"
Hanoi,2021-11-30,26,19,22,26,19,22,12.9,58.4,0,0,0,,0,0,36.4,22.3,358.3,1020.7,45.2,9.6,139.9,12.1,6,,2021-11-30T06:16:24,2021-11-30T17:13:59,0.86,Partially cloudy,Partly cloudy throughout the day.,partly-cloudy-day,"48820099999,48823099999,48825099999,48831099999,VVNB"
Hanoi,2021-12-01,24.1,15,19.8,24.1,15,19.8,10.4,56.6,0,0,0,,0,0,28.8,14.8,16.7,1021.9,33,9.7,202.4,17.5,7,,2021-12-01T06:17:03,2021-12-01T17:14:04,0.9,Partially cloudy,Clearing in the afternoon.,partly-cloudy-day,"48820099999,48823099999,48825099999,48831099999,VVNB"
Hanoi,2021-12-02,25.4,12,17.3,25.4,12,17.3,8.3,60.8,0,0,0,,0,0,24.5,13,3,1022.6,15.4,10.8,196.1,17.1,7,,2021-12-02T06:17:43,2021-12-02T17:14:11,0.93,Clear,Clear conditions throughout the day.,clear-day,"48820099999,48823099999,48825099999,48831099999,VVNB"
Hanoi,2021-12-03,24,12,17.1,24,12,17.1,10.8,70.6,0,0,0,,0,0,23.8,13,333,1022.5,8.1,8.8,201,17.6,7,,2021-12-03T06:18:21,2021-12-03T17:14:20,0.96,Clear,Clear conditions throughout the day.,clear-day,"48820099999,48823099999,48825099999,48831099999,VVNB"
Hanoi,2021-12-04,24,12,17.5,24,12,17.5,9.4,64.8,0,0,0,,0,0,21.2,7.6,341.9,1022,3.5,8.6,198.1,17.2,7,,2021-12-04T06:19:00,2021-12-04T17:14:29,0,Clear,Clear conditions throughout the day.,clear-day,"48820099999,48823099999,48825099999,48831099999,VVNB"
Hanoi,2021-12-05,24,12.7,17.8,24,12.7,17.8,10.8,67.6,0,0,0,,0,0,23.8,12,319.3,1021.7,0.2,7.5,192.3,16.6,7,,2021-12-05T06:19:39,2021-12-05T17:14:40,0.03,Clear,Clear conditions throughout the day.,clear-day,"48820099999,48823099999,48825099999,48831099999,VVNB"
Hanoi,2021-12-06,25,13,18,25,13,18,11.3,69.5,0,0,0,,0,0,22.7,11.2,355.8,1020.9,0.3,9.1,195.9,16.9,7,,2021-12-06T06:20:17,2021-12-06T17:14:53,0.06,Clear,Clear conditions throughout the day.,clear-day,"48820099999,48823099999,48825099999,48831099999,VVNB"
Hanoi,2021-12-07,25,11,17.7,25,11,17.7,10.7,67.4,0,0,0,,0,0,16.6,11.2,95.7,1020.8,0,8.7,194.8,16.7,7,,2021-12-07T06:20:56,2021-12-07T17:15:06,0.1,Clear,Clear conditions throughout the day.,clear-day,"48820099999,48823099999,48825099999,48831099999,VVNB"
Hanoi,2021-12-08,24,12,18.7,24,12,18.7,13.4,73.6,0.1,100,4.17,rain,0,0,16.9,7.6,336.5,1021.4,47.9,8.1,145.5,12.6,5,,2021-12-08T06:21:33,2021-12-08T17:15:21,0.13,"Rain, Partially cloudy",Partly cloudy throughout the day with late afternoon rain.,rain,"48820099999,48823099999,48825099999,48831099999,VVNB"
Hanoi,2021-12-09,22,17.7,19.7,22,17.7,19.7,16.1,79.9,0.7,100,20.83,rain,0,0,22.7,11.2,302,1022.4,70.2,6.7,64.9,5.7,3,,2021-12-09T06:22:11,2021-12-09T17:15:37,0.16,"Rain, Partially cloudy",Partly cloudy throughout the day with rain clearing later.,rain,"48820099999,48823099999,48825099999,48831099999,VVNB"
Hanoi,2021-12-10,25,17,20.8,25,17,20.8,17.3,81.5,0,0,0,,0,0,23.4,16.6,131.9,1019.7,33.6,7,118.1,10.1,5,,2021-12-10T06:22:48,2021-12-10T17:15:54,0.2,Partially cloudy,Partly cloudy throughout the day.,partly-cloudy-day,"48820099999,48823099999,48825099999,48831099999,VVNB"
Hanoi,2021-12-11,24,19,21.4,24,19,21.4,17.1,78.1,0,0,0,,0,0,18.4,14.8,120.2,1019.8,37.7,6.3,97.9,8.5,4,,2021-12-11T06:23:25,2021-12-11T17:16:13,0.25,Partially cloudy,Partly cloudy throughout the day.,partly-cloudy-day,"48820099999,48823099999,48825099999,48831099999,VVNB"
Hanoi,2021-12-12,26,17.1,20.9,26,17.1,20.9,16.4,76.9,0.002,100,4.17,rain,0,0,38.2,22.3,12.4,1021.8,43.5,6.3,145.4,12.6,6,,2021-12-12T06:24:01,2021-12-12T17:16:32,0.27,"Rain, Partially cloudy",Partly cloudy throughout the day with late afternoon rain.,rain,"48820099999,48823099999,48825099999,48831099999,VVNB"
Hanoi,2021-12-13,21.3,14,18.4,21.3,14,18.4,11.1,63.4,0,0,0,,0,0,25.2,18.4,6.8,1022.5,53.3,9.9,125.1,10.8,5,,2021-12-13T06:24:37,2021-12-13T17:16:53,0.3,Partially cloudy,Partly cloudy throughout the day.,partly-cloudy-day,"48820099999,48823099999,48825099999,48831099999,VVNB"
Hanoi,2021-12-14,23.2,13,18.2,23.2,13,18.2,13.7,76.7,0,0,0,,0,0,22,11.2,64.7,1018.1,20.4,7.8,176.2,15,7,,2021-12-14T06:25:13,2021-12-14T17:17:15,0.33,Partially cloudy,Becoming cloudy in the afternoon.,partly-cloudy-day,"48820099999,48823099999,48825099999,48831099999,VVNB,remote"
Hanoi,2021-12-15,21.9,16,18.9,21.9,16,18.9,17.4,91,0,0,0,,0,0,23.4,9.4,76.1,1014.9,47.9,4.3,122.8,10.5,5,,2021-12-15T06:25:48,2021-12-15T17:17:38,0.37,Partially cloudy,Partly cloudy throughout the day.,partly-cloudy-day,"48820099999,48823099999,48825099999,48831099999,VVNB"
Hanoi,2021-12-16,26,18.6,21.3,26,18.6,21.3,18.3,83.5,0.1,100,4.17,rain,0,0,12.2,7.6,325.9,1015.3,32.6,4.6,73.3,6.3,3,,2021-12-16T06:26:22,2021-12-16T17:18:02,0.4,"Rain, Partially cloudy",Partly cloudy throughout the day with morning rain.,rain,"48820099999,48823099999,48825099999,48831099999,VVNB"
Hanoi,2021-12-17,25.5,18,21.9,25.5,18,21.9,16.4,72.1,0,0,0,,0,0,32,18.4,10.9,1019.3,43,8,96.3,8.2,4,,2021-12-17T06:26:55,2021-12-17T17:18:27,0.43,Partially cloudy,Partly cloudy throughout the day.,partly-cloudy-day,"48820099999,48823099999,48825099999,48831099999,VVNB,remote"
Hanoi,2021-12-18,22.5,17,19.3,22.5,17,19.3,9.6,54.1,0,0,0,,0,0,29.5,18.4,18.9,1022.5,44.8,10,142.9,12.3,5,,2021-12-18T06:27:28,2021-12-18T17:18:53,0.47,Partially cloudy,Partly cloudy throughout the day.,partly-cloudy-day,"48820099999,48823099999,48825099999,48831099999,VVNB"
Hanoi,2021-12-19,22,14,18.2,22,14,18.2,7.7,51.2,0,0,0,,0,0,30.2,20.5,357.1,1021.9,48.7,10,156.3,13.4,7,,2021-12-19T06:28:01,2021-12-19T17:19:21,0.5,Partially cloudy,Partly cloudy throughout the day.,partly-cloudy-day,"48820099999,48823099999,48825099999,48831099999,VVNB"
Hanoi,2021-12-20,22.5,17,19.3,22.5,17,19.3,11,59.6,0,0,0,,0,0,20.5,16.6,36.7,1017.8,92.2,10,78.4,6.9,3,,2021-12-20T06:28:32,2021-12-20T17:19:49,0.53,Overcast,Cloudy skies throughout the day.,cloudy,"48820099999,48823099999,48825099999,48831099999,VVNB"
Hanoi,2021-12-21,23,16,18.9,23,16,18.9,12.6,67.9,0,0,0,,0,0,24.8,13,339.3,1017.4,42,9.3,168.5,14.4,7,,2021-12-21T06:29:03,2021-12-21T17:20:18,0.57,Partially cloudy,Partly cloudy throughout the day.,partly-cloudy-day,"48820099999,48823099999,48825099999,48831099999,VVNB"
Hanoi,2021-12-22,25,14.9,19.1,25,14.9,19.1,13.5,72.2,0,0,0,,0,0,17.3,16.6,83.9,1016.9,18.4,7.2,174.2,15,7,,2021-12-22T06:29:33,2021-12-22T17:20:48,0.6,Clear,Clear conditions throughout the day.,clear-day,"48820099999,48823099999,48825099999,48831099999,VVNB"
Hanoi,2021-12-23,24.7,15,19.6,24.7,15,19.6,14.2,72.8,0,0,0,,0,0,22.3,13,121.9,1015.7,5.6,6.6,180.2,15.5,7,,2021-12-23T06:30:02,2021-12-23T17:21:19,0.64,Clear,Clear conditions throughout the day.,clear-day,"48820099999,48823099999,48825099999,48831099999,VVNB"
Hanoi,2021-12-24,23,17,20.1,23,17,20.1,16.6,81.2,0.3,100,12.5,rain,0,0,13.7,13,51.4,1016.3,47.3,4.8,90.3,7.7,4,,2021-12-24T06:30:30,2021-12-24T17:21:50,0.67,"Rain, Partially cloudy",Partly cloudy throughout the day with rain in the morning and afternoon.,rain,"48820099999,48823099999,48825099999,48831099999,VVNB"
Hanoi,2021-12-25,23.6,19,20.9,23.6,19,20.9,17.7,82.3,2.2,100,33.33,rain,0,0,27,14.8,70.4,1018.9,39.5,5.3,81.1,7,3,,2021-12-25T06:30:57,2021-12-25T17:22:23,0.71,"Rain, Partially cloudy",Partly cloudy throughout the day with rain.,rain,"48820099999,48823099999,48825099999,48831099999,VVNB,remote"
Hanoi,2021-12-26,20,15,18.2,20,15,18.2,14.1,77,1.2,100,16.67,rain,0,0,38.2,22.3,48.9,1022.5,75.5,7.5,36.2,3.1,2,,2021-12-26T06:31:24,2021-12-26T17:22:56,0.74,"Rain, Partially cloudy",Partly cloudy throughout the day with rain.,rain,"48820099999,48823099999,48825099999,48831099999,VVNB"
Hanoi,2021-12-27,15,12,13.3,15,12,13.3,7.9,69.7,0.017,100,4.17,rain,0,0,27,24.1,30.6,1026.7,97,10,34.8,3,2,,2021-12-27T06:31:49,2021-12-27T17:23:30,0.75,"Rain, Overcast",Cloudy skies throughout the day with early morning rain.,rain,"48820099999,48823099999,48825099999,48831099999,VVNB"
Hanoi,2021-12-28,17.1,11,13.9,17.1,11,13.9,9,72.4,0,0,0,,0,0,18.4,13,12.2,1024.8,85.8,9.6,77.7,6.6,3,,2021-12-28T06:32:13,2021-12-28T17:24:05,0.81,Partially cloudy,Partly cloudy throughout the day.,partly-cloudy-day,"48820099999,48823099999,48825099999,48831099999,VVNB"
Hanoi,2021-12-29,16.7,14,15.2,16.7,14,15.2,11.3,77.6,0.1,100,4.17,rain,0,0,20.2,14.8,17.1,1024.2,99,9.5,49.9,4.1,2,,2021-12-29T06:32:37,2021-12-29T17:24:40,0.84,"Rain, Overcast",Cloudy skies throughout the day with late afternoon rain.,rain,"48820099999,48823099999,48825099999,48831099999,VVNB"
Hanoi,2021-12-30,19,13.7,16,19,13.7,16,10.4,69.7,0.006,100,8.33,rain,0,0,23,16.6,6.9,1025.8,98.1,10,59.5,5.1,3,,2021-12-30T06:32:59,2021-12-30T17:25:16,0.88,"Rain, Overcast",Cloudy skies throughout the day with rain.,rain,"48820099999,48823099999,48825099999,48831099999,VVNB"
Hanoi,2021-12-31,17,13,15.1,17,13,15.1,12.7,85.3,0.395,100,8.33,rain,0,0,18.4,14.8,12.4,1025,86.6,8.3,55.2,4.7,3,,2021-12-31T06:33:20,2021-12-31T17:25:53,0.91,"Rain, Partially cloudy",Partly cloudy throughout the day with rain in the morning and afternoon.,rain,"48820099999,48823099999,48825099999,48831099999,VVNB"
Hanoi,2022-01-01,18,14.9,16.2,18,14.9,16.2,12.9,80.8,0,0,0,,0,0,22,14.8,8.6,1024.3,87.3,9.4,67.6,6,4,,2022-01-01T06:33:40,2022-01-01T17:26:30,0.95,Partially cloudy,Partly cloudy throughout the day.,partly-cloudy-day,"48820099999,48823099999,48825099999,48831099999,VVNB"
Hanoi,2022-01-02,22,15,17.4,22,15,17.4,12.5,73.7,0,0,0,,0,0,18.7,11.2,358.2,1022.8,61.4,8.9,149,13,6,,2022-01-02T06:33:59,2022-01-02T17:27:07,0.98,Partially cloudy,Partly cloudy throughout the day.,partly-cloudy-day,"48820099999,48823099999,48825099999,48831099999,VVNB"
Hanoi,2022-01-03,20.3,13,16.7,20.3,13,16.7,13.9,84.7,0,0,0,,0,0,18.7,7.6,338.1,1020.3,57.8,5,117.4,10.1,5,,2022-01-03T06:34:17,2022-01-03T17:27:45,0,Partially cloudy,Partly cloudy throughout the day.,partly-cloudy-day,"48820099999,48823099999,48825099999,48831099999,VVNB"
Hanoi,2022-01-04,24.6,16,20.2,24.6,16,20.2,15.4,75.4,0,0,0,,0,0,20.9,20.5,123.3,1017.7,55.2,6.6,102.5,8.8,4,,2022-01-04T06:34:34,2022-01-04T17:28:24,0.05,Partially cloudy,Partly cloudy throughout the day.,partly-cloudy-day,"48820099999,48823099999,48825099999,48831099999,VVNB"
Hanoi,2022-01-05,24.1,17,20.4,24.1,17,20.4,17.3,83.2,0.4,100,12.5,rain,0,0,16.9,14.8,105.8,1016.2,46,6,70.9,6.1,3,,2022-01-05T06:34:49,2022-01-05T17:29:03,0.08,"Rain, Partially cloudy",Partly cloudy throughout the day with rain in the morning and afternoon.,rain,"48820099999,48823099999,48825099999,48831099999,VVNB"
Hanoi,2022-01-06,25,19,21.4,25,19,21.4,17.9,81.3,0.9,100,20.83,rain,0,0,23.8,17.2,121.5,1017.1,44.5,7.5,82.6,7.1,4,,2022-01-06T06:35:04,2022-01-06T17:29:42,0.11,"Rain, Partially cloudy",Partly cloudy throughout the day with rain in the morning and afternoon.,rain,"48820099999,48823099999,48825099999,48831099999,VVNB"
Hanoi,2022-01-07,24,19,21,24,19,21,16.9,78,1.6,100,37.5,rain,0,0,35.3,22.3,127.2,1019.1,71,8.2,81.6,7,4,,2022-01-07T06:35:17,2022-01-07T17:30:22,0.15,"Rain, Partially cloudy",Partly cloudy throughout the day with a chance of rain throughout the day.,rain,"48820099999,48823099999,48825099999,48831099999,VVNB"
Hanoi,2022-01-08,22,16,19.9,22,16,19.9,16.3,80,0.7,100,20.83,rain,0,0,30.2,20.5,100.6,1017.9,85.4,7.2,46.9,4.3,2,,2022-01-08T06:35:29,2022-01-08T17:31:01,0.18,"Rain, Partially cloudy",Partly cloudy throughout the day with rain.,rain,"48820099999,48823099999,48825099999,48831099999,VVNB"
Hanoi,2022-01-09,16.8,14,14.9,16.8,14,14.9,12.5,85.8,1.871,100,12.5,rain,0,0,24.1,20.5,28.2,1017.7,96.8,8.3,31.5,2.7,2,,2022-01-09T06:35:39,2022-01-09T17:31:41,0.21,"Rain, Overcast",Cloudy skies throughout the day with a chance of rain throughout the day.,rain,"48820099999,48823099999,48825099999,48831099999,VVNB"
Hanoi,2022-01-10,16,13,14.6,16,13,14.6,13.2,92,0.303,100,8.33,rain,0,0,24.1,14.8,17,1017.1,99.5,6.2,48.7,4.2,2,10,2022-01-10T06:35:48,2022-01-10T17:32:22,0.25,"Rain, Overcast",Cloudy skies throughout the day with rain.,rain,"48820099999,48823099999,48825099999,48831099999,VVNB"
Hanoi,2022-01-11,20,15.7,17.4,20,15.7,17.4,10.2,63.3,1.017,100,4.17,rain,0,0,24.5,18.4,20.2,1020.9,30.7,10,114.5,9.9,5,10,2022-01-11T06:35:56,2022-01-11T17:33:02,0.28,"Rain, Partially cloudy",Partly cloudy throughout the day with early morning rain.,rain,"48820099999,48823099999,48825099999,48831099999,VVNB"
Hanoi,2022-01-12,19.3,15,17,19.3,15,17,12.8,77,0,0,0,,0,0,21.2,13,98.9,1019.3,82.6,8.5,123.2,10.6,5,10,2022-01-12T06:36:03,2022-01-12T17:33:43,0.31,Partially cloudy,Partly cloudy throughout the day.,partly-cloudy-day,"48820099999,48823099999,48825099999,48831099999,VVNB"
Hanoi,2022-01-13,17,15,16,17,15,16,12.5,80,0.214,100,4.17,rain,0,0,19.4,18.4,24.9,1021,89.8,8.4,35.5,3.2,2,10,2022-01-13T06:36:09,2022-01-13T17:34:23,0.34,"Rain, Partially cloudy",Partly cloudy throughout the day with afternoon rain.,rain,"48820099999,48823099999,48825099999,48831099999,VVNB"
Hanoi,2022-01-14,18.5,15,16.5,18.5,15,16.5,13.1,80.3,0,0,0,,0,0,17.3,9.4,61.9,1018.7,60,5.8,93.1,8,4,10,2022-01-14T06:36:13,2022-01-14T17:35:04,0.38,Partially cloudy,Partly cloudy throughout the day.,partly-cloudy-day,"48820099999,48823099999,48825099999,48831099999,VVNB"
Hanoi,2022-01-15,21.5,16,18.1,21.5,16,18.1,16,87.8,0.1,100,4.17,rain,0,0,20.9,9.8,304.8,1017.2,57.8,4.1,80.6,6.8,4,10,2022-01-15T06:36:15,2022-01-15T17:35:45,0.41,"Rain, Partially cloudy",Partly cloudy throughout the day with afternoon rain.,rain,"48820099999,48823099999,48825099999,48831099999,VVNB"
Hanoi,2022-01-16,24.5,16,19.5,24.5,16,19.5,17.2,87,0.198,100,8.33,rain,0,0,43.9,24.1,39.4,1017.7,69.6,5.7,122.5,10.5,5,10,2022-01-16T06:36:17,2022-01-16T17:36:26,0.44,"Rain, Partially cloudy",Partly cloudy throughout the day with rain in the morning and afternoon.,rain,"48820099999,48823099999,48825099999,48831099999,VVNB"
Hanoi,2022-01-17,16,13,14.7,16,13,14.7,12.2,84.9,22.843,100,16.67,rain,0,0,23.4,20.5,9.4,1021.6,77.1,9.7,24.1,2.1,1,10,2022-01-17T06:36:17,2022-01-17T17:37:06,0.47,"Rain, Partially cloudy",Partly cloudy throughout the day with a chance of rain throughout the day.,rain,"48820099999,48823099999,48825099999,48831099999,VVNB"
Hanoi,2022-01-18,21.9,15,17.6,21.9,15,17.6,11.1,67.7,0.002,100,4.17,rain,0,0,23.8,14.8,351.9,1021.7,19.4,9.3,122.3,10.5,6,10,2022-01-18T06:36:16,2022-01-18T17:37:47,0.5,Rain,Clear conditions throughout the day with early morning rain.,rain,"48820099999,48823099999,48825099999,48831099999,VVNB"
Hanoi,2022-01-19,22,13,17.3,22,13,17.3,11.9,72.9,0,0,0,,0,0,16.9,13,55.1,1019.4,23.2,8.4,172.1,14.8,6,10,2022-01-19T06:36:13,2022-01-19T17:38:28,0.54,Partially cloudy,Partly cloudy throughout the day.,partly-cloudy-day,"48820099999,48823099999,48825099999,48831099999,VVNB"
Hanoi,2022-01-20,17.5,15,16.5,17.5,15,16.5,13.9,84.7,2.643,100,12.5,rain,0,0,29.9,27.7,98.3,1017,73.2,8.1,122.3,10.5,5,10,2022-01-20T06:36:09,2022-01-20T17:39:08,0.58,"Rain, Partially cloudy",Partly cloudy throughout the day with rain.,rain,"48820099999,48823099999,48825099999,48831099999,VVNB"
Hanoi,2022-01-21,17,16,16.3,17,16,16.3,15.3,94.2,6.951,100,12.5,rain,0,0,22.3,11.2,31.2,1015.5,94.9,4.5,27.9,2.5,2,10,2022-01-21T06:36:04,2022-01-21T17:39:48,0.61,"Rain, Overcast",Cloudy skies throughout the day with rain.,rain,"48820099999,48823099999,48825099999,48831099999,VVNB"
Hanoi,2022-01-22,21.5,16,18.4,21.5,16,18.4,17.3,93.3,5.804,100,4.17,rain,0,0,16.9,11.2,88.7,1011.1,94.9,5.2,67.3,5.9,3,10,2022-01-22T06:35:57,2022-01-22T17:40:29,0.65,"Rain, Overcast",Cloudy skies throughout the day with early morning rain.,rain,"48820099999,48823099999,48825099999,48831099999,VVNB"
Hanoi,2022-01-23,25,18,20.6,25,18,20.6,18.7,89.4,0.199,100,8.33,rain,0,0,16.2,11.2,191.8,1010.6,80.2,4.2,95.1,8.1,3,10,2022-01-23T06:35:50,2022-01-23T17:41:08,0.68,"Rain, Partially cloudy",Partly cloudy throughout the day with rain clearing later.,rain,"48820099999,48823099999,48825099999,48831099999,VVNB"
Hanoi,2022-01-24,26.1,20,22.6,26.1,20,22.6,19.7,84.5,0.6,100,16.67,rain,0,0,26.3,18.4,133,1011.6,67.3,6.5,144,12.5,6,10,2022-01-24T06:35:40,2022-01-24T17:41:48,0.72,"Rain, Partially cloudy",Partly cloudy throughout the day with rain.,rain,"48820099999,48823099999,48825099999,48831099999,VVNB"
Hanoi,2022-01-25,22,19.9,20.7,22,19.9,20.7,18.8,89,0.005,100,4.17,rain,0,0,30.6,20.5,127,1013.8,92.3,7.7,63.9,5.3,3,10,2022-01-25T06:35:30,2022-01-25T17:42:27,0.75,"Rain, Overcast",Cloudy skies throughout the day with early morning rain.,rain,"48820099999,48823099999,48825099999,48831099999,VVNB"
Hanoi,2022-01-26,23.5,19,20.7,23.5,19,20.7,19.3,91.7,0.197,100,4.17,rain,0,0,24.8,18.4,126.9,1014,91,6.8,68.8,5.9,3,10,2022-01-26T06:35:18,2022-01-26T17:43:07,0.79,"Rain, Overcast",Cloudy skies throughout the day with afternoon rain.,rain,"48820099999,48823099999,48825099999,48831099999,VVNB"
Hanoi,2022-01-27,26,20,22.2,26,20,22.2,19.9,87.8,2.4,100,45.83,rain,0,0,33.5,20.5,118.2,1014,85.9,7.1,108,9.3,6,10,2022-01-27T06:35:05,2022-01-27T17:43:45,0.82,"Rain, Partially cloudy",Partly cloudy throughout the day with a chance of rain throughout the day.,rain,"48820099999,48823099999,48825099999,48831099999,VVNB"
Hanoi,2022-01-28,26,20,22.5,26,20,22.5,19.3,82.8,0.8,100,25,rain,0,0,34.6,22.3,119.1,1013.3,88.4,9.3,104,8.9,5,10,2022-01-28T06:34:50,2022-01-28T17:44:24,0.86,"Rain, Partially cloudy",Partly cloudy throughout the day with a chance of rain throughout the day.,rain,"48820099999,48823099999,48825099999,48831099999,VVNB"
Hanoi,2022-01-29,21,13,16.9,21,13,16.9,14.8,87.4,0.997,100,8.33,rain,0,0,51.8,33.5,64.1,1013.1,95.8,8.3,27.4,2.2,1,10,2022-01-29T06:34:35,2022-01-29T17:45:02,0.89,"Rain, Overcast",Cloudy skies throughout the day with rain.,rain,"48820099999,48823099999,48825099999,48831099999,VVNB"
Hanoi,2022-01-30,14.3,11,13.1,14.3,11,13.1,8.2,73,0.303,100,8.33,rain,0,0,19.4,20.5,34.8,1017.1,100,9.3,35.4,3.2,2,10,2022-01-30T06:34:18,2022-01-30T17:45:40,0.93,"Rain, Overcast",Cloudy skies throughout the day with rain.,rain,"48820099999,48823099999,48825099999,48831099999,VVNB"
Hanoi,2022-01-31,14.2,11,12.5,14.2,11,12.5,8.6,77.8,0.793,100,4.17,rain,0,0,35.3,16.6,18.3,1018.8,99.5,9.6,32.1,2.8,1,10,2022-01-31T06:33:59,2022-01-31T17:46:17,0.96,"Rain, Overcast",Cloudy skies throughout the day with early morning rain.,rain,"48820099999,48823099999,48825099999,48831099999,VVNB"
Hanoi,2022-02-01,14.5,12,13,14.5,12,13,7.9,71.2,0.5,100,16.67,rain,0,0,21.6,14.8,16.4,1019.2,98.9,10,47.9,4.1,2,10,2022-02-01T06:33:40,2022-02-01T17:46:54,0,"Rain, Overcast",Cloudy skies throughout the day with rain.,rain,"48820099999,48823099999,48825099999,48831099999,VVNB"
Hanoi,2022-02-02,14,11,12.5,14,11,12.5,8.7,78.1,0.8,100,20.83,rain,0,0,24.1,14.8,11.9,1020.1,100,10,35.1,3.1,1,10,2022-02-02T06:33:19,2022-02-02T17:47:31,0.03,"Rain, Overcast",Cloudy skies throughout the day with rain.,rain,"48820099999,48823099999,48825099999,48831099999,VVNB"
Hanoi,2022-02-03,16.6,12,14,16.6,12,14,7.3,64.8,0.1,100,4.17,rain,0,0,23.8,14.8,357.7,1020.6,99.1,10,104.1,9,4,10,2022-02-03T06:32:57,2022-02-03T17:48:07,0.06,"Rain, Overcast",Cloudy skies throughout the day with early morning rain.,rain,"48820099999,48823099999,48825099999,48831099999,VVNB"
Hanoi,2022-02-04,18,14,15.5,18,14,15.5,9.1,66,0,0,0,,0,0,26.3,13,349.5,1022.3,80.4,10,129.1,11.1,5,10,2022-02-04T06:32:34,2022-02-04T17:48:43,0.1,Partially cloudy,Partly cloudy throughout the day.,partly-cloudy-day,"48820099999,48823099999,48825099999,48831099999,VVNB"
Hanoi,2022-02-05,17.6,13,15.1,17.6,13,15.1,8.7,66.6,0.786,100,4.17,rain,0,0,20.2,16.6,25.3,1022.8,53.9,9.5,96.6,8.4,4,10,2022-02-05T06:32:09,2022-02-05T17:49:18,0.13,"Rain, Partially cloudy",Partly cloudy throughout the day with late afternoon rain.,rain,"48820099999,48823099999,48825099999,48831099999,VVNB"
Hanoi,2022-02-06,14,12,12.8,14,12,12.8,12,94.6,15.791,100,12.5,rain,0,0,23,11.2,49.8,1019.4,100,6.1,25,2.4,1,10,2022-02-06T06:31:44,2022-02-06T17:49:53,0.16,"Rain, Overcast",Cloudy skies throughout the day with a chance of rain throughout the day.,rain,"48820099999,48823099999,48825099999,48831099999,VVNB"
Hanoi,2022-02-07,20,14,16.5,20,14,16.5,14.4,88,0.198,100,4.17,rain,0,0,23,8,13.4,1014.9,95.5,6.6,128.8,11.2,6,10,2022-02-07T06:31:17,2022-02-07T17:50:27,0.19,"Rain, Overcast",Cloudy skies throughout the day with afternoon rain.,rain,"48820099999,48823099999,48825099999,48831099999,VVNB"
Hanoi,2022-02-08,17,14,16,17,14,16,15.1,94.3,1.197,100,12.5,rain,0,0,24.5,16.6,46.7,1015.8,96.4,6.3,33.6,3,2,10,2022-02-08T06:30:49,2022-02-08T17:51:01,0.25,"Rain, Overcast",Cloudy skies throughout the day with a chance of rain throughout the day.,rain,"48820099999,48823099999,48825099999,48831099999,VVNB"
Hanoi,2022-02-09,14.8,12,13.5,14.8,12,13.5,11.5,88,0.922,100,8.33,rain,0,0,25.9,18.4,37.3,1018.3,100,9.5,38.1,3.3,2,10,2022-02-09T06:30:20,2022-02-09T17:51:34,0.26,"Rain, Overcast",Cloudy skies throughout the day with rain.,rain,"48820099999,48823099999,48825099999,48831099999,VVNB"
Hanoi,2022-02-10,15.8,12,13.4,15.8,12,13.4,11.9,90.6,0.593,100,12.5,rain,0,0,15.1,14.8,50.7,1016.2,98.9,6.9,64.9,5.6,3,10,2022-02-10T06:29:50,2022-02-10T17:52:07,0.29,"Rain, Overcast",Cloudy skies throughout the day with a chance of rain throughout the day.,rain,"48820099999,48823099999,48825099999,48831099999,VVNB"
Hanoi,2022-02-11,18.3,14,15.9,18.3,14,15.9,15.2,95.5,0.691,100,8.33,rain,0,0,15.5,11.2,28,1015.2,99.3,4.2,76.4,6.5,3,10,2022-02-11T06:29:19,2022-02-11T17:52:40,0.32,"Rain, Overcast",Cloudy skies throughout the day with rain.,rain,"48820099999,48823099999,48825099999,48831099999,VVNB"
Hanoi,2022-02-12,16.8,14,15.4,16.8,14,15.4,14.6,95.1,2.739,100,16.67,rain,0,0,16.6,17.5,46.3,1014.3,100,5.7,29.8,2.6,1,10,2022-02-12T06:28:46,2022-02-12T17:53:12,0.35,"Rain, Overcast",Cloudy skies throughout the day with a chance of rain throughout the day.,rain,"48820099999,48823099999,48825099999,48831099999,VVNB"
Hanoi,2022-02-13,15,13,14.1,15,13,14.1,11.6,85.3,7,100,12.5,rain,0,0,27.7,20.5,25.1,1015.1,91.2,8.6,29.8,2.6,1,10,2022-02-13T06:28:13,2022-02-13T17:53:43,0.39,"Rain, Overcast",Cloudy skies throughout the day with rain.,rain,"48820099999,48823099999,48825099999,48831099999,VVNB"
Hanoi,2022-02-14,20,13,16.3,20,13,16.3,10,66.8,0.3,100,8.33,rain,0,0,20.5,18.4,44.2,1017.9,50.2,10,98,8.6,4,10,2022-02-14T06:27:39,2022-02-14T17:54:14,0.42,"Rain, Partially cloudy",Partly cloudy throughout the day with early morning rain.,rain,"48820099999,48823099999,48825099999,48831099999,VVNB"
Hanoi,2022-02-15,17.8,15,16.6,17.8,15,16.6,13.7,83.5,0.1,100,4.17,rain,0,0,14.8,11.2,44.1,1016.6,99.5,8.1,59.6,5.2,2,10,2022-02-15T06:27:03,2022-02-15T17:54:45,0.45,"Rain, Overcast",Cloudy skies throughout the day with afternoon rain.,rain,"48820099999,48823099999,48825099999,48831099999,VVNB"
Hanoi,2022-02-16,17.7,15,16.3,17.7,15,16.3,15.5,95.2,1.214,100,8.33,rain,0,0,12.2,9.4,37.5,1012.7,99.9,4.8,39.2,3.3,2,10,2022-02-16T06:26:27,2022-02-16T17:55:15,0.5,"Rain, Overcast",Cloudy skies throughout the day with rain.,rain,"48820099999,48823099999,48825099999,48831099999,VVNB"
Hanoi,2022-02-17,20.7,17,18.5,20.7,17,18.5,17.5,94.3,0.1,100,8.33,rain,0,0,17.6,7.6,57.5,1009.8,95.8,3.1,104.5,9.2,5,10,2022-02-17T06:25:50,2022-02-17T17:55:44,0.52,"Rain, Overcast",Cloudy skies throughout the day with rain clearing later.,rain,"48820099999,48823099999,48825099999,48831099999,VVNB"
Hanoi,2022-02-18,22.9,19,20.7,22.9,19,20.7,20,96.2,0.601,100,12.5,rain,0,0,31,18.4,101.2,1010.2,94,2.9,37.9,3.3,2,10,2022-02-18T06:25:11,2022-02-18T17:56:13,0.55,"Rain, Overcast",Cloudy skies throughout the day with a chance of rain throughout the day.,rain,"48820099999,48823099999,48825099999,48831099999,VVNB"
Hanoi,2022-02-19,19.6,10,13.2,19.6,10,13.2,11.5,89.2,31.087,100,16.67,rain,0,0,33.8,27.7,31.6,1016.6,95.8,9.3,22.2,2,1,10,2022-02-19T06:24:32,2022-02-19T17:56:42,0.59,"Rain, Overcast",Cloudy skies throughout the day with a chance of rain throughout the day.,rain,"48820099999,48823099999,48825099999,48831099999,VVNB"
Hanoi,2022-02-20,10.5,8,9,10.5,5,7.2,7,87.2,39.895,100,16.67,rain,0,0,27.4,22.3,12.6,1022.9,96.4,9.5,16.3,1.6,1,10,2022-02-20T06:23:52,2022-02-20T17:57:10,0.62,"Rain, Overcast",Cloudy skies throughout the day with a chance of rain throughout the day.,rain,"48820099999,48823099999,48825099999,48831099999,VVNB"
Hanoi,2022-02-21,13.6,8.7,11,13.6,6.7,10.4,5.5,69.3,0.4,100,4.17,rain,0,0,31,18.4,5.8,1023.9,71.1,10,96.4,8.2,4,10,2022-02-21T06:23:11,2022-02-21T17:57:37,0.66,"Rain, Partially cloudy",Partly cloudy throughout the day with early morning rain.,rain,"48820099999,48823099999,48825099999,48831099999,VVNB"
Hanoi,2022-02-22,13.6,10,11.6,13.6,10,11.6,5.9,68,0,0,0,,0,0,29.9,20.5,5.5,1025.1,92.1,10,95.9,8.4,4,10,2022-02-22T06:22:30,2022-02-22T17:58:04,0.7,Overcast,Cloudy skies throughout the day.,cloudy,"48820099999,48823099999,48825099999,48831099999,VVNB"
Hanoi,2022-02-23,17.3,10.5,13.6,17.3,10.5,13.6,4.9,56.2,0,0,0,,0,0,30.6,18.4,356,1026.9,18.9,10,239.8,20.7,9,10,2022-02-23T06:21:47,2022-02-23T17:58:31,0.73,Clear,Clear conditions throughout the day.,clear-day,"48820099999,48823099999,48825099999,48831099999,VVNB"
Hanoi,2022-02-24,18.9,10,14.5,18.9,10,14.5,6.5,59.8,0,0,0,,0,0,26.3,14.8,57.2,1026.5,18.1,9.9,237.4,20.5,9,10,2022-02-24T06:21:04,2022-02-24T17:58:57,0.75,Clear,Clear conditions throughout the day.,clear-day,"48820099999,48823099999,48825099999,48831099999,VVNB"
Hanoi,2022-02-25,20,10,15.2,20,10,15.2,9.3,70,0,0,0,,0,0,16.6,14.8,104.6,1023.9,15.3,8.1,218.4,18.8,8,10,2022-02-25T06:20:20,2022-02-25T17:59:23,0.8,Clear,Clear conditions throughout the day.,clear-day,"48820099999,48823099999,48825099999,48831099999,VVNB"
Hanoi,2022-02-26,21,11.6,17,21,11.6,17,11.8,72.8,0,0,0,,0,0,19.4,11.2,61.2,1022.1,75.9,6.6,210.9,18.4,9,10,2022-02-26T06:19:35,2022-02-26T17:59:48,0.84,Partially cloudy,Partly cloudy throughout the day.,partly-cloudy-day,"48820099999,48823099999,48825099999,48831099999,VVNB"
Hanoi,2022-02-27,22,16,18.8,22,16,18.8,13.9,73.9,0,0,0,,0,0,19.8,9.4,264,1018.9,76,5.3,163.1,14.2,6,10,2022-02-27T06:18:50,2022-02-27T18:00:13,0.87,Partially cloudy,Partly cloudy throughout the day.,partly-cloudy-day,"48820099999,48823099999,48825099999,48831099999,VVNB"
Hanoi,2022-02-28,24.8,16,19.9,24.8,16,19.9,15.5,76.7,0,0,0,,0,0,28.4,16.6,112.3,1015.9,63.9,5.6,197,16.9,7,10,2022-02-28T06:18:04,2022-02-28T18:00:37,0.91,Partially cloudy,Partly cloudy throughout the day.,partly-cloudy-day,"48820099999,48823099999,48825099999,48831099999,VVNB"
Hanoi,2022-03-01,22.8,19,20.7,22.8,19,20.7,17.1,79.9,0.5,100,20.83,rain,0,0,14,13,100.1,1016.4,83.5,5.8,66.6,5.6,3,10,2022-03-01T06:17:17,2022-03-01T18:01:01,0.95,"Rain, Partially cloudy",Partly cloudy throughout the day with rain.,rain,"48820099999,48823099999,48825099999,48831099999,VVNB"
Hanoi,2022-03-02,25.1,19,22.2,25.1,19,22.2,18.2,79.5,0,0,0,,0,0,25.9,13,151.5,1016.6,65.8,5.3,162.7,14.1,6,10,2022-03-02T06:16:30,2022-03-02T18:01:25,0.98,Partially cloudy,Partly cloudy throughout the day.,partly-cloudy-day,"48820099999,48823099999,48825099999,48831099999,VVNB"
Hanoi,2022-03-03,25.4,18,22.1,25.4,18,22.1,18.5,80.7,0,0,0,,0,0,31,20.5,118.6,1014.2,67.1,6.4,173.2,15,6,10,2022-03-03T06:15:42,2022-03-03T18:01:48,0,Partially cloudy,Partly cloudy throughout the day.,partly-cloudy-day,"48820099999,48823099999,48825099999,48831099999,VVNB"
Hanoi,2022-03-04,23.5,19.9,21.3,23.5,19.9,21.3,19.5,89.8,0.3,100,12.5,rain,0,0,28.8,14.8,109.5,1012.8,96.9,5.1,109.5,9.3,4,10,2022-03-04T06:14:53,2022-03-04T18:02:11,0.05,"Rain, Overcast",Cloudy skies throughout the day with rain in the morning and afternoon.,rain,"48820099999,48823099999,48825099999,48831099999,VVNB"
Hanoi,2022-03-05,22.8,20.7,21.3,22.8,20.7,21.3,20.5,95,0.2,100,8.33,rain,0,0,27,11.6,114.5,1011.7,96.9,4.2,53.4,4.7,2,10,2022-03-05T06:14:04,2022-03-05T18:02:33,0.08,"Rain, Overcast",Cloudy skies throughout the day with rain in the morning and afternoon.,rain,"48820099999,48823099999,48825099999,48831099999,VVNB"
Hanoi,2022-03-06,24,20.9,22.2,24,20.9,22.2,21.1,93.7,0.21,100,12.5,rain,0,0,30.6,14.8,114.7,1011.5,98,4.6,86.4,7.5,4,10,2022-03-06T06:13:14,2022-03-06T18:02:56,0.11,"Rain, Overcast",Cloudy skies throughout the day with rain.,rain,"48820099999,48823099999,48825099999,48831099999,VVNB"
Hanoi,2022-03-07,24.4,18.1,21.5,24.4,18.1,21.5,17.1,77.7,15.472,100,12.5,rain,0,0,40.3,24.1,7.9,1017.7,46.5,7.8,117.4,10.1,6,10,2022-03-07T06:12:24,2022-03-07T18:03:17,0.14,"Rain, Partially cloudy",Partly cloudy throughout the day with a chance of rain throughout the day.,rain,"48820099999,48823099999,48825099999,48831099999,VVNB"
Hanoi,2022-03-08,26,16,20.5,26,16,20.5,14.1,69.8,0,0,0,,0,0,33.8,22.3,124.5,1016,16.4,8.7,259.2,22.4,9,10,2022-03-08T06:11:34,2022-03-08T18:03:39,0.18,Clear,Clear conditions throughout the day.,clear-day,"48820099999,48823099999,48825099999,48831099999,VVNB"
Hanoi,2022-03-09,23.1,16,19.6,23.1,16,19.6,15.5,77.7,0.1,100,4.17,rain,0,0,31.3,22.3,105.3,1013.9,77.2,9.3,110.7,9.6,4,10,2022-03-09T06:10:43,2022-03-09T18:04:00,0.21,"Rain, Partially cloudy",Partly cloudy throughout the day with afternoon rain.,rain,"48820099999,48823099999,48825099999,48831099999,VVNB"
Hanoi,2022-03-10,24,18,20.6,24,18,20.6,18,85.5,0.983,100,4.17,rain,0,0,28.1,16.6,111.2,1013.8,96.7,7,93.5,8,5,10,2022-03-10T06:09:51,2022-03-10T18:04:21,0.25,"Rain, Overcast",Cloudy skies throughout the day with morning rain.,rain,"48820099999,48823099999,48825099999,48831099999,VVNB"
Hanoi,2022-03-11,24.7,20,22,24.7,20,22,18.5,81.3,0,0,0,rain,0,0,24.1,13,116.2,1012.3,96.7,8.9,146.6,12.7,6,10,2022-03-11T06:08:59,2022-03-11T18:04:42,0.27,Overcast,Cloudy skies throughout the day.,cloudy,"48820099999,48823099999,48825099999,48831099999,VVNB"
Hanoi,2022-03-12,25.3,20.7,22.7,25.3,20.7,22.7,19.4,82,0.3,100,12.5,rain,0,0,30.2,18.4,124.9,1011.1,79,8.9,82.7,7.2,3,10,2022-03-12T06:08:07,2022-03-12T18:05:02,0.3,"Rain, Partially cloudy",Partly cloudy throughout the day with rain in the morning and afternoon.,rain,"48820099999,48823099999,48825099999,48831099999,VVNB"
Hanoi,2022-03-13,25,21,22.8,25,21,22.8,20.2,85.5,0,0,0,rain,0,0,32,16.6,115.7,1011,85.6,8.5,106.2,9.2,5,10,2022-03-13T06:07:15,2022-03-13T18:05:22,0.34,Partially cloudy,Partly cloudy throughout the day.,partly-cloudy-day,"48820099999,48823099999,48825099999,48831099999,VVNB"
Hanoi,2022-03-14,25.7,21,23.3,25.7,21,23.3,20.3,83.5,0.2,100,8.33,rain,0,0,31,14.4,115.1,1011,92.9,8.1,94.6,8.1,4,10,2022-03-14T06:06:22,2022-03-14T18:05:42,0.37,"Rain, Overcast",Cloudy skies throughout the day with rain in the morning and afternoon.,rain,"48820099999,48823099999,48825099999,48831099999,VVNB"
Hanoi,2022-03-15,28,22,24.7,30.1,22,25.2,20.7,79.3,0.1,100,4.17,rain,0,0,19.1,13,192.9,1010,54.6,5.7,114.3,9.9,5,10,2022-03-15T06:05:29,2022-03-15T18:06:02,0.4,"Rain, Partially cloudy",Partly cloudy throughout the day with early morning rain.,rain,"48820099999,48823099999,48825099999,48831099999,VVNB"
Hanoi,2022-03-16,26,22,23.5,26,22,23.5,21.3,88,0.239,100,12.5,rain,0,0,38.2,20.5,120.2,1008.6,76.8,6.7,139.2,12,6,10,2022-03-16T06:04:35,2022-03-16T18:06:21,0.43,"Rain, Partially cloudy",Partly cloudy throughout the day with a chance of rain throughout the day.,rain,"48820099999,48823099999,48825099999,48831099999,VVNB"
Hanoi,2022-03-17,25.3,22.6,23.6,25.3,22.6,23.6,21.6,88.7,0,0,0,,0,0,21.2,14.8,106.1,1007.9,91.8,6.1,130.2,11.3,6,10,2022-03-17T06:03:42,2022-03-17T18:06:40,0.46,Overcast,Cloudy skies throughout the day.,cloudy,"48820099999,48823099999,48825099999,48831099999,VVNB"
Hanoi,2022-03-18,28,22,24.9,31.3,22,25.6,22,84.3,0.098,100,4.17,rain,0,0,21.6,16.8,115.7,1008.4,71.4,5.7,106.9,9.1,5,30,2022-03-18T06:02:48,2022-03-18T18:06:59,0.5,"Rain, Partially cloudy",Partly cloudy throughout the day with early morning rain.,rain,"48820099999,48823099999,48825099999,48831099999,VVNB"
Hanoi,2022-03-19,26.3,22,24.1,26.3,22,24.1,22,88.1,0.3,100,12.5,rain,0,0,31.7,18.4,117.1,1006.7,90.6,6.8,142.6,12.2,5,30,2022-03-19T06:01:54,2022-03-19T18:07:18,0.53,"Rain, Overcast",Cloudy skies throughout the day with rain in the morning and afternoon.,rain,"48820099999,48823099999,48825099999,48831099999,VVNB"
Hanoi,2022-03-20,28,24,25.4,31.9,24,26.1,22.9,86.2,0,0,0,,0,0,37.1,27.7,114.4,1006.7,91.8,7.5,192.9,16.7,8,30,2022-03-20T06:01:00,2022-03-20T18:07:37,0.57,Overcast,Cloudy skies throughout the day.,cloudy,"48820099999,48823099999,48825099999,48831099999,VVNB"
Hanoi,2022-03-21,29.1,24,25.6,33.8,24,26.5,23.7,89.3,0,0,0,rain,0,0,32.4,18.4,107.5,1007.7,90.6,6.2,183,15.8,7,30,2022-03-21T06:00:06,2022-03-21T18:07:56,0.6,Overcast,Cloudy skies throughout the day.,cloudy,"48820099999,48823099999,48825099999,48831099999,VVNB"
Hanoi,2022-03-22,32.4,24,26.5,37.9,24,28.2,23.8,85.8,10.6,100,25,rain,0,0,25.9,20.5,94.8,1009.1,79,6.1,183.5,15.7,8,30,2022-03-22T05:59:12,2022-03-22T18:08:14,0.64,"Rain, Partially cloudy",Partly cloudy throughout the day with rain.,rain,"48820099999,48823099999,48825099999,48831099999,VVNB"
Hanoi,2022-03-23,25.1,17,19.9,25.1,17,19.9,16.9,83.1,5.982,100,8.33,rain,0,0,51.8,31.7,40.9,1013.4,99,8.7,33.7,2.9,1,30,2022-03-23T05:58:17,2022-03-23T18:08:33,0.68,"Rain, Overcast",Cloudy skies throughout the day with rain.,rain,"48820099999,48823099999,48825099999,48831099999,VVNB"
Hanoi,2022-03-24,20.8,16,18.7,20.8,16,18.7,16.8,88.3,4.92,100,4.17,rain,0,0,38.9,16.6,101.7,1011,99.5,7.2,81.7,7,3,10,2022-03-24T05:57:23,2022-03-24T18:08:51,0.71,"Rain, Overcast",Cloudy skies throughout the day with early morning rain.,rain,"48820099999,48823099999,48825099999,48831099999,VVNB"
Hanoi,2022-03-25,27.5,19,22.4,29.7,19,22.5,20.2,88,0.197,100,4.17,rain,0,0,25.2,13,110.5,1007.6,94.5,5.2,189,16.3,7,10,2022-03-25T05:56:29,2022-03-25T18:09:09,0.75,"Rain, Overcast",Cloudy skies throughout the day with morning rain.,rain,"48820099999,48823099999,48825099999,48831099999,VVNB"
Hanoi,2022-03-26,32.8,22.7,26.4,39.2,22.7,28.6,23.1,83.2,0,0,0,,0,0,34.6,16.6,84.5,1007.6,50.7,4.8,261.1,22.6,9,10,2022-03-26T05:55:34,2022-03-26T18:09:27,0.78,Partially cloudy,Clearing in the afternoon.,partly-cloudy-day,"48820099999,48823099999,48825099999,48831099999,VVNB"
Hanoi,2022-03-27,25.5,18,23.1,25.5,18,23.1,18.3,75.6,0.884,100,4.17,rain,0,0,51.8,27.7,44.8,1012.8,76,8.7,67.2,6,2,10,2022-03-27T05:54:40,2022-03-27T18:09:46,0.82,"Rain, Partially cloudy",Partly cloudy throughout the day with late afternoon rain.,rain,"48820099999,48823099999,48825099999,48831099999,VVNB"
Hanoi,2022-03-28,22,18,19.9,22,18,19.9,14.8,73.2,7.054,100,8.33,rain,0,0,24.1,13,64.5,1016.7,36.5,10,180.7,15.6,6,10,2022-03-28T05:53:46,2022-03-28T18:10:04,0.85,"Rain, Partially cloudy",Partly cloudy throughout the day with rain.,rain,"48820099999,48823099999,48825099999,48831099999,VVNB"
Hanoi,2022-03-29,22.8,18,20.2,22.8,18,20.2,17.1,82.7,0.2,100,4.17,rain,0,0,18.4,13,89.1,1014.8,85.7,5.4,111.8,9.7,5,10,2022-03-29T05:52:51,2022-03-29T18:10:22,0.89,"Rain, Partially cloudy",Partly cloudy throughout the day with late afternoon rain.,rain,"48820099999,48823099999,48825099999,48831099999,VVNB"
Hanoi,2022-03-30,25.3,19,21.9,25.3,19,21.9,20.2,90.7,0.523,100,8.33,rain,0,0,21.2,18.4,90.6,1013.6,94.9,4.7,78.8,6.9,3,10,2022-03-30T05:51:57,2022-03-30T18:10:40,0.93,"Rain, Overcast",Cloudy skies throughout the day with rain.,rain,"48820099999,48823099999,48825099999,48831099999,VVNB"
Hanoi,2022-03-31,28.5,20,24.4,31.3,20,25.2,21.6,85.2,0.198,100,4.17,rain,0,0,46.4,25.9,60.2,1014.8,85.9,7,132.4,11.5,6,10,2022-03-31T05:51:03,2022-03-31T18:10:58,0.96,"Rain, Partially cloudy",Partly cloudy throughout the day with morning rain.,rain,"48820099999,48823099999,48825099999,48831099999,VVNB"
Hanoi,2022-04-01,21,17,18.5,21,17,18.5,15.7,84.1,43.581,100,16.67,rain,0,0,31.7,31.7,347.3,1021.5,89.4,9,41.2,3.6,2,10,2022-04-01T05:50:09,2022-04-01T18:11:16,0,"Rain, Partially cloudy",Partly cloudy throughout the day with a chance of rain throughout the day.,rain,"48820099999,48823099999,48825099999,48831099999,VVNB"
Hanoi,2022-04-02,22,17,19.5,22,17,19.5,10.7,57.3,0.07,100,4.17,rain,0,0,38.2,22.3,355.6,1025.2,50.3,10,96.7,8.3,3,10,2022-04-02T05:49:16,2022-04-02T18:11:34,0.03,"Rain, Partially cloudy",Partly cloudy throughout the day with early morning rain.,rain,"48820099999,48823099999,48825099999,48831099999,VVNB"
Hanoi,2022-04-03,25.3,15,20.4,25.3,15,20.4,10.2,54.9,0,0,0,,0,0,25.2,16.6,24.5,1022.5,7.1,10,255.6,22.1,9,10,2022-04-03T05:48:22,2022-04-03T18:11:52,0.06,Clear,Clear conditions throughout the day.,clear-day,"48820099999,48823099999,48825099999,48831099999,VVNB"
Hanoi,2022-04-04,26.1,17,21.4,26.1,17,21.4,11.7,56.3,0,0,0,,0,0,24.1,16.6,119.8,1021.2,9.3,10,292.4,25.3,10,10,2022-04-04T05:47:29,2022-04-04T18:12:11,0.09,Clear,Clear conditions throughout the day.,clear-day,"48820099999,48823099999,48825099999,48831099999,VVNB"
Hanoi,2022-04-05,26.7,16.5,22,27,16.5,22,14.2,62.9,0,0,0,,0,0,18,11.2,255.8,1020,5.6,9.5,288.9,24.9,10,10,2022-04-05T05:46:36,2022-04-05T18:12:29,0.13,Clear,Clear conditions throughout the day.,clear-day,"48820099999,48823099999,48825099999,48831099999,VVNB"
Hanoi,2022-04-06,29.1,18,23.8,29.8,18,23.9,16.9,67.2,0,0,0,,0,0,19.4,11.2,311.5,1017.8,17,8.7,271,23.6,10,10,2022-04-06T05:45:44,2022-04-06T18:12:48,0.16,Clear,Clear conditions throughout the day.,clear-day,"48820099999,48823099999,48825099999,48831099999,VVNB"
Hanoi,2022-04-07,31.4,22,26.1,31,22,26.2,17.1,59.6,0,0,0,,0,0,26.6,14.8,289.1,1016.5,20.7,8.3,274.2,23.8,10,10,2022-04-07T05:44:51,2022-04-07T18:13:06,0.19,Partially cloudy,Partly cloudy throughout the day.,partly-cloudy-day,"48820099999,48823099999,48825099999,48831099999,VVNB"
Hanoi,2022-04-08,30.5,19.6,25.1,29.7,19.6,25,16.3,61.1,0,0,0,,0,0,18,13,125.6,1014.9,3.3,8.5,293.2,25.4,10,10,2022-04-08T05:43:59,2022-04-08T18:13:25,0.22,Clear,Clear conditions throughout the day.,clear-day,"48820099999,48823099999,48825099999,48831099999,VVNB"
Hanoi,2022-04-09,30,20,24.3,30,20,24.3,17.5,69.4,0,0,0,,0,0,29.5,20.5,116.5,1012.1,3.9,7.8,298,25.9,10,10,2022-04-09T05:43:08,2022-04-09T18:13:43,0.25,Clear,Clear conditions throughout the day.,clear-day,"48820099999,48823099999,48825099999,48831099999,VVNB"
Hanoi,2022-04-10,29,20,24.4,29.8,20,24.7,19,73.4,0,0,0,,0,0,25.6,18.4,117,1010.8,57.6,8.6,264,22.9,9,10,2022-04-10T05:42:16,2022-04-10T18:14:02,0.29,Partially cloudy,Partly cloudy throughout the day.,partly-cloudy-day,"48820099999,48823099999,48825099999,48831099999,VVNB"
Hanoi,2022-04-11,25,21,23.2,25,21,23.2,21,87.7,0.4,100,16.67,rain,0,0,27,14.8,111.2,1010,71.5,6.7,119,10.2,4,10,2022-04-11T05:41:26,2022-04-11T18:14:21,0.32,"Rain, Partially cloudy",Partly cloudy throughout the day with rain in the morning and afternoon.,rain,"48820099999,48823099999,48825099999,48831099999,VVNB"
Hanoi,2022-04-12,28,23,25,31.3,23,25.7,22.1,84.3,0,0,0,rain,0,0,28.8,18.4,126.5,1006.6,74,8.4,155.8,13.4,5,30,2022-04-12T05:40:35,2022-04-12T18:14:40,0.35,Partially cloudy,Partly cloudy throughout the day.,partly-cloudy-day,"48820099999,48823099999,48825099999,48831099999,VVNB"
Hanoi,2022-04-13,32.3,23,27,35.5,23,28.6,22.2,76.6,0.2,100,8.33,rain,0,0,18.7,11.2,98.4,1006.6,47.2,8,175.8,15.1,5,10,2022-04-13T05:39:45,2022-04-13T18:15:00,0.38,"Rain, Partially cloudy",Clearing in the afternoon with rain in the morning and afternoon.,rain,"48820099999,48823099999,48825099999,48831099999,VVNB"
Hanoi,2022-04-14,31,22.9,26.8,34.6,22.9,28.3,22.5,78.8,0.1,100,4.17,rain,0,0,33.5,20.5,116.8,1006.8,42.8,7.8,174.6,14.8,6,10,2022-04-14T05:38:56,2022-04-14T18:15:19,0.42,"Rain, Partially cloudy",Partly cloudy throughout the day with morning rain.,rain,"48820099999,48823099999,48825099999,48831099999,VVNB"
Hanoi,2022-04-15,28,24,26.1,32.1,24,27.2,23.3,85,1.2,100,37.5,rain,0,0,38.2,18.4,115.7,1007.5,89.9,7.3,101.5,8.8,4,60,2022-04-15T05:38:07,2022-04-15T18:15:39,0.45,"Rain, Partially cloudy",Partly cloudy throughout the day with a chance of rain throughout the day.,rain,"48820099999,48823099999,48825099999,48831099999,VVNB"
Hanoi,2022-04-16,26,20,23.9,26,20,23.9,21.7,87.3,6.139,100,16.67,rain,0,0,44.3,25.9,80.7,1009,97.4,8.9,74,6.3,3,30,2022-04-16T05:37:18,2022-04-16T18:15:59,0.48,"Rain, Overcast",Cloudy skies throughout the day with a chance of rain throughout the day.,rain,"48820099999,48823099999,48825099999,48831099999,VVNB"
Hanoi,2022-04-17,19,17,18.2,19,17,18.2,16.4,89.2,0.873,100,8.33,rain,0,0,22.3,20.5,24.3,1014.1,99.5,8.7,36.7,3.3,2,10,2022-04-17T05:36:30,2022-04-17T18:16:19,0.5,"Rain, Overcast",Cloudy skies throughout the day with rain.,rain,"48820099999,48823099999,48825099999,48831099999,VVNB"
Hanoi,2022-04-18,23,17,19.2,23,17,19.2,15.4,79.6,10.822,100,12.5,rain,0,0,29.5,18.4,17.2,1017.8,70,9.2,89.8,7.7,4,10,2022-04-18T05:35:43,2022-04-18T18:16:39,0.55,"Rain, Partially cloudy",Partly cloudy throughout the day with a chance of rain throughout the day.,rain,"48820099999,48823099999,48825099999,48831099999,VVNB"
Hanoi,2022-04-19,26.4,18,22.2,26.4,18,22.2,15.4,67.4,0,0,0,,0,0,21.6,16.6,29.1,1017.6,24.1,10,202,17.4,7,10,2022-04-19T05:34:56,2022-04-19T18:16:59,0.59,Partially cloudy,Partly cloudy throughout the day.,partly-cloudy-day,"48820099999,48823099999,48825099999,48831099999,VVNB"
Hanoi,2022-04-20,25.5,19,22.1,25.5,19,22.1,17.5,76.1,0.6,100,4.17,rain,0,0,17.6,13,104.2,1014.9,22.4,8.2,207.7,17.9,8,10,2022-04-20T05:34:10,2022-04-20T18:17:20,0.62,"Rain, Partially cloudy",Partly cloudy throughout the day with early morning rain.,rain,"48820099999,48823099999,48825099999,48831099999,VVNB"
Hanoi,2022-04-21,24.7,20,22,24.7,20,22,19.5,85.9,1.2,100,16.67,rain,0,0,24.8,13,83.2,1011.7,83.5,5.7,135.9,11.6,6,10,2022-04-21T05:33:24,2022-04-21T18:17:41,0.66,"Rain, Partially cloudy",Partly cloudy throughout the day with rain.,rain,"48820099999,48823099999,48825099999,48831099999,VVNB"
Hanoi,2022-04-22,29.3,22,25.3,32.7,22,26.3,21.4,80.2,0,0,0,,0,0,31.3,20.5,129.3,1009.1,75.3,8,166.2,14.3,5,30,2022-04-22T05:32:39,2022-04-22T18:18:02,0.69,Partially cloudy,Partly cloudy throughout the day.,partly-cloudy-day,"48820099999,48823099999,48825099999,48831099999,VVNB"
Hanoi,2022-04-23,31,24,27,36.5,24,29.1,23.6,82.8,0.4,100,12.5,rain,0,0,26.3,20.5,116.1,1007.5,73.5,8.6,183.2,15.8,8,60,2022-04-23T05:31:55,2022-04-23T18:18:23,0.75,"Rain, Partially cloudy",Partly cloudy throughout the day with rain in the morning and afternoon.,rain,"48820099999,48823099999,48825099999,48831099999,VVNB"
Hanoi,2022-04-24,29.5,25,26.8,35.5,25,28.9,24.4,86.9,0,0,0,rain,0,0,31.7,20.5,115.8,1004.9,94.6,9,228.9,19.8,8,60,2022-04-24T05:31:11,2022-04-24T18:18:45,0.76,Overcast,Cloudy skies throughout the day.,cloudy,"48820099999,48823099999,48825099999,48831099999,VVNB"
Hanoi,2022-04-25,32.6,25,27.7,40.6,25,31.1,24.7,84.1,0,0,0,,0,0,32,24.1,97.5,1003.9,88.9,8.5,277,23.8,9,75,2022-04-25T05:30:28,2022-04-25T18:19:06,0.8,Partially cloudy,Partly cloudy throughout the day.,partly-cloudy-day,"48820099999,48823099999,48825099999,48831099999,VVNB"
Hanoi,2022-04-26,32,25.6,28.1,39.3,25.6,31.6,24.8,82.6,0,0,0,,0,0,27.4,20.5,97.6,1003.8,79.4,9,286.6,24.7,10,75,2022-04-26T05:29:46,2022-04-26T18:19:28,0.83,Partially cloudy,Partly cloudy throughout the day.,partly-cloudy-day,"48820099999,48823099999,48825099999,48831099999,VVNB"
Hanoi,2022-04-27,31.3,26,28.1,39.1,26,32.1,25.2,84.7,0.098,100,4.17,rain,0,0,30.2,18.4,105.7,1005.6,86.8,8.3,219.8,18.8,7,75,2022-04-27T05:29:05,2022-04-27T18:19:50,0.87,"Rain, Partially cloudy",Partly cloudy throughout the day with morning rain.,rain,"48820099999,48823099999,48825099999,48831099999,VVNB"
Hanoi,2022-04-28,28.1,26,27.2,33.2,26,31,25,88.2,0.002,100,4.17,rain,0,0,40,22.3,122.7,1007.6,93.8,8.8,180.2,15.5,7,75,2022-04-28T05:28:24,2022-04-28T18:20:13,0.91,"Rain, Overcast",Cloudy skies throughout the day with morning rain.,rain,"48820099999,48823099999,48825099999,48831099999,VVNB"
Hanoi,2022-04-29,28.2,26,26.8,33.2,26,28.9,24.6,88.2,0.8,100,20.83,rain,0,0,37.8,14.8,116.1,1008.9,91.2,8.5,139.7,12,5,60,2022-04-29T05:27:44,2022-04-29T18:20:35,0.94,"Rain, Overcast",Cloudy skies throughout the day with rain in the morning and afternoon.,rain,"48820099999,48823099999,48825099999,48831099999,VVNB"
Hanoi,2022-04-30,32.1,25.5,28.6,38.1,25.5,32.2,24.6,80,0.983,100,4.17,rain,0,0,34.6,17.5,129.7,1008.8,69.7,9.1,248,21.4,8,60,2022-04-30T05:27:05,2022-04-30T18:20:58,0.98,"Rain, Partially cloudy",Partly cloudy throughout the day with morning rain.,rain,"48820099999,48823099999,48825099999,48831099999,VVNB"
Hanoi,2022-05-01,27,19.7,23.5,30.6,19.7,23.8,16.5,67.1,12.85,100,8.33,rain,0,0,59.4,35.3,18.2,1012.9,74.2,9.7,99.1,8.6,4,10,2022-05-01T05:26:27,2022-05-01T18:21:21,0,"Rain, Partially cloudy",Partly cloudy throughout the day with rain in the morning and afternoon.,rain,"48820099999,48823099999,48825099999,48831099999,VVNB"
Hanoi,2022-05-02,27.6,21,23.9,27.1,21,23.9,12.5,49.6,0,0,0,,0,0,36,19.5,359.6,1016,62.2,10,266.4,22.9,9,10,2022-05-02T05:25:50,2022-05-02T18:21:44,0.04,Partially cloudy,Partly cloudy throughout the day.,partly-cloudy-day,"48820099999,48823099999,48825099999,48831099999,VVNB"
Hanoi,2022-05-03,30,19.6,24.9,29.2,19.6,24.6,14.2,55.2,0,0,0,,0,0,26.6,17.6,17.4,1016.1,29.9,10.7,307.7,26.7,10,10,2022-05-03T05:25:14,2022-05-03T18:22:08,0.08,Partially cloudy,Partly cloudy throughout the day.,partly-cloudy-day,"48820099999,48823099999,48825099999,48831099999,VVNB"
Hanoi,2022-05-04,30.7,19.1,25,29.3,19.1,24.8,14.3,54.3,0,0,0,,0,0,17.6,16.6,103.8,1014.2,24.9,10,309.3,26.9,10,10,2022-05-04T05:24:38,2022-05-04T18:22:31,0.11,Partially cloudy,Partly cloudy throughout the day.,partly-cloudy-day,"48820099999,48823099999,48825099999,48831099999,VVNB"
Hanoi,2022-05-05,30.3,21,25.7,30.8,21,26,18.2,64.9,0,0,0,,0,0,20.9,16.6,101.6,1011.5,19.9,10.4,282.2,24.2,9,10,2022-05-05T05:24:03,2022-05-05T18:22:55,0.14,Clear,Clear conditions throughout the day.,clear-day,"48820099999,48823099999,48825099999,48831099999,VVNB"
Hanoi,2022-05-06,29.7,23,26.1,31.2,23,26.9,21,74.7,1.5,100,20.83,rain,0,0,22.7,9.9,52.8,1010.9,54.3,8.6,193.4,16.7,7,10,2022-05-06T05:23:30,2022-05-06T18:23:19,0.17,"Rain, Partially cloudy",Partly cloudy throughout the day with rain.,rain,"48820099999,48823099999,48825099999,48831099999,VVNB"
Hanoi,2022-05-07,30.3,24,26.8,34.1,24,28.4,23.1,80.9,1.111,100,8.33,rain,0,0,22,19.4,131.4,1010.7,79.4,9,170.9,14.6,6,30,2022-05-07T05:22:57,2022-05-07T18:23:44,0.21,"Rain, Partially cloudy",Partly cloudy throughout the day with rain clearing later.,rain,"48820099999,48823099999,48825099999,48831099999,VVNB"
Hanoi,2022-05-08,29.5,24,26.2,34.2,24,27.5,23.6,85.8,2.963,100,8.33,rain,0,0,33.8,25,116.9,1010.2,90.1,9.4,217.1,18.7,8,30,2022-05-08T05:22:25,2022-05-08T18:24:08,0.24,"Rain, Overcast",Cloudy skies throughout the day with rain.,rain,"48820099999,48823099999,48825099999,48831099999,VVNB"
Hanoi,2022-05-09,31,24,27.1,37.7,24,29.8,24,83.5,2.017,100,8.33,rain,0,0,37.1,22.3,133.2,1009,78.8,9.3,192.3,16.5,9,30,2022-05-09T05:21:54,2022-05-09T18:24:33,0.25,"Rain, Partially cloudy",Partly cloudy throughout the day with rain clearing later.,rain,"48820099999,48823099999,48825099999,48831099999,VVNB"
Hanoi,2022-05-10,32.5,26,28.6,41.4,26,32.8,25.2,82.6,1.035,100,8.33,rain,0,0,29.5,21.4,122.7,1005.8,72.7,10.8,224.7,19.4,8,60,2022-05-10T05:21:24,2022-05-10T18:24:57,0.31,"Rain, Partially cloudy",Partly cloudy throughout the day with rain clearing later.,rain,"48820099999,48823099999,48825099999,48831099999,VVNB"
Hanoi,2022-05-11,32.8,26,29,42.5,26,34,25.7,83.1,2,100,37.5,rain,0,0,33.8,15.7,98.2,1004,63.6,8.7,185,15.9,7,60,2022-05-11T05:20:55,2022-05-11T18:25:22,0.34,"Rain, Partially cloudy",Partly cloudy throughout the day with a chance of rain throughout the day.,rain,"48820099999,48823099999,48825099999,48831099999,VVNB"
Hanoi,2022-05-12,31,24,26.9,37.7,24,29.4,24.7,88.3,37.51,100,8.33,rain,0,0,38.9,18.4,71.5,1003.5,80.7,9.3,150.2,13,6,30,2022-05-12T05:20:27,2022-05-12T18:25:47,0.37,"Rain, Partially cloudy",Partly cloudy throughout the day with rain.,rain,"48820099999,48823099999,48825099999,48831099999,VVNB"
Hanoi,2022-05-13,31,24.5,26.9,37.5,24.5,29,24,84.7,0.052,100,8.33,rain,0,0,31.3,20.5,59.4,1003.8,87.9,8.7,114.6,10.1,3,30,2022-05-13T05:20:00,2022-05-13T18:26:12,0.4,"Rain, Partially cloudy",Partly cloudy throughout the day with rain.,rain,"48820099999,48823099999,48825099999,48831099999,VVNB"
Hanoi,2022-05-14,26.1,23,24.5,26.1,23,24.5,22.2,87,3.26,100,8.33,rain,0,0,15.5,13.9,51.2,1007.1,95.9,8.9,74.8,6.4,2,10,2022-05-14T05:19:34,2022-05-14T18:26:38,0.44,"Rain, Overcast",Cloudy skies throughout the day with rain.,rain,"48820099999,48823099999,48825099999,48831099999,VVNB"
Hanoi,2022-05-15,26.3,24,24.9,26.3,24,24.9,21.8,83.9,5.043,100,8.33,rain,0,0,39.6,17.5,26,1008.9,92.9,7.9,84,7.2,4,10,2022-05-15T05:19:09,2022-05-15T18:27:03,0.47,"Rain, Overcast",Cloudy skies throughout the day with rain.,rain,"48820099999,48823099999,48825099999,48831099999,VVNB"
Hanoi,2022-05-16,26.1,22,23.9,26.1,22,23.9,16.2,62.2,0.035,100,4.17,rain,0,0,31.7,15.7,11.5,1013.7,96.8,10,75.4,6.5,3,10,2022-05-16T05:18:45,2022-05-16T18:27:28,0.5,"Rain, Overcast",Cloudy skies throughout the day with early morning rain.,rain,"48820099999,48823099999,48825099999,48831099999,VVNB"
Hanoi,2022-05-17,28.1,20.5,24.7,28.2,20.5,24.8,17.2,64.6,0,0,0,,0,0,19.4,16.6,100.9,1013.2,86,10,244.8,21.1,9,10,2022-05-17T05:18:23,2022-05-17T18:27:54,0.54,Partially cloudy,Partly cloudy throughout the day.,partly-cloudy-day,"48820099999,48823099999,48825099999,48831099999,VVNB"
Hanoi,2022-05-18,29.2,22,25.5,30.5,22,26,19.6,70.8,0,0,0,,0,0,24.1,20.3,122.9,1012.3,57.8,9.9,206,17.9,8,10,2022-05-18T05:18:01,2022-05-18T18:28:20,0.57,Partially cloudy,Partly cloudy throughout the day.,partly-cloudy-day,"48820099999,48823099999,48825099999,48831099999,VVNB"
Hanoi,2022-05-19,29,23,25.9,32,23,26.9,21.9,79.4,0.3,100,12.5,rain,0,0,23,15.7,122.2,1011,72.6,9,154.3,13.2,5,10,2022-05-19T05:17:40,2022-05-19T18:28:45,0.61,"Rain, Partially cloudy",Partly cloudy throughout the day with rain in the morning and afternoon.,rain,"48820099999,48823099999,48825099999,48831099999,VVNB"
Hanoi,2022-05-20,30,24,26.9,34.3,24,29.1,23.4,81.6,2.6,100,37.5,rain,0,0,25.6,13.9,106.6,1008.6,74.7,9.1,98.7,8.5,5,10,2022-05-20T05:17:20,2022-05-20T18:29:11,0.64,"Rain, Partially cloudy",Partly cloudy throughout the day with rain.,rain,"48820099999,48823099999,48825099999,48831099999,VVNB"
Hanoi,2022-05-21,27.4,24,25.6,30.3,24,26,21.9,80,0.151,100,8.33,rain,0,0,33.5,17.5,38.3,1006.1,77.9,10,46.5,3.7,2,10,2022-05-21T05:17:02,2022-05-21T18:29:36,0.68,"Rain, Partially cloudy",Partly cloudy throughout the day with rain in the morning and afternoon.,rain,"48820099999,48823099999,48825099999,48831099999,VVNB"
Hanoi,2022-05-22,25.3,23,24.3,25.3,23,24.3,23,92.1,48.284,100,16.67,rain,0,0,108,19.4,24.9,1002,93,7.2,79,6.8,4,10,2022-05-22T05:16:44,2022-05-22T18:30:02,0.71,"Rain, Overcast",Cloudy skies throughout the day with a chance of rain throughout the day.,rain,"48820099999,48823099999,48825099999,48831099999,VVNB"
Hanoi,2022-05-23,27,23,24.6,30.9,23,24.9,23.8,95.4,141.57,100,16.67,rain,0,0,34.6,19.4,13.4,1002.4,96.9,6.8,47.6,4.1,2,30,2022-05-23T05:16:28,2022-05-23T18:30:27,0.75,"Rain, Overcast",Cloudy skies throughout the day with a chance of rain throughout the day.,rain,"48820099999,48823099999,48825099999,48831099999,VVNB"
Hanoi,2022-05-24,25.3,23,24,25.3,23,24,23.5,96.8,47.703,100,12.5,rain,0,0,32.8,15.7,320.4,1006.5,93.5,7.2,81.8,7,3,10,2022-05-24T05:16:13,2022-05-24T18:30:53,0.78,"Rain, Overcast",Cloudy skies throughout the day with a chance of rain throughout the day.,rain,"48820099999,48823099999,48825099999,48831099999,VVNB"
Hanoi,2022-05-25,31.1,24,27.2,37.8,24,30.4,24.7,87.4,0.2,100,8.33,rain,0,0,22.3,15.7,93.6,1005.5,85.2,7.4,171.8,14.9,5,60,2022-05-25T05:15:59,2022-05-25T18:31:18,0.82,"Rain, Partially cloudy",Partly cloudy throughout the day with rain clearing later.,rain,"48820099999,48823099999,48825099999,48831099999,VVNB"
Hanoi,2022-05-26,33.5,26,28.8,42.2,26,33.4,25.4,82.9,0.087,100,4.17,rain,0,0,20.9,16.6,93.6,1001.7,75.9,8.5,213.5,18.5,9,75,2022-05-26T05:15:45,2022-05-26T18:31:44,0.85,"Rain, Partially cloudy",Partly cloudy throughout the day with late afternoon rain.,rain,"48820099999,48823099999,48825099999,48831099999,VVNB"
Hanoi,2022-05-27,32.6,24.5,27.9,41.5,24.5,32,25.3,86,6.878,100,4.17,rain,0,0,22.3,23.2,93,1000.3,64.3,9.7,115.5,10.1,5,75,2022-05-27T05:15:33,2022-05-27T18:32:09,0.89,"Rain, Partially cloudy",Partly cloudy throughout the day with late afternoon rain.,rain,"48820099999,48823099999,48825099999,48831099999,VVNB"
Hanoi,2022-05-28,33,26,28.8,43.8,26,34.5,26.2,86.3,32.424,100,8.33,rain,0,0,22.3,22.3,96.7,1000.4,82.5,8.5,142.8,12.1,6,75,2022-05-28T05:15:22,2022-05-28T18:32:34,0.92,"Rain, Partially cloudy",Partly cloudy throughout the day with rain.,rain,"48820099999,48823099999,48825099999,48831099999,VVNB"
Hanoi,2022-05-29,33.6,25.7,28.4,44,25.7,33.4,25.9,87.3,19.651,100,8.33,rain,0,0,22,23.2,96.5,1001.6,78.7,9,155.5,13.3,7,75,2022-05-29T05:15:13,2022-05-29T18:32:58,0.96,"Rain, Partially cloudy",Partly cloudy throughout the day with rain.,rain,"48820099999,48823099999,48825099999,48831099999,VVNB"
Hanoi,2022-05-30,31.5,25.5,28.2,41.6,25.5,33.8,26,88,0.175,100,8.33,rain,0,0,26.3,17.6,77.6,1003.1,79.6,9,137.1,11.7,5,75,2022-05-30T05:15:04,2022-05-30T18:33:23,0,"Rain, Partially cloudy",Partly cloudy throughout the day with rain.,rain,"48820099999,48823099999,48825099999,48831099999,VVNB"
Hanoi,2022-05-31,31.4,24,27.3,37.6,24,30.3,24.4,85.4,58.313,100,12.5,rain,0,0,20.9,16.6,78,1004.5,68.3,9.1,116.7,9.9,6,30,2022-05-31T05:14:56,2022-05-31T18:33:47,0.02,"Rain, Partially cloudy",Partly cloudy throughout the day with a chance of rain throughout the day.,rain,"48820099999,48823099999,48825099999,48831099999,VVNB"
Hanoi,2022-06-01,33.9,25.5,28.8,42.8,25.5,32.9,25.4,82.9,24.563,100,4.17,rain,0,0,28.1,26.8,120.1,1003.9,63.7,8.6,252.3,21.8,9,75,2022-06-01T05:14:50,2022-06-01T18:34:11,0.06,"Rain, Partially cloudy",Partly cloudy throughout the day with late afternoon rain.,rain,"48820099999,48823099999,48825099999,48831099999,VVNB"
Hanoi,2022-06-02,34,26,29.9,42.2,26,36.4,25.9,80.2,3.93,100,4.17,rain,0,0,35.6,15.7,116.3,1002.1,68.7,8.7,141.9,12.2,6,60,2022-06-02T05:14:44,2022-06-02T18:34:35,0.09,"Rain, Partially cloudy",Partly cloudy throughout the day with early morning rain.,rain,"48820099999,48823099999,48825099999,48831099999,VVNB"
Hanoi,2022-06-03,36.6,26,30.9,44.7,26,36.4,24.9,72.5,0.297,100,4.17,rain,0,0,39.2,16.6,131.5,1000.5,80,10.1,174.8,15,8,8,2022-06-03T05:14:40,2022-06-03T18:34:59,0.12,"Rain, Partially cloudy",Partly cloudy throughout the day with early morning rain.,rain,"48820099999,48823099999,48825099999,48831099999,VVNB"
Hanoi,2022-06-04,38,27,32.3,45.4,30.6,39.5,25.1,67.9,0,0,0,,0,0,35.6,16.6,123.5,1000,70.2,10.6,295.2,25.5,9,60,2022-06-04T05:14:36,2022-06-04T18:35:22,0.16,Partially cloudy,Partly cloudy throughout the day.,partly-cloudy-day,"48820099999,48823099999,48825099999,48831099999,VVNB"
Hanoi,2022-06-05,35.9,27,31,43.8,31.2,39,26.2,77.1,0.6,100,4.17,rain,0,0,29.5,15.7,65.3,1000.2,65.2,11.2,227.4,19.6,8,30,2022-06-05T05:14:34,2022-06-05T18:35:45,0.19,"Rain, Partially cloudy",Partly cloudy throughout the day with late afternoon rain.,rain,"48820099999,48823099999,48825099999,48831099999,VVNB"
Hanoi,2022-06-06,31.3,25,28.2,37,25,32.8,25.2,84,4.913,100,4.17,rain,0,0,32,15.7,2.9,1002.4,61.9,10.5,148.1,12.7,6,30,2022-06-06T05:14:32,2022-06-06T18:36:07,0.22,"Rain, Partially cloudy",Partly cloudy throughout the day with afternoon rain.,rain,"48820099999,48823099999,48825099999,48831099999,VVNB"
Hanoi,2022-06-07,31.8,24.6,28.2,38.6,24.6,32.3,24.9,82.6,6.568,100,12.5,rain,0,0,17.6,13.9,254.4,1003.6,71.8,9.8,101.4,8.8,4,30,2022-06-07T05:14:32,2022-06-07T18:36:29,0.25,"Rain, Partially cloudy",Partly cloudy throughout the day with a chance of rain throughout the day.,rain,"48820099999,48823099999,48825099999,48831099999,VVNB"
Hanoi,2022-06-08,32.3,25.5,27.8,40,25.5,31.7,25.2,86.5,6.878,100,4.17,rain,0,0,26.6,11.2,75.6,1003.1,71.7,8.2,201.5,17.4,8,60,2022-06-08T05:14:33,2022-06-08T18:36:51,0.29,"Rain, Partially cloudy",Partly cloudy throughout the day with late afternoon rain.,rain,"48820099999,48823099999,48825099999,48831099999,VVNB"
Hanoi,2022-06-09,32.9,25.7,29,40.7,25.7,34,25.4,82,0.035,100,4.17,rain,0,0,28.4,12.1,71.8,1002.6,64,8.2,215.1,18.6,7,60,2022-06-09T05:14:34,2022-06-09T18:37:12,0.32,"Rain, Partially cloudy",Partly cloudy throughout the day with early morning rain.,rain,"48820099999,48823099999,48825099999,48831099999,VVNB"
Hanoi,2022-06-10,34.6,27,30,43.8,30.9,37.4,26.3,81.5,1.5,100,20.83,rain,0,0,31.7,13,71,1001.1,48.1,8.6,175.6,15.2,6,75,2022-06-10T05:14:37,2022-06-10T18:37:33,0.36,"Rain, Partially cloudy",Partly cloudy throughout the day with rain.,rain,"48820099999,48823099999,48825099999,48831099999,VVNB"
Hanoi,2022-06-11,31.3,26,28.2,38.5,26,33.2,25.8,87.1,0.492,100,8.33,rain,0,0,34.9,12.1,42.3,1003.3,54.5,9,109.8,9.4,4,60,2022-06-11T05:14:41,2022-06-11T18:37:53,0.39,"Rain, Partially cloudy",Partly cloudy throughout the day with rain.,rain,"48820099999,48823099999,48825099999,48831099999,VVNB"
Hanoi,2022-06-12,35,28,30.9,42.8,33.6,38.7,26.1,77.2,0.098,100,4.17,rain,0,0,35.6,13.9,139.4,1003.5,82.4,7.7,160.5,14,5,60,2022-06-12T05:14:45,2022-06-12T18:38:12,0.42,"Rain, Partially cloudy",Partly cloudy throughout the day with morning rain.,rain,"48820099999,48823099999,48825099999,48831099999,VVNB"
Hanoi,2022-06-13,35.7,25.7,30.9,45.3,25.7,37.7,25.6,75,0.122,100,4.17,rain,0,0,25.6,23.2,35.1,1003.1,60.7,9.3,218,18.8,8,60,2022-06-13T05:14:51,2022-06-13T18:38:31,0.46,"Rain, Partially cloudy",Partly cloudy throughout the day with late afternoon rain.,rain,"48820099999,48823099999,48825099999,48831099999,VVNB"
Hanoi,2022-06-14,31.1,25,27.5,36.8,25,30.4,24.8,85.7,56.346,100,12.5,rain,0,0,20.9,17,306.5,1006.9,71.2,9.9,129.3,11.1,5,10,2022-06-14T05:14:57,2022-06-14T18:38:49,0.5,"Rain, Partially cloudy",Partly cloudy throughout the day with a chance of rain throughout the day.,rain,"48820099999,48823099999,48825099999,48831099999,VVNB"
Hanoi,2022-06-15,31,25.7,28.3,37.1,25.7,31.8,24.6,81.3,19.825,100,8.33,rain,0,0,20.2,13,199.9,1007.5,85.2,10,136.3,11.7,4,10,2022-06-15T05:15:05,2022-06-15T18:39:07,0.52,"Rain, Partially cloudy",Partly cloudy throughout the day with rain clearing later.,rain,"48820099999,48823099999,48825099999,48831099999,VVNB"
Hanoi,2022-06-16,34.9,25.5,30,43.4,25.5,35.4,25.1,76.4,0.997,100,4.17,rain,0,0,36,13,136.2,1005.6,70.1,9.7,212.9,18.3,8,60,2022-06-16T05:15:13,2022-06-16T18:39:24,0.56,"Rain, Partially cloudy",Partly cloudy throughout the day with early morning rain.,rain,"48820099999,48823099999,48825099999,48831099999,VVNB"
Hanoi,2022-06-17,35,26,31.4,41.9,26,36.8,24.3,67.4,0.21,100,4.17,rain,0,0,37.1,14.8,177,1002.6,82.5,9.9,221.3,19.2,7,30,2022-06-17T05:15:22,2022-06-17T18:39:41,0.59,"Rain, Partially cloudy",Partly cloudy throughout the day with early morning rain.,rain,"48820099999,48823099999,48825099999,48831099999,VVNB"
Hanoi,2022-06-18,36.5,27.5,32.4,43.2,32.4,37.9,23.8,62.8,0,0,0,,0,0,29.5,19.4,211.1,1000.2,75.6,11.4,255.6,22.1,8,60,2022-06-18T05:15:32,2022-06-18T18:39:56,0.63,Partially cloudy,Partly cloudy throughout the day.,partly-cloudy-day,"48820099999,48823099999,48825099999,48831099999,VVNB"
Hanoi,2022-06-19,38.3,28,33.7,44.5,33.1,40.1,24,59,0,0,0,,0,0,34.9,15.7,218.1,999.2,64,11.7,295.6,25.7,9,60,2022-06-19T05:15:42,2022-06-19T18:40:11,0.66,Partially cloudy,Partly cloudy throughout the day.,partly-cloudy-day,"48820099999,48823099999,48825099999,48831099999,VVNB"
Hanoi,2022-06-20,37.5,29,33.6,44.8,35.1,40.6,24.5,60,0,0,0,,0,0,30.6,15.7,179.7,998.3,75.6,10.8,285.8,24.9,9,30,2022-06-20T05:15:54,2022-06-20T18:40:25,0.7,Partially cloudy,Partly cloudy throughout the day.,partly-cloudy-day,"48820099999,48823099999,48825099999,48831099999,VVNB"
Hanoi,2022-06-21,38.5,28.5,33.3,47.2,34.6,41.1,25.3,65,0.1,100,4.17,rain,0,0,28.4,22.3,131.9,999,67.3,11.7,285.4,24.7,9,60,2022-06-21T05:16:06,2022-06-21T18:40:39,0.75,"Rain, Partially cloudy",Partly cloudy throughout the day with late afternoon rain.,rain,"48820099999,48823099999,48825099999,48831099999,VVNB"
Hanoi,2022-06-22,36,27,31.7,45.9,29.6,39.8,25.9,72.2,0.2,100,8.33,rain,0,0,31,25.9,111.9,1004,64.3,11.5,228.9,19.8,8,60,2022-06-22T05:16:19,2022-06-22T18:40:51,0.76,"Rain, Partially cloudy",Partly cloudy throughout the day with early morning rain.,rain,"48820099999,48823099999,48825099999,48831099999,VVNB"
Hanoi,2022-06-23,32.5,24,28,41.4,24,32.2,25,84.2,2.948,100,4.17,rain,0,0,23,15.7,96.9,1007.4,71.1,9.9,267.3,23.2,9,75,2022-06-23T05:16:33,2022-06-23T18:41:03,0.8,"Rain, Partially cloudy",Partly cloudy throughout the day with morning rain.,rain,"48820099999,48823099999,48825099999,48831099999,VVNB"
Hanoi,2022-06-24,34.2,27,30.3,41.3,30.6,36.3,25.1,74.9,0.4,100,16.67,rain,0,0,27.7,20.3,129.9,1006.6,44,10.7,280.6,24.2,9,30,2022-06-24T05:16:48,2022-06-24T18:41:14,0.83,"Rain, Partially cloudy",Partly cloudy throughout the day with rain in the morning and afternoon.,rain,"48820099999,48823099999,48825099999,48831099999,VVNB"
Hanoi,2022-06-25,34.6,26.5,30.7,40.6,26.5,35.9,24.3,70.5,0.1,100,4.17,rain,0,0,28.4,19.4,135.3,1005.2,36.7,11.2,270.7,23.4,9,30,2022-06-25T05:17:03,2022-06-25T18:41:24,0.87,"Rain, Partially cloudy",Partly cloudy throughout the day with afternoon rain.,rain,"48820099999,48823099999,48825099999,48831099999,VVNB"
Hanoi,2022-06-26,34.4,27,30.3,42.3,30.6,36.8,25.4,76.4,0.983,100,4.17,rain,0,0,28.4,21.4,127.4,1006,54.8,11.1,279.9,24,9,30,2022-06-26T05:17:19,2022-06-26T18:41:33,0.9,"Rain, Partially cloudy",Partly cloudy throughout the day with late afternoon rain.,rain,"48820099999,48823099999,48825099999,48831099999,VVNB"
Hanoi,2022-06-27,37.4,28,32,44.6,33.6,39.5,25.5,71,0,0,0,,0,0,36.4,21.4,141.1,1004.2,60.9,12,302.9,26.1,9,30,2022-06-27T05:17:35,2022-06-27T18:41:41,0.93,Partially cloudy,Partly cloudy throughout the day.,partly-cloudy-day,"48820099999,48823099999,48825099999,48831099999,VVNB"
Hanoi,2022-06-28,36.9,28,32.3,45.6,34.5,40.4,25.7,70,0,0,0,,0,0,23.8,19.4,99.5,1001.5,62.3,11.9,299.1,25.9,10,60,2022-06-28T05:17:52,2022-06-28T18:41:48,0.97,Partially cloudy,Partly cloudy throughout the day.,partly-cloudy-day,"48820099999,48823099999,48825099999,48831099999,VVNB"
Hanoi,2022-06-29,33.5,28.5,30.6,42.7,32.8,37.9,25.7,75.5,0.312,100,4.17,rain,0,0,28.4,13.9,43.1,1000.4,70.4,10.9,185.7,16.1,6,60,2022-06-29T05:18:10,2022-06-29T18:41:55,0,"Rain, Partially cloudy",Partly cloudy throughout the day with afternoon rain.,rain,"48820099999,48823099999,48825099999,48831099999,VVNB"
Hanoi,2022-06-30,32,23.5,28.3,40.7,23.5,33,25.2,83.7,50.685,100,8.33,rain,0,0,19.1,12.8,341.5,1001.3,64.9,9.4,160.1,13.7,7,30,2022-06-30T05:18:28,2022-06-30T18:42:00,0.04,"Rain, Partially cloudy",Partly cloudy throughout the day with rain in the morning and afternoon.,rain,"48820099999,48823099999,48825099999,48831099999,VVNB"
Hanoi,2022-07-01,33,27,28.9,41,30.1,34.4,25.1,80.3,0.367,100,12.5,rain,0,0,26.6,16.6,316.3,1000.9,67.5,9.6,162.7,13.9,8,30,2022-07-01T05:18:47,2022-07-01T18:42:05,0.07,"Rain, Partially cloudy",Partly cloudy throughout the day with rain.,rain,"48820099999,48823099999,48825099999,48831099999,VVNB"
Hanoi,2022-07-02,37.2,26,30.6,45.8,26,36.2,25,74.2,0.4,100,16.67,rain,0,0,53.6,27.9,314.5,997.4,81.1,9.8,260.2,22.6,9,60,2022-07-02T05:19:06,2022-07-02T18:42:08,0.11,"Rain, Partially cloudy",Partly cloudy throughout the day with rain.,rain,"48820099999,48823099999,48825099999,48831099999,VVNB"
Hanoi,2022-07-03,37.3,26,31.2,47.9,26,38.1,25.5,73.1,2.753,100,8.33,rain,0,0,21.6,11.2,237.2,997.3,80.8,10.7,239.7,20.9,8,60,2022-07-03T05:19:26,2022-07-03T18:42:10,0.14,"Rain, Partially cloudy",Partly cloudy throughout the day with rain.,rain,"48820099999,48823099999,48825099999,48831099999,VVNB"
Hanoi,2022-07-04,37,29.7,32.6,49.1,37,42.7,26.8,72.9,0,0,0,,0,0,22,15.7,66.6,997.7,67.3,10,265.3,22.9,9,75,2022-07-04T05:19:46,2022-07-04T18:42:12,0.17,Partially cloudy,Partly cloudy throughout the day.,partly-cloudy-day,"48820099999,48823099999,48825099999,48831099999,VVNB"
Hanoi,2022-07-05,35.6,24.7,30.4,48.4,24.7,38,26.3,79.7,83.969,100,4.17,rain,0,0,35.3,24.1,79.6,1000.4,68.4,9.6,260.4,22.5,9,75,2022-07-05T05:20:06,2022-07-05T18:42:12,0.21,"Rain, Partially cloudy",Partly cloudy throughout the day with late afternoon rain.,rain,"48820099999,48823099999,48825099999,48831099999,VVNB"
Hanoi,2022-07-06,31,25,28.1,39.1,25,32.4,25.3,85.5,7.897,100,8.33,rain,0,0,16.6,12.1,98.3,1003.3,67.4,8.5,139.4,12,4,60,2022-07-06T05:20:27,2022-07-06T18:42:11,0.24,"Rain, Partially cloudy",Partly cloudy throughout the day with rain.,rain,"48820099999,48823099999,48825099999,48831099999,VVNB"
Hanoi,2022-07-07,32,25,27.6,40.7,25,31.3,25.1,86.6,23.58,100,4.17,rain,0,0,20.9,13.9,73.3,1003,88.5,9.3,123.6,10.9,4,60,2022-07-07T05:20:48,2022-07-07T18:42:09,0.25,"Rain, Partially cloudy",Partly cloudy throughout the day with late afternoon rain.,rain,"48820099999,48823099999,48825099999,48831099999,VVNB"
Hanoi,2022-07-08,29.8,25.5,27.5,35.6,25.5,31.1,25.2,87.7,0.603,100,4.17,rain,0,0,24.5,12.1,65.1,1004.1,68,9.7,118.7,10.2,5,30,2022-07-08T05:21:10,2022-07-08T18:42:06,0.31,"Rain, Partially cloudy",Partly cloudy throughout the day with early morning rain.,rain,"48820099999,48823099999,48825099999,48831099999,VVNB"
Hanoi,2022-07-09,29.7,25,27.5,36,25,31.7,25.3,87.9,1.512,100,8.33,rain,0,0,18.7,17.7,74.8,1004.3,61,9.5,141.7,12.2,5,60,2022-07-09T05:21:32,2022-07-09T18:42:02,0.34,"Rain, Partially cloudy",Partly cloudy throughout the day with rain in the morning and afternoon.,rain,"48820099999,48823099999,48825099999,48831099999,VVNB"
Hanoi,2022-07-10,34,25.7,29.4,42,25.7,34.1,25.2,79.1,0.232,100,8.33,rain,0,0,20.2,10.3,19.9,1004.8,52.2,10,219.1,18.9,8,30,2022-07-10T05:21:54,2022-07-10T18:41:57,0.38,"Rain, Partially cloudy",Partly cloudy throughout the day with rain.,rain,"48820099999,48823099999,48825099999,48831099999,VVNB"
Hanoi,2022-07-11,33.8,27,29.8,43.7,30.6,36.3,25.7,79.8,11.559,100,12.5,rain,0,0,29.2,16.6,52.7,1004.7,54,11.6,197,17.1,6,60,2022-07-11T05:22:17,2022-07-11T18:41:51,0.41,"Rain, Partially cloudy",Partly cloudy throughout the day with rain.,rain,"48820099999,48823099999,48825099999,48831099999,VVNB"
Hanoi,2022-07-12,32.4,27.5,29.6,41.4,32,36.7,26.1,81.7,1.253,100,12.5,rain,0,0,30.6,16.9,95.8,1004.6,60.5,9.9,137,12,6,60,2022-07-12T05:22:39,2022-07-12T18:41:43,0.45,"Rain, Partially cloudy",Partly cloudy throughout the day with a chance of rain throughout the day.,rain,"48820099999,48823099999,48825099999,48831099999,VVNB"
Hanoi,2022-07-13,32.5,26.3,29,43.1,26.3,35.4,26,84.1,33.615,100,12.5,rain,0,0,29.2,13,69.7,1003.9,61.3,9.5,184.8,15.8,8,60,2022-07-13T05:23:02,2022-07-13T18:41:35,0.48,"Rain, Partially cloudy",Partly cloudy throughout the day with a chance of rain throughout the day.,rain,"48820099999,48823099999,48825099999,48831099999,VVNB"
Hanoi,2022-07-14,33,26.7,29.7,40.7,30.2,36.1,25.6,79.7,8.219,100,12.5,rain,0,0,27,16.6,100.8,1004,62.3,9.8,166.1,14.3,7,60,2022-07-14T05:23:25,2022-07-14T18:41:25,0.5,"Rain, Partially cloudy",Partly cloudy throughout the day with a chance of rain throughout the day.,rain,"48820099999,48823099999,48825099999,48831099999,VVNB"
Hanoi,2022-07-15,33.6,25.5,29.4,43.1,25.5,35.6,26,82.4,34.034,100,12.5,rain,0,0,38.9,18.5,78.5,1004.5,64.7,10.5,229.8,19.9,8,60,2022-07-15T05:23:48,2022-07-15T18:41:15,0.55,"Rain, Partially cloudy",Partly cloudy throughout the day with rain.,rain,"48820099999,48823099999,48825099999,48831099999,VVNB"
Hanoi,2022-07-16,34.6,28,31.2,46,33.6,39.6,26.4,76.3,0,0,0,,0,0,25.6,16.6,126.3,1004,51.1,12,260.8,22.5,9,75,2022-07-16T05:24:12,2022-07-16T18:41:03,0.58,Partially cloudy,Partly cloudy throughout the day.,partly-cloudy-day,"48820099999,48823099999,48825099999,48831099999,VVNB"
Hanoi,2022-07-17,36,29,32.2,50.2,36.8,43.4,27.6,77.8,0,0,0,,0,0,24.8,19.4,121.9,1002.6,70.8,11.6,251.7,21.6,8,75,2022-07-17T05:24:35,2022-07-17T18:40:50,0.61,Partially cloudy,Partly cloudy throughout the day.,partly-cloudy-day,"48820099999,48823099999,48825099999,48831099999,VVNB"
Hanoi,2022-07-18,37,26.5,32.3,50.5,26.5,42.8,27.3,76.1,4.913,100,4.17,rain,0,0,24.8,21.4,97,1000.3,71.9,11.6,280.2,24.2,9,75,2022-07-18T05:24:59,2022-07-18T18:40:36,0.65,"Rain, Partially cloudy",Partly cloudy throughout the day with late afternoon rain.,rain,"48820099999,48823099999,48825099999,48831099999,VVNB"
Hanoi,2022-07-19,34.5,25.5,29.2,47.4,25.5,35,25.8,82.4,48.511,100,4.17,rain,0,0,28.1,16.7,91.1,1001.8,68.4,9.8,224.4,19.5,8,75,2022-07-19T05:25:22,2022-07-19T18:40:20,0.68,"Rain, Partially cloudy",Partly cloudy throughout the day with early morning rain.,rain,"48820099999,48823099999,48825099999,48831099999,VVNB"
Hanoi,2022-07-20,31.4,26,28.8,41.1,26,35.1,26,84.7,26.563,100,8.33,rain,0,0,31,19.4,105.9,1005.9,67,9.6,166.3,14.3,7,60,2022-07-20T05:25:46,2022-07-20T18:40:04,0.75,"Rain, Partially cloudy",Partly cloudy throughout the day with rain.,rain,"48820099999,48823099999,48825099999,48831099999,VVNB"
Hanoi,2022-07-21,30.5,26.8,27.9,38.7,30.2,32.9,25.6,87.8,21.93,100,12.5,rain,0,0,36,20.3,75,1008.5,71.4,10.2,129.2,11,6,30,2022-07-21T05:26:09,2022-07-21T18:39:47,0.75,"Rain, Partially cloudy",Partly cloudy throughout the day with a chance of rain throughout the day.,rain,"48820099999,48823099999,48825099999,48831099999,VVNB"
Hanoi,2022-07-22,32,25.5,27.7,39.9,25.5,30.1,25.1,86.7,16.018,100,12.5,rain,0,0,27.7,22.3,84.6,1010.5,68.9,9.1,157.6,13.7,7,30,2022-07-22T05:26:33,2022-07-22T18:39:28,0.78,"Rain, Partially cloudy",Partly cloudy throughout the day with rain.,rain,"48820099999,48823099999,48825099999,48831099999,VVNB"
Hanoi,2022-07-23,34.5,26,29.7,41.3,26,34.4,25.2,78.3,0.003,100,4.17,rain,0,0,26.6,13.9,115.7,1009,44.6,11,264.7,22.9,9,60,2022-07-23T05:26:56,2022-07-23T18:39:08,0.82,"Rain, Partially cloudy",Partly cloudy throughout the day with morning rain.,rain,"48820099999,48823099999,48825099999,48831099999,VVNB"
Hanoi,2022-07-24,35,27,30.9,43.4,31.2,37.6,25.5,74.5,0.2,100,8.33,rain,0,0,24.1,15.7,120.5,1007.2,27,12,287.2,24.8,9,60,2022-07-24T05:27:20,2022-07-24T18:38:48,0.85,"Rain, Partially cloudy",Partly cloudy throughout the day with rain in the morning and afternoon.,rain,"48820099999,48823099999,48825099999,48831099999,VVNB"
Hanoi,2022-07-25,35.1,26,30.9,42.6,26,36.8,25,72.7,0,0,0,,0,0,24.8,15.7,122.9,1007.5,28.8,11.4,281.6,24.3,9,60,2022-07-25T05:27:43,2022-07-25T18:38:26,0.88,Partially cloudy,Partly cloudy throughout the day.,partly-cloudy-day,"48820099999,48823099999,48825099999,48831099999,VVNB"
Hanoi,2022-07-26,35.5,26.5,30.8,44.8,26.5,36.9,25.2,73.8,0,0,0,,0,0,27.7,17.5,122.9,1006.8,30.1,10.2,295.4,25.5,9,60,2022-07-26T05:28:07,2022-07-26T18:38:03,0.92,Partially cloudy,Partly cloudy throughout the day.,partly-cloudy-day,"48820099999,48823099999,48825099999,48831099999,VVNB"
Hanoi,2022-07-27,35,27,30.7,43.3,31.2,37.2,25.4,74.8,0,0,0,,0,0,24.5,17.5,126.9,1006.1,32.4,10.7,261.1,22.5,8,60,2022-07-27T05:28:30,2022-07-27T18:37:38,0.95,Partially cloudy,Partly cloudy throughout the day.,partly-cloudy-day,"48820099999,48823099999,48825099999,48831099999,VVNB"
Hanoi,2022-07-28,34.8,26.5,30.7,43.5,26.5,37.5,25.6,75.2,0,0,0,,0,0,23,14.8,98.6,1006.2,51.8,11.6,220.4,19.1,7,30,2022-07-28T05:28:53,2022-07-28T18:37:13,0.98,Partially cloudy,Partly cloudy throughout the day.,partly-cloudy-day,"48820099999,48823099999,48825099999,48831099999,VVNB"
Hanoi,2022-07-29,35,27,30.9,44.2,30.9,38.4,26,76.5,0,0,0,,0,0,20.5,15.7,105.8,1005,61.3,9.3,232,19.9,7,30,2022-07-29T05:29:16,2022-07-29T18:36:47,0,Partially cloudy,Partly cloudy throughout the day.,partly-cloudy-day,"48820099999,48823099999,48825099999,48831099999,VVNB"
Hanoi,2022-07-30,34.5,25.5,29.6,44.2,25.5,35.3,25.2,78.2,25.546,100,4.17,rain,0,0,20.2,25.9,134.8,1003.5,75.3,9.2,187.5,16.2,7,75,2022-07-30T05:29:39,2022-07-30T18:36:20,0.05,"Rain, Partially cloudy",Partly cloudy throughout the day with late afternoon rain.,rain,"48820099999,48823099999,48825099999,48831099999,VVNB"
Hanoi,2022-07-31,33.5,26.3,29.3,42,26.3,34.7,25.2,79.4,2.734,100,8.33,rain,0,0,24.1,19.4,105.2,1003,57.4,9.4,162.5,14,6,60,2022-07-31T05:30:02,2022-07-31T18:35:51,0.09,"Rain, Partially cloudy",Partly cloudy throughout the day with rain.,rain,"48820099999,48823099999,48825099999,48831099999,VVNB"
Hanoi,2022-08-01,34,26,29.1,42.4,26,34.6,25.4,81.1,0.262,100,8.33,rain,0,0,38.9,20.3,104.7,1004.3,46.2,9.9,217,18.7,8,30,2022-08-01T05:30:24,2022-08-01T18:35:22,0.12,"Rain, Partially cloudy",Partly cloudy throughout the day with rain.,rain,"48820099999,48823099999,48825099999,48831099999,VVNB"
Hanoi,2022-08-02,34.5,27.3,30.4,43.5,32,36.9,25.5,76.3,2.948,100,4.17,rain,0,0,23.8,14.8,92.5,1005.9,47.5,9.9,177.4,15.4,5,30,2022-08-02T05:30:47,2022-08-02T18:34:51,0.16,"Rain, Partially cloudy",Partly cloudy throughout the day with morning rain.,rain,"48820099999,48823099999,48825099999,48831099999,VVNB"
Hanoi,2022-08-03,36.7,27,31.5,43.3,31.2,38.1,25.1,70.5,0.4,100,12.5,rain,0,0,20.5,14.8,110,1005.8,48.6,11.1,280.6,24.2,9,60,2022-08-03T05:31:09,2022-08-03T18:34:20,0.19,"Rain, Partially cloudy",Partly cloudy throughout the day with rain clearing later.,rain,"48820099999,48823099999,48825099999,48831099999,VVNB"
Hanoi,2022-08-04,35,26,30.7,45.8,26,38.2,26.1,77.7,0.907,100,8.33,rain,0,0,20.2,18.4,99.6,1003.6,52.2,10.1,251.8,21.7,9,75,2022-08-04T05:31:31,2022-08-04T18:33:47,0.23,"Rain, Partially cloudy",Partly cloudy throughout the day with rain.,rain,"48820099999,48823099999,48825099999,48831099999,VVNB"
Hanoi,2022-08-05,31.7,25,28.3,38.5,25,32.3,24.5,80.5,0.954,100,8.33,rain,0,0,20.2,17.6,111.3,1003,60.5,9.9,71.2,6.1,3,60,2022-08-05T05:31:53,2022-08-05T18:33:14,0.25,"Rain, Partially cloudy",Partly cloudy throughout the day with rain clearing later.,rain,"48820099999,48823099999,48825099999,48831099999,VVNB"
Hanoi,2022-08-06,29.2,25,27.3,34.5,25,30.3,24.8,86.6,15.088,100,12.5,rain,0,0,18.7,15.7,94.3,1003.9,88.5,9.2,40.4,3.6,2,30,2022-08-06T05:32:14,2022-08-06T18:32:40,0.3,"Rain, Partially cloudy",Partly cloudy throughout the day with rain.,rain,"48820099999,48823099999,48825099999,48831099999,VVNB"
Hanoi,2022-08-07,30.5,25.9,27.7,38.3,25.9,31.3,25.5,88,10.154,100,16.67,rain,0,0,23.4,14.8,60.9,1005.2,69.4,9.6,56.2,4.8,2,30,2022-08-07T05:32:36,2022-08-07T18:32:04,0.33,"Rain, Partially cloudy",Partly cloudy throughout the day with a chance of rain throughout the day.,rain,"48820099999,48823099999,48825099999,48831099999,VVNB"
Hanoi,2022-08-08,34.5,26,28.5,42.6,26,32.2,25,82.3,0.983,100,4.17,rain,0,0,26.6,11.7,327.3,1005.2,53.2,8.7,245.6,21.2,9,60,2022-08-08T05:32:57,2022-08-08T18:31:28,0.37,"Rain, Partially cloudy",Partly cloudy throughout the day with late afternoon rain.,rain,"48820099999,48823099999,48825099999,48831099999,VVNB"
Hanoi,2022-08-09,35,25,29.7,43.3,25,34,24.6,75.6,0.55,100,8.33,rain,0,0,23,9.5,327.7,1003.2,62,10,253.4,21.7,9,75,2022-08-09T05:33:18,2022-08-09T18:30:51,0.4,"Rain, Partially cloudy",Partly cloudy throughout the day with rain clearing later.,rain,"48820099999,48823099999,48825099999,48831099999,VVNB"
Hanoi,2022-08-10,32.7,26,28.4,41.4,26,32.5,25.1,82.9,4.93,100,4.17,rain,0,0,35.3,17.6,332.5,1000.9,81.3,9.8,149.8,13,6,30,2022-08-10T05:33:38,2022-08-10T18:30:12,0.44,"Rain, Partially cloudy",Partly cloudy throughout the day with late afternoon rain.,rain,"48820099999,48823099999,48825099999,48831099999,VVNB"
Hanoi,2022-08-11,29.3,24,26,35.9,24,27.1,24.6,92.6,152.462,100,20.83,rain,0,0,36.4,19.4,251.2,1000.5,94,7.1,34,2.8,1,10,2022-08-11T05:33:59,2022-08-11T18:29:33,0.47,"Rain, Overcast",Cloudy skies throughout the day with a chance of rain throughout the day.,rain,"48820099999,48823099999,48825099999,48831099999,VVNB"
Hanoi,2022-08-12,26.9,23.5,25.3,30.5,23.5,25.5,24,92.3,91.878,100,12.5,rain,0,0,22.3,20.3,93.8,1006.3,78.9,7.6,46.9,4.1,2,10,2022-08-12T05:34:19,2022-08-12T18:28:53,0.5,"Rain, Partially cloudy",Partly cloudy throughout the day with a chance of rain throughout the day.,rain,"48820099999,48823099999,48825099999,48831099999,VVNB"
Hanoi,2022-08-13,31.4,25,28,37.7,25,31.6,24.6,82.8,6.1,100,41.67,rain,0,0,20.9,13,109.7,1006.5,82.3,9.3,188.9,16.4,6,60,2022-08-13T05:34:39,2022-08-13T18:28:13,0.54,"Rain, Partially cloudy",Partly cloudy throughout the day with a chance of rain throughout the day.,rain,"48820099999,48823099999,48825099999,48831099999,VVNB"
Hanoi,2022-08-14,33,26,28.8,42.1,26,33.5,25.4,82.4,0.28,100,4.17,rain,0,0,21.6,13.9,121.3,1005.5,54.3,8.9,213.5,18.5,7,60,2022-08-14T05:34:58,2022-08-14T18:27:31,0.57,"Rain, Partially cloudy",Partly cloudy throughout the day with late afternoon rain.,rain,"48820099999,48823099999,48825099999,48831099999,VVNB"
Hanoi,2022-08-15,34,25.5,29.4,42.8,25.5,34.4,25.3,79.4,0.175,100,4.17,rain,0,0,17.3,16.6,104.8,1004.5,48.6,10.1,224.1,19.4,7,75,2022-08-15T05:35:18,2022-08-15T18:26:49,0.6,"Rain, Partially cloudy",Partly cloudy throughout the day with early morning rain.,rain,"48820099999,48823099999,48825099999,48831099999,VVNB"
Hanoi,2022-08-16,34.7,27,30.7,44.2,31.2,37.7,25.8,76.8,0.5,100,12.5,rain,0,0,22.7,15.7,105,1004.4,39.8,11.9,241.9,20.7,8,60,2022-08-16T05:35:37,2022-08-16T18:26:05,0.64,"Rain, Partially cloudy",Partly cloudy throughout the day with rain in the morning and afternoon.,rain,"48820099999,48823099999,48825099999,48831099999,VVNB"
Hanoi,2022-08-17,34,27.5,30.2,44.4,32.8,37.9,26.3,80.4,1.9,100,33.33,rain,0,0,22.7,13.9,109.1,1004.3,48,9.4,198.9,17.2,7,60,2022-08-17T05:35:56,2022-08-17T18:25:21,0.67,"Rain, Partially cloudy",Partly cloudy throughout the day with rain.,rain,"48820099999,48823099999,48825099999,48831099999,VVNB"
Hanoi,2022-08-18,34.9,27,30.6,44.2,31.2,38,26.1,78.4,0.7,100,20.83,rain,0,0,26.6,19.4,105.1,1003.6,58.9,9.3,254.3,22,9,60,2022-08-18T05:36:14,2022-08-18T18:24:36,0.7,"Rain, Partially cloudy",Partly cloudy throughout the day with rain.,rain,"48820099999,48823099999,48825099999,48831099999,VVNB"
Hanoi,2022-08-19,35,27,31.1,45.8,31.2,39.3,26.4,77.4,1.8,100,20.83,rain,0,0,20.9,25,94.5,1002.6,52.5,9.6,234.4,20.2,8,75,2022-08-19T05:36:32,2022-08-19T18:23:51,0.75,"Rain, Partially cloudy",Partly cloudy throughout the day with rain.,rain,"48820099999,48823099999,48825099999,48831099999,VVNB"
Hanoi,2022-08-20,31,24.5,27.7,39.8,24.5,31.9,25.7,89,17.913,100,16.67,rain,0,0,32,20.3,300.3,1002.4,80.4,9.2,151.6,13,5,60,2022-08-20T05:36:51,2022-08-20T18:23:05,0.77,"Rain, Partially cloudy",Partly cloudy throughout the day with a chance of rain throughout the day.,rain,"48820099999,48823099999,48825099999,48831099999,VVNB"
Hanoi,2022-08-21,29.5,25.3,27,36,25.3,30,25.4,90.7,47.034,100,16.67,rain,0,0,28.8,21.2,67.3,1002.8,83.2,9.4,91.5,7.8,4,30,2022-08-21T05:37:08,2022-08-21T18:22:18,0.8,"Rain, Partially cloudy",Partly cloudy throughout the day with a chance of rain throughout the day.,rain,"48820099999,48823099999,48825099999,48831099999,VVNB"
Hanoi,2022-08-22,34.5,25,29.6,42.9,25,35.2,25.8,81.4,1.965,100,4.17,rain,0,0,19.4,13.9,111.8,1004.7,54.9,11.1,195,16.8,8,60,2022-08-22T05:37:26,2022-08-22T18:21:30,0.83,"Rain, Partially cloudy",Partly cloudy throughout the day with early morning rain.,rain,"48820099999,48823099999,48825099999,48831099999,VVNB"
Hanoi,2022-08-23,34,27,29.5,44.8,31.2,37.2,26.8,85.7,0.052,100,4.17,rain,0,0,23.8,13.9,94.4,1005.4,39.8,10.3,233.8,20,8,75,2022-08-23T05:37:43,2022-08-23T18:20:42,0.86,"Rain, Partially cloudy",Partly cloudy throughout the day with afternoon rain.,rain,"48820099999,48823099999,48825099999,48831099999,VVNB"
Hanoi,2022-08-24,35.5,27,30.9,46,30.6,39.2,26.5,78.6,4.8,100,16.67,rain,0,0,32.8,10.3,23.4,1003.5,42.4,9.5,203.5,17.6,8,75,2022-08-24T05:38:00,2022-08-24T18:19:53,0.9,"Rain, Partially cloudy",Partly cloudy throughout the day with rain in the morning and afternoon.,rain,"48820099999,48823099999,48825099999,48831099999,VVNB"
Hanoi,2022-08-25,30.5,25.5,28,39.5,25.5,33.2,26.1,89.8,30.965,100,8.33,rain,0,0,27.7,23.2,284.1,999.7,63.8,7.7,180.6,15.6,8,75,2022-08-25T05:38:17,2022-08-25T18:19:04,0.93,"Rain, Partially cloudy",Partly cloudy throughout the day with rain.,rain,"48820099999,48823099999,48825099999,48831099999,VVNB"
Hanoi,2022-08-26,32.1,24.5,28,39.7,24.5,32,25.1,85.1,43.633,100,8.33,rain,0,0,47.9,22.3,128.4,1002.7,77.5,8.9,126,10.8,6,60,2022-08-26T05:38:34,2022-08-26T18:18:14,0.96,"Rain, Partially cloudy",Partly cloudy throughout the day with rain clearing later.,rain,"48820099999,48823099999,48825099999,48831099999,VVNB"
Hanoi,2022-08-27,34.1,27,29.8,42.7,30.6,35.9,25.4,78.3,0.1,100,4.17,rain,0,0,19.8,20.3,106.2,1007.3,58.6,11.3,229,19.7,7,30,2022-08-27T05:38:50,2022-08-27T18:17:23,0,"Rain, Partially cloudy",Partly cloudy throughout the day with early morning rain.,rain,"48820099999,48823099999,48825099999,48831099999,VVNB"
Hanoi,2022-08-28,35,26.5,30.4,44.9,26.5,37.6,26,78.5,0.2,100,8.33,rain,0,0,24.1,19.4,116,1007.3,44.5,12.4,252.1,21.8,9,75,2022-08-28T05:39:07,2022-08-28T18:16:32,0.03,"Rain, Partially cloudy",Partly cloudy throughout the day with rain in the morning and afternoon.,rain,"48820099999,48823099999,48825099999,48831099999,VVNB"
Hanoi,2022-08-29,35.5,27,30.7,43.2,31.2,37.7,25.8,76.5,0,0,0,,0,0,28.1,17.5,128.2,1008.9,45.9,10.9,262.3,22.5,9,60,2022-08-29T05:39:23,2022-08-29T18:15:40,0.07,Partially cloudy,Clearing in the afternoon.,partly-cloudy-day,"48820099999,48823099999,48825099999,48831099999,VVNB"
Hanoi,2022-08-30,35.1,27,30.8,42.6,31.2,37.2,25.3,74.3,0,0,0,,0,0,19.1,13.9,117.3,1008.4,43.6,11.5,276.2,23.9,9,60,2022-08-30T05:39:39,2022-08-30T18:14:48,0.1,Partially cloudy,Partly cloudy throughout the day.,partly-cloudy-day,"48820099999,48823099999,48825099999,48831099999,VVNB"
Hanoi,2022-08-31,34.4,27,30.5,43.7,30.6,37.5,25.7,76.6,0.2,100,8.33,rain,0,0,15.1,12.1,76.3,1006.8,44.2,11.5,226.4,19.5,8,60,2022-08-31T05:39:54,2022-08-31T18:13:55,0.14,"Rain, Partially cloudy",Partly cloudy throughout the day with rain in the morning and afternoon.,rain,"48820099999,48823099999,48825099999,48831099999,VVNB"
Hanoi,2022-09-01,31.8,25,28.7,38.4,25,34.2,25.5,83.5,11.053,100,8.33,rain,0,0,50,17.5,342,1009,51.7,9.3,129.9,11.1,4,30,2022-09-01T05:40:10,2022-09-01T18:13:02,0.17,"Rain, Partially cloudy",Partly cloudy throughout the day with rain.,rain,"48820099999,48823099999,48825099999,48831099999,VVNB"
Hanoi,2022-09-02,34.5,26,30.2,41.2,26,35.1,24.4,72.4,0.052,100,4.17,rain,0,0,23.8,10.3,349.1,1008.1,65.3,9.5,236.6,20.4,8,10,2022-09-02T05:40:25,2022-09-02T18:12:09,0.21,"Rain, Partially cloudy",Partly cloudy throughout the day with early morning rain.,rain,"48820099999,48823099999,48825099999,48831099999,VVNB"
Hanoi,2022-09-03,34.9,27,30.8,44.2,31.2,37.6,25.4,73.7,0.175,100,4.17,rain,0,0,16.9,15.7,98.6,1005.4,39.9,8.6,254.5,22,8,30,2022-09-03T05:40:40,2022-09-03T18:11:15,0.24,"Rain, Partially cloudy",Partly cloudy throughout the day with morning rain.,rain,"48820099999,48823099999,48825099999,48831099999,VVNB"
Hanoi,2022-09-04,30.5,25,27.7,36.2,25,30.8,23.9,80.7,2.07,100,8.33,rain,0,0,38.9,20.3,356.7,1007.3,71.7,9.4,170.1,14.8,6,10,2022-09-04T05:40:55,2022-09-04T18:10:20,0.25,"Rain, Partially cloudy",Partly cloudy throughout the day with rain.,rain,"48820099999,48823099999,48825099999,48831099999,VVNB"
Hanoi,2022-09-05,34.4,26,29.4,37.3,26,31.5,22.3,67.7,0,0,0,,0,0,25.2,11.2,314,1007.8,54.9,10.7,232.8,20.2,9,10,2022-09-05T05:41:10,2022-09-05T18:09:26,0.31,Partially cloudy,Clearing in the afternoon.,partly-cloudy-day,"48820099999,48823099999,48825099999,48831099999,VVNB"
Hanoi,2022-09-06,35.9,25,30.2,38.7,25,32.5,21.9,64.1,0,0,0,,0,0,29.5,10.4,327.4,1008.3,33.7,12.2,256.6,22.1,9,10,2022-09-06T05:41:25,2022-09-06T18:08:31,0.35,Partially cloudy,Partly cloudy throughout the day.,partly-cloudy-day,"48820099999,48823099999,48825099999,48831099999,VVNB"
Hanoi,2022-09-07,34.5,26,28.9,39.4,26,32,23.4,74,1.965,100,4.17,rain,0,0,48.2,14.8,359.2,1011,60.3,9.3,218.6,19,8,10,2022-09-07T05:41:40,2022-09-07T18:07:35,0.39,"Rain, Partially cloudy",Partly cloudy throughout the day with late afternoon rain.,rain,"48820099999,48823099999,48825099999,48831099999,VVNB"
Hanoi,2022-09-08,30,25,26.4,36.8,25,27.9,24.5,89.9,100.581,100,16.67,rain,0,0,31.7,26.8,32.3,1012.7,84.4,8.4,38.4,3.2,3,10,2022-09-08T05:41:54,2022-09-08T18:06:40,0.42,"Rain, Partially cloudy",Partly cloudy throughout the day with a chance of rain throughout the day.,rain,"48820099999,48823099999,48825099999,48831099999,VVNB"
Hanoi,2022-09-09,30,24.7,26.9,35.1,24.7,29,24,85,26.723,100,16.67,rain,0,0,22.3,9.4,342.5,1013.3,58.7,8.9,60.4,5.3,3,10,2022-09-09T05:42:09,2022-09-09T18:05:44,0.46,"Rain, Partially cloudy",Partly cloudy throughout the day with a chance of rain throughout the day.,rain,"48820099999,48823099999,48825099999,48831099999,VVNB"
Hanoi,2022-09-10,31.5,25.2,28,37.2,25.2,30.9,24.3,81.4,18.375,100,12.5,rain,0,0,20.5,10.3,209.1,1011.9,65.9,9.2,182.5,15.9,7,30,2022-09-10T05:42:23,2022-09-10T18:04:48,0.5,"Rain, Partially cloudy",Partly cloudy throughout the day with a chance of rain throughout the day.,rain,"48820099999,48823099999,48825099999,48831099999,VVNB"
Hanoi,2022-09-11,32.7,26,28.7,38,26,32.2,24.2,78.1,1.3,100,37.5,rain,0,0,22,12.1,71.7,1010,44.5,9.8,216.3,18.7,7,60,2022-09-11T05:42:38,2022-09-11T18:03:51,0.53,"Rain, Partially cloudy",Partly cloudy throughout the day with a chance of rain throughout the day.,rain,"48820099999,48823099999,48825099999,48831099999,VVNB"
Hanoi,2022-09-12,33,26,29.4,39.3,26,33.5,24.1,74.3,0.3,100,4.17,rain,0,0,25.2,12.1,56.2,1009.1,45.6,9.5,227,19.6,8,10,2022-09-12T05:42:52,2022-09-12T18:02:55,0.56,"Rain, Partially cloudy",Partly cloudy throughout the day with afternoon rain.,rain,"48820099999,48823099999,48825099999,48831099999,VVNB"
Hanoi,2022-09-13,33.3,26,29.3,39.9,26,34.1,24.7,77.1,0.3,100,8.33,rain,0,0,19.1,11.2,331.5,1009.2,40.5,8,209.2,18.1,7,30,2022-09-13T05:43:06,2022-09-13T18:01:58,0.59,"Rain, Partially cloudy",Partly cloudy throughout the day with rain in the morning and afternoon.,rain,"48820099999,48823099999,48825099999,48831099999,VVNB"
Hanoi,2022-09-14,34.5,26,29.9,40.6,26,34.6,24.2,72.8,0.3,100,12.5,rain,0,0,17.3,11.2,303.4,1008.6,33.5,8.1,244.1,21,8,30,2022-09-14T05:43:21,2022-09-14T18:01:01,0.62,"Rain, Partially cloudy",Partly cloudy throughout the day with a chance of rain throughout the day.,rain,"48820099999,48823099999,48825099999,48831099999,VVNB"
Hanoi,2022-09-15,34.5,26.5,30.2,42.6,26.5,35.9,25,74.8,1.179,100,4.17,rain,0,0,21.2,14.8,104.5,1006,38.3,8.5,236.8,20.5,8,60,2022-09-15T05:43:35,2022-09-15T18:00:04,0.65,"Rain, Partially cloudy",Partly cloudy throughout the day with late afternoon rain.,rain,"48820099999,48823099999,48825099999,48831099999,VVNB"
Hanoi,2022-09-16,31.5,26,28.5,39.5,26,33.5,25.2,82.6,0.098,100,4.17,rain,0,0,25.9,16.6,95.6,1004.1,61.9,9.4,61.1,5.3,4,75,2022-09-16T05:43:49,2022-09-16T17:59:07,0.69,"Rain, Partially cloudy",Partly cloudy throughout the day with late afternoon rain.,rain,"48820099999,48823099999,48825099999,48831099999,VVNB"
Hanoi,2022-09-17,32,25.7,27.9,39.2,25.7,31.1,24.7,83,0.758,100,4.17,rain,0,0,24.8,14.8,83.8,1006.1,57.7,9.9,109.3,9.4,5,30,2022-09-17T05:44:03,2022-09-17T17:58:10,0.72,"Rain, Partially cloudy",Partly cloudy throughout the day with late afternoon rain.,rain,"48820099999,48823099999,48825099999,48831099999,VVNB"
Hanoi,2022-09-18,34.4,25.5,29.6,39.9,25.5,33.6,24.6,76.1,0.002,100,4.17,rain,0,0,17.6,11.2,145.7,1006.7,21.7,8.4,233.9,20.2,8,30,2022-09-18T05:44:18,2022-09-18T17:57:13,0.75,"Rain, Partially cloudy",Partly cloudy throughout the day with late afternoon rain.,rain,"48820099999,48823099999,48825099999,48831099999,VVNB"
Hanoi,2022-09-19,35,26.5,30.2,43.3,26.5,35.8,25.3,76.3,0,0,0,,0,0,16.2,11.2,87.1,1006.3,32.6,8.7,242,20.8,8,60,2022-09-19T05:44:32,2022-09-19T17:56:16,0.78,Partially cloudy,Partly cloudy throughout the day.,partly-cloudy-day,"48820099999,48823099999,48825099999,48831099999,VVNB"
Hanoi,2022-09-20,34.5,27,29.2,43.5,29.2,34.5,24.8,78.1,25.742,100,4.17,rain,0,0,24.8,16.6,46.7,1006.8,42.3,9,251,21.6,9,30,2022-09-20T05:44:46,2022-09-20T17:55:19,0.82,"Rain, Partially cloudy",Partly cloudy throughout the day with late afternoon rain.,rain,"48820099999,48823099999,48825099999,48831099999,VVNB"
Hanoi,2022-09-21,31,25.5,27.4,37.1,25.5,29.8,24,81.6,1.707,100,4.17,rain,0,0,33.5,12.1,17.1,1008.8,46,9.5,156.6,13.5,7,30,2022-09-21T05:45:01,2022-09-21T17:54:22,0.85,"Rain, Partially cloudy",Partly cloudy throughout the day with late afternoon rain.,rain,"48820099999,48823099999,48825099999,48831099999,VVNB"
Hanoi,2022-09-22,31,25,27.6,36.5,25,30.2,24.3,82.7,25.596,100,4.17,rain,0,0,31.7,17.5,67.5,1009.6,61.5,9.3,116.1,10,4,30,2022-09-22T05:45:16,2022-09-22T17:53:25,0.88,"Rain, Partially cloudy",Partly cloudy throughout the day with late afternoon rain.,rain,"48820099999,48823099999,48825099999,48831099999,VVNB"
Hanoi,2022-09-23,33,23.5,27.4,37.5,23.5,28.9,23.3,80,18.139,100,4.17,rain,0,0,31.7,24.1,4.8,1010.3,62,9.3,218.3,19,9,10,2022-09-23T05:45:30,2022-09-23T17:52:28,0.91,"Rain, Partially cloudy",Partly cloudy throughout the day with late afternoon rain.,rain,"48820099999,48823099999,48825099999,48831099999,VVNB"
Hanoi,2022-09-24,29,24,26.6,33.2,24,28.1,22.8,80.1,8.936,100,4.17,rain,0,0,33.5,13.9,10.5,1010.5,74.4,9.6,136.1,11.6,7,10,2022-09-24T05:45:45,2022-09-24T17:51:31,0.95,"Rain, Partially cloudy",Partly cloudy throughout the day with late afternoon rain.,rain,"48820099999,48823099999,48825099999,48831099999,VVNB"
Hanoi,2022-09-25,28.5,24.6,26,32,24.6,26.8,22.8,82.6,18.53,100,4.17,rain,0,0,34.6,18.4,13.1,1011.2,67.2,9.2,149.6,13.1,7,30,2022-09-25T05:46:00,2022-09-25T17:50:34,0.98,"Rain, Partially cloudy",Partly cloudy throughout the day with late afternoon rain.,rain,"48820099999,48823099999,48825099999,48831099999,VVNB"
Hanoi,2022-09-26,32.5,24,27.9,38.6,24,31,23.7,79.2,0.4,100,16.67,rain,0,0,24.5,9.4,318.5,1009.9,27.4,7.7,230.1,19.9,8,10,2022-09-26T05:46:15,2022-09-26T17:49:37,0,"Rain, Partially cloudy",Partly cloudy throughout the day with a chance of rain throughout the day.,rain,"48820099999,48823099999,48825099999,48831099999,VVNB"
Hanoi,2022-09-27,34,25,29,38.5,25,32.1,23.7,74.8,0.1,100,4.17,rain,0,0,30.6,11.2,325.7,1007,19.3,6.9,236.9,20.5,9,10,2022-09-27T05:46:31,2022-09-27T17:48:41,0.05,Rain,Clear conditions throughout the day with afternoon rain.,rain,"48820099999,48823099999,48825099999,48831099999,VVNB"
Hanoi,2022-09-28,30,25,26.8,32.6,25,28.3,23,80.1,27.2,100,79.17,rain,0,0,40.7,12.1,322.7,1005.8,70.3,8.3,29,2.6,1,10,2022-09-28T05:46:46,2022-09-28T17:47:45,0.08,"Rain, Partially cloudy",Partly cloudy throughout the day with a chance of rain throughout the day.,rain,"48820099999,48823099999,48825099999,VVNB"
Hanoi,2022-09-29,29,24,26.1,33.6,24,27,23.7,86.9,23.5,100,87.5,rain,0,0,35.6,14.8,1.9,1006.8,88.4,8.2,45,4,2,10,2022-09-29T05:47:02,2022-09-29T17:46:49,0.12,"Rain, Partially cloudy",Partly cloudy throughout the day with a chance of rain throughout the day.,rain,"48820099999,48823099999,48825099999,48831099999,VVNB"
Hanoi,2022-09-30,31.5,25,26.6,37.2,25,27.8,23.6,84.1,20.8,100,100,rain,0,0,20.5,23.2,63.5,1008.4,70.1,10,59.6,5.2,2,10,2022-09-30T05:47:18,2022-09-30T17:45:53,0.15,"Rain, Partially cloudy",Partly cloudy throughout the day with a chance of rain throughout the day.,rain,"48820099999,VVNB"
Hanoi,2022-10-01,29,25,26.2,33.6,25,27.3,24.3,89.2,33.5,100,100,rain,0,0,22.3,19.4,90.9,1009.6,80.3,8.7,69.4,6,4,10,2022-10-01T05:47:34,2022-10-01T17:44:58,0.19,"Rain, Partially cloudy",Partly cloudy throughout the day with a chance of rain throughout the day.,rain,"48820099999,VVNB"
Hanoi,2022-10-02,29.5,25,26.9,34.4,25,28.9,23.8,83.4,31.3,100,91.67,rain,0,0,23.4,17.5,94.9,1010.8,83.2,9.9,49.6,4.4,2,10,2022-10-02T05:47:50,2022-10-02T17:44:03,0.23,"Rain, Partially cloudy",Partly cloudy throughout the day with a chance of rain throughout the day.,rain,"48820099999,VVNB"
Hanoi,2022-10-03,32.5,25,27.8,38.6,25,30.3,24,81.1,2,100,50,rain,0,0,23,17.6,72.8,1012.1,53.6,9.1,169.4,14.7,8,30,2022-10-03T05:48:07,2022-10-03T17:43:08,0.25,"Rain, Partially cloudy",Partly cloudy throughout the day with a chance of rain throughout the day.,rain,"48820099999,VVNB"
Hanoi,2022-10-04,33,25,27.5,39.3,25,29.5,23.8,81.6,0.149,100,4.17,rain,0,0,29.5,8.5,293.4,1013.5,40.4,9.2,186.2,16.1,7,30,2022-10-04T05:48:24,2022-10-04T17:42:13,0.3,"Rain, Partially cloudy",Partly cloudy throughout the day with late afternoon rain.,rain,"48820099999,48823099999,48825099999,48831099999,VVNB"
Hanoi,2022-10-05,33,24.4,28.3,37,24.4,31.1,23.6,77.5,0.133,100,4.17,rain,0,0,19.8,16.6,118.4,1013.2,30.8,9.3,216,18.8,7,30,2022-10-05T05:48:41,2022-10-05T17:41:19,0.33,"Rain, Partially cloudy",Partly cloudy throughout the day with late afternoon rain.,rain,"48820099999,48823099999,48825099999,48831099999,VVNB"
Hanoi,2022-10-06,32,24,26.7,37.3,24,27.9,23.7,84.8,4.629,100,8.33,rain,0,0,26.3,26.8,107.8,1013.6,41.5,8.9,178.2,15.3,7,10,2022-10-06T05:48:58,2022-10-06T17:40:26,0.37,"Rain, Partially cloudy",Partly cloudy throughout the day with rain.,rain,"48820099999,48823099999,48825099999,48831099999,VVNB"
Hanoi,2022-10-07,30,24,26.4,35.1,24,28.1,23.7,85.8,1.195,100,12.5,rain,0,0,29.5,13.2,95.7,1014,52.4,8.5,155.8,13.4,6,10,2022-10-07T05:49:16,2022-10-07T17:39:33,0.4,"Rain, Partially cloudy",Partly cloudy throughout the day with rain.,rain,"48820099999,48823099999,48825099999,48831099999,VVNB"
Hanoi,2022-10-08,29.5,24.5,26.7,32.7,24.5,28.2,23.2,81.9,1.451,100,8.33,rain,0,0,20.2,16.6,72.8,1014.4,67.3,9,90.8,7.8,4,10,2022-10-08T05:49:34,2022-10-08T17:38:40,0.44,"Rain, Partially cloudy",Partly cloudy throughout the day with rain in the morning and afternoon.,rain,"48820099999,48823099999,48825099999,48831099999,VVNB"
Hanoi,2022-10-09,27.4,23,25.3,30.1,23,25.6,20.8,76.9,0.662,100,12.5,rain,0,0,48.2,26.8,20.5,1017.2,88.5,9.4,58.9,5,3,10,2022-10-09T05:49:53,2022-10-09T17:37:48,0.48,"Rain, Partially cloudy",Partly cloudy throughout the day with rain.,rain,"48820099999,48823099999,48825099999,48831099999,VVNB"
Hanoi,2022-10-10,27,21.3,23.8,27.1,21.3,23.8,14.8,57.9,0.197,100,4.17,rain,0,0,36,17.5,4.2,1020.4,63.9,9.7,161.3,14.1,7,10,2022-10-10T05:50:12,2022-10-10T17:36:56,0.5,"Rain, Partially cloudy",Partly cloudy throughout the day with late afternoon rain.,rain,"48820099999,48823099999,48825099999,48831099999,VVNB"
Hanoi,2022-10-11,28.9,19,23.9,28.2,19,23.8,14.6,58.9,0,0,0,,0,0,27.7,16.6,28.1,1017.5,10.4,11,253,21.9,9,10,2022-10-11T05:50:31,2022-10-11T17:36:05,0.54,Clear,Clear conditions throughout the day.,clear-day,"48820099999,48823099999,48825099999,48831099999,VVNB"
Hanoi,2022-10-12,29.5,21,25,28.8,21,24.7,15,57.4,0,0,0,,0,0,21.2,13.9,59.6,1015.7,10.7,10.8,252.6,21.8,9,10,2022-10-12T05:50:50,2022-10-12T17:35:15,0.58,Clear,Clear conditions throughout the day.,clear-day,"48820099999,48823099999,48825099999,48831099999,VVNB"
Hanoi,2022-10-13,29.8,21.9,25,28.5,21.9,24.8,15.3,57.3,0,0,0,,0,0,27.7,11.2,0.7,1014.6,31.8,10.5,235.4,20.2,8,10,2022-10-13T05:51:10,2022-10-13T17:34:25,0.61,Partially cloudy,Partly cloudy throughout the day.,partly-cloudy-day,"48820099999,48823099999,48825099999,48831099999,VVNB"
Hanoi,2022-10-14,31.1,19,24.8,30.1,19,24.5,15.3,60.1,0,0,0,,0,0,36.4,17.5,342.5,1012.9,60.3,10.2,252.7,21.9,9,10,2022-10-14T05:51:31,2022-10-14T17:33:36,0.64,Partially cloudy,Partly cloudy throughout the day.,partly-cloudy-day,"48820099999,48823099999,48825099999,48831099999,VVNB"
Hanoi,2022-10-15,31.3,21,25.7,29.8,21,25.3,14.8,55.8,0,0,0,,0,0,40.7,17.5,338,1012.9,54.1,10.4,228.6,19.8,8,10,2022-10-15T05:51:52,2022-10-15T17:32:47,0.67,Partially cloudy,Partly cloudy throughout the day.,partly-cloudy-day,"48820099999,48823099999,48825099999,48831099999,VVNB"
Hanoi,2022-10-16,32,19,25.8,31.8,19,25.8,16.4,59.2,0,0,0,,0,0,33.8,16.6,330.6,1014.2,9.6,9.6,251.5,21.8,9,10,2022-10-16T05:52:13,2022-10-16T17:31:59,0.7,Clear,Clear conditions throughout the day.,clear-day,"48820099999,48823099999,48825099999,48831099999,VVNB"
Hanoi,2022-10-17,31.5,23.7,27.2,30.8,23.7,26.9,14.1,46,0,0,0,,0,0,42.8,20.5,341.1,1014.5,35.4,11.2,249.7,21.5,9,10,2022-10-17T05:52:35,2022-10-17T17:31:12,0.74,Partially cloudy,Partly cloudy throughout the day.,partly-cloudy-day,"48820099999,48823099999,48825099999,48831099999,VVNB"
Hanoi,2022-10-18,30,22.5,26.1,28.9,22.5,25.8,12.5,44.2,0,0,0,,0,0,42.5,19.7,345.3,1014.9,41.7,10.2,249.8,21.6,9,10,2022-10-18T05:52:57,2022-10-18T17:30:25,0.75,Partially cloudy,Becoming cloudy in the afternoon.,partly-cloudy-day,"48820099999,48823099999,48825099999,48831099999,VVNB"
Hanoi,2022-10-19,26,16.5,21.7,26,16.5,21.7,12.3,58.4,0.101,100,8.33,rain,0,0,33.5,16.6,16,1016.7,70.7,8.9,114,9.8,6,10,2022-10-19T05:53:20,2022-10-19T17:29:40,0.8,"Rain, Partially cloudy",Partly cloudy throughout the day with rain.,rain,"48820099999,48823099999,48825099999,48831099999,VVNB"
Hanoi,2022-10-20,18.1,16,17.3,18.1,16,17.3,16,92.3,18.368,100,16.67,rain,0,0,29.9,13.9,342.5,1018.5,99.9,7.1,17.1,1.5,1,10,2022-10-20T05:53:43,2022-10-20T17:28:55,0.83,"Rain, Overcast",Cloudy skies throughout the day with a chance of rain throughout the day.,rain,"48820099999,48823099999,48825099999,48831099999,VVNB"
Hanoi,2022-10-21,21.7,18,19.9,21.7,18,19.9,18.8,93.2,5.409,100,8.33,rain,0,0,22.7,12.1,314.8,1018.7,77.1,7.7,38.6,3.1,1,10,2022-10-21T05:54:06,2022-10-21T17:28:11,0.86,"Rain, Partially cloudy",Partly cloudy throughout the day with rain.,rain,"48820099999,48823099999,48825099999,48831099999,VVNB"
Hanoi,2022-10-22,32,20,25.3,33.8,20,26.2,20.5,77.2,0,0,0,,0,0,26.3,10.8,320.9,1016.8,21.3,9.8,226.3,19.4,8,10,2022-10-22T05:54:30,2022-10-22T17:27:27,0.9,Partially cloudy,Partly cloudy throughout the day.,partly-cloudy-day,"48820099999,48823099999,48825099999,48831099999,VVNB"
Hanoi,2022-10-23,33.5,22.5,27.7,36.3,22.5,29.2,21.5,71.3,0,0,0,,0,0,23.4,7.4,356.8,1015,19.3,10.4,215.3,18.5,8,10,2022-10-23T05:54:55,2022-10-23T17:26:45,0.93,Clear,Clear conditions throughout the day.,clear-day,"48820099999,48823099999,48825099999,48831099999,VVNB"
Hanoi,2022-10-24,33,23,27.6,35.3,23,28.7,21,69.5,0.1,100,4.17,rain,0,0,21.6,15.7,97.5,1014.1,20.1,8,210.1,18.2,8,10,2022-10-24T05:55:20,2022-10-24T17:26:04,0.96,"Rain, Partially cloudy",Partly cloudy throughout the day with afternoon rain.,rain,"48820099999,48823099999,48825099999,48831099999,VVNB"
Hanoi,2022-10-25,28,23,24.9,29.9,23,25.2,21.8,83.7,0.15,100,8.33,rain,0,0,19.8,13.9,244.2,1016.2,66.4,7,111.1,9.8,5,10,2022-10-25T05:55:46,2022-10-25T17:25:23,0,"Rain, Partially cloudy",Partly cloudy throughout the day with rain.,rain,"48820099999,48823099999,48825099999,48831099999,VVNB"
Hanoi,2022-10-26,28.5,23,25.2,31.3,23,25.6,22.1,83.5,0.003,100,4.17,rain,0,0,17.6,9.4,283.1,1015.3,81.8,5.8,123.5,10.5,5,10,2022-10-26T05:56:12,2022-10-26T17:24:43,0.03,"Rain, Partially cloudy",Partly cloudy throughout the day with afternoon rain.,rain,"48820099999,48823099999,48825099999,48831099999,VVNB"
Hanoi,2022-10-27,29,24,26.5,31.8,24,27.5,21.7,75.9,0.002,100,4.17,rain,0,0,23,11.2,127.5,1014.6,78.3,9.4,159.3,13.8,6,10,2022-10-27T05:56:39,2022-10-27T17:24:05,0.06,"Rain, Partially cloudy",Partly cloudy throughout the day with morning rain.,rain,"48820099999,48823099999,48825099999,48831099999,VVNB"
Hanoi,2022-10-28,31,23.7,26.8,32.1,23.7,27.5,20.3,69.5,0,0,0,,0,0,17.6,11.2,122.6,1014.9,43.2,9.7,170.4,14.7,6,10,2022-10-28T05:57:06,2022-10-28T17:23:27,0.1,Partially cloudy,Partly cloudy throughout the day.,partly-cloudy-day,"48820099999,48823099999,48825099999,48831099999,VVNB"
Hanoi,2022-10-29,30,22.9,26.1,31.1,22.9,26.5,20.7,73.5,0.491,100,4.17,rain,0,0,29.5,12.1,346.6,1015,37.3,7.8,197.3,17,8,10,2022-10-29T05:57:34,2022-10-29T17:22:50,0.13,"Rain, Partially cloudy",Partly cloudy throughout the day with late afternoon rain.,rain,"48820099999,48823099999,48825099999,48831099999,VVNB"
Hanoi,2022-10-30,30.2,21,25.7,31.6,21,26.4,20.4,73.9,0,0,0,,0,0,35.3,14.1,339.6,1013.8,17,7.9,200,17.4,8,10,2022-10-30T05:58:02,2022-10-30T17:22:15,0.17,Clear,Clear conditions throughout the day.,clear-day,"48820099999,48823099999,48825099999,48831099999,VVNB"
Hanoi,2022-10-31,30,21.5,25.7,29.9,21.5,25.8,16,56.4,0,0,0,,0,0,41.4,19.4,356.9,1014.8,44.9,10,179.6,15.5,8,10,2022-10-31T05:58:31,2022-10-31T17:21:40,0.21,Partially cloudy,Partly cloudy throughout the day.,partly-cloudy-day,"48820099999,48823099999,48825099999,48831099999,VVNB"
Hanoi,2022-11-01,30,20.3,24.5,29,20.3,24.3,13.5,52.5,0,0,0,,0,0,38.9,20.5,326.5,1014.2,59.5,11.3,231.7,20,8,10,2022-11-01T05:59:00,2022-11-01T17:21:07,0.25,Partially cloudy,Partly cloudy throughout the day.,partly-cloudy-day,"48820099999,48823099999,48825099999,48831099999,VVNB"
Hanoi,2022-11-02,29.5,17.5,23,28.4,17.5,22.8,14.2,62,0,0,0,,0,0,22.3,14.8,324.7,1011.9,17,9.3,234.6,20.3,8,10,2022-11-02T05:59:30,2022-11-02T17:20:34,0.28,Clear,Clear conditions throughout the day.,clear-day,"48820099999,48823099999,48825099999,48831099999,VVNB"
Hanoi,2022-11-03,29.5,17,23.4,29.1,17,23.3,15.1,62.8,0,0,0,,0,0,21.2,10.5,309.4,1013.2,30.9,9.2,228.1,19.8,8,10,2022-11-03T06:00:00,2022-11-03T17:20:03,0.31,Partially cloudy,Partly cloudy throughout the day.,partly-cloudy-day,"48820099999,48823099999,48825099999,48831099999,VVNB"
Hanoi,2022-11-04,30,19,24.2,29.7,19,24.2,16.8,65.7,0,0,0,,0,0,25.9,11.2,341.6,1016.2,26.1,9.7,205.4,17.7,7,10,2022-11-04T06:00:31,2022-11-04T17:19:33,0.35,Partially cloudy,Partly cloudy throughout the day.,partly-cloudy-day,"48820099999,48823099999,48825099999,48831099999,VVNB"
Hanoi,2022-11-05,29,20.4,24.4,28.8,20.4,24.4,17.4,67.9,0,0,0,,0,0,30.2,19.4,63.5,1018.1,8.4,10.3,215.5,18.7,8,10,2022-11-05T06:01:02,2022-11-05T17:19:04,0.38,Clear,Clear conditions throughout the day.,clear-day,"48820099999,48823099999,48825099999,48831099999,VVNB"
Hanoi,2022-11-06,28,20,23.5,28.3,20,23.6,17.9,72.4,0,0,0,,0,0,16.6,10.3,78.1,1017.6,15.3,7.1,209.4,18.1,8,10,2022-11-06T06:01:34,2022-11-06T17:18:36,0.42,Clear,Clear conditions throughout the day.,clear-day,"48820099999,48823099999,48825099999,48831099999,VVNB"
Hanoi,2022-11-07,28,19,23.6,28.9,19,23.8,18.7,75.8,0,0,0,,0,0,15.8,11.2,94.9,1016.5,29.5,6.7,154.7,13.4,6,10,2022-11-07T06:02:07,2022-11-07T17:18:09,0.46,Partially cloudy,Partly cloudy throughout the day.,partly-cloudy-day,"48820099999,48823099999,48825099999,48831099999,VVNB"
Hanoi,2022-11-08,29,20,24.1,29.8,20,24.4,19,74.6,0,0,0,,0,0,15.1,14.8,72.5,1016.5,21.9,6,200.3,17.5,7,10,2022-11-08T06:02:39,2022-11-08T17:17:44,0.5,Partially cloudy,Partly cloudy throughout the day.,partly-cloudy-day,"48820099999,48823099999,48825099999,48831099999,VVNB"
Hanoi,2022-11-09,29,19.5,24.4,30.1,19.5,24.7,19.4,75.4,0,0,0,,0,0,16.2,13,97.9,1016.3,19.4,7.2,191.7,16.6,8,10,2022-11-09T06:03:13,2022-11-09T17:17:20,0.52,Clear,Clear conditions throughout the day.,clear-day,"48820099999,48823099999,48825099999,48831099999,VVNB"
Hanoi,2022-11-10,27,22,24.6,28.8,22,24.7,21.2,81.7,0.3,100,12.5,rain,0,0,14.8,9.4,131.3,1015.8,65.5,7.4,106.1,9.3,5,10,2022-11-10T06:03:47,2022-11-10T17:16:57,0.56,"Rain, Partially cloudy",Partly cloudy throughout the day with rain in the morning and afternoon.,rain,"48820099999,48823099999,48825099999,48831099999,VVNB"
Hanoi,2022-11-11,30,23,25.7,32.6,23,26.5,22,80.9,0.8,100,29.17,rain,0,0,20.9,14.8,122.8,1015,52.2,8.1,138.8,11.9,6,10,2022-11-11T06:04:21,2022-11-11T17:16:35,0.59,"Rain, Partially cloudy",Partly cloudy throughout the day with rain in the morning and afternoon.,rain,"48820099999,48823099999,48825099999,48831099999,VVNB"
Hanoi,2022-11-12,30.1,23,26.1,32.6,23,27.1,21.8,78.1,0.4,100,16.67,rain,0,0,23.8,15.7,109.2,1013.8,62.2,8.6,124.2,10.7,5,10,2022-11-12T06:04:56,2022-11-12T17:16:15,0.62,"Rain, Partially cloudy",Partly cloudy throughout the day with rain in the morning and afternoon.,rain,"48820099999,48823099999,48825099999,48831099999,VVNB"
Hanoi,2022-11-13,28.5,22,25.4,30.7,22,26.2,21.6,79.9,0.185,100,8.33,rain,0,0,18,11.2,105.6,1014.6,55.6,8.1,132.2,11.6,5,10,2022-11-13T06:05:31,2022-11-13T17:15:56,0.65,"Rain, Partially cloudy",Partly cloudy throughout the day with rain.,rain,"48820099999,48823099999,48825099999,48831099999,VVNB"
Hanoi,2022-11-14,29,22,25.5,31.4,22,26.3,22,82.1,0.002,100,4.17,rain,0,0,18,9.4,132.3,1014.9,41.6,6.2,127.1,11,5,10,2022-11-14T06:06:06,2022-11-14T17:15:38,0.69,"Rain, Partially cloudy",Partly cloudy throughout the day with early morning rain.,rain,"48820099999,48823099999,48825099999,48831099999,VVNB"
Hanoi,2022-11-15,29,23,25.9,32.3,23,26.9,22.4,81.7,0.035,100,4.17,rain,0,0,23,15.7,125,1013.5,58.1,8.4,132.8,11.5,6,10,2022-11-15T06:06:42,2022-11-15T17:15:22,0.72,"Rain, Partially cloudy",Partly cloudy throughout the day with late afternoon rain.,rain,"48820099999,48823099999,48825099999,48831099999,VVNB"
Hanoi,2022-11-16,31,24,27,34.9,24,28.5,22.8,79,0.098,100,4.17,rain,0,0,21.2,16.6,129.3,1011.7,59.9,8.2,133.1,11.4,5,10,2022-11-16T06:07:19,2022-11-16T17:15:07,0.75,"Rain, Partially cloudy",Partly cloudy throughout the day with late afternoon rain.,rain,"48820099999,48823099999,48825099999,48831099999,VVNB"
Hanoi,2022-11-17,30.5,25,26.9,34.2,25,28.2,23.1,80.8,1.4,100,33.33,rain,0,0,33.5,22.3,122.5,1011.5,56.3,10.6,167.2,14.5,7,10,2022-11-17T06:07:56,2022-11-17T17:14:53,0.78,"Rain, Partially cloudy",Partly cloudy throughout the day with a chance of rain throughout the day.,rain,"48820099999,48823099999,48825099999,48831099999,VVNB"
Hanoi,2022-11-18,31,24,26.9,35.5,24,28.8,23.7,83,1.5,100,29.17,rain,0,0,24.8,17.5,117.8,1012.6,61.1,8.2,148.9,12.9,6,10,2022-11-18T06:08:33,2022-11-18T17:14:40,0.81,"Rain, Partially cloudy",Partly cloudy throughout the day with a chance of rain throughout the day.,rain,"48820099999,48823099999,48825099999,48831099999,VVNB"
Hanoi,2022-11-19,29.5,24.9,26.7,32.7,24.9,27.8,22.7,79.5,1.474,100,4.17,rain,0,0,24.5,13.9,118.9,1013.7,78,9.5,115.6,10,5,10,2022-11-19T06:09:10,2022-11-19T17:14:29,0.85,"Rain, Partially cloudy",Partly cloudy throughout the day with late afternoon rain.,rain,"48820099999,48823099999,48825099999,48831099999,VVNB"
Hanoi,2022-11-20,28.5,23,25.1,30.7,23,25.5,20.9,77.9,0,0,0,,0,0,18.4,13.9,48.3,1013,55.6,9.8,155.8,13.3,6,10,2022-11-20T06:09:48,2022-11-20T17:14:20,0.88,Partially cloudy,Partly cloudy throughout the day.,partly-cloudy-day,"48820099999,48823099999,48825099999,48831099999,VVNB"
Hanoi,2022-11-21,29.4,22,25.4,30.8,22,25.9,20.3,74.9,0,0,0,rain,0,0,20.2,10.6,81.9,1011.6,38.4,8.5,137,11.8,5,10,2022-11-21T06:10:26,2022-11-21T17:14:11,0.91,Partially cloudy,Partly cloudy throughout the day.,partly-cloudy-day,"48820099999,48823099999,48825099999,48831099999,VVNB"
Hanoi,2022-11-22,28.1,21.5,25.3,30.1,21.5,26,20.8,76.7,0.035,100,4.17,rain,0,0,25.9,9.9,20.6,1011.4,57.8,7.9,111.7,9.7,5,10,2022-11-22T06:11:04,2022-11-22T17:14:04,0.94,"Rain, Partially cloudy",Partly cloudy throughout the day with late afternoon rain.,rain,"48820099999,48823099999,48825099999,48831099999,VVNB"
Hanoi,2022-11-23,29,24.7,26.3,31.5,24.7,27.1,21.7,76.2,0.002,100,4.17,rain,0,0,23.4,10.5,13.2,1012,74.5,9.6,65,5.5,2,10,2022-11-23T06:11:42,2022-11-23T17:13:59,0.98,"Rain, Partially cloudy",Partly cloudy throughout the day with late afternoon rain.,rain,"48820099999,48823099999,48825099999,48831099999,VVNB"
Hanoi,2022-11-24,25.1,22,22.9,25.1,22,22.9,20.9,88.5,5.677,100,8.33,rain,0,0,16.9,16.3,22.8,1013.6,97.9,8.4,22.6,1.9,1,10,2022-11-24T06:12:21,2022-11-24T17:13:55,0,"Rain, Overcast",Cloudy skies throughout the day with rain.,rain,"48820099999,48823099999,48825099999,48831099999,VVNB"
Hanoi,2022-11-25,25.5,21.5,23.4,25.5,21.5,23.4,21.5,89.3,1.469,100,16.67,rain,0,0,14.8,8.5,41.8,1014.2,93.8,7.7,35.2,3.1,2,10,2022-11-25T06:13:00,2022-11-25T17:13:52,0.04,"Rain, Overcast",Cloudy skies throughout the day with a chance of rain throughout the day.,rain,"48820099999,48823099999,48825099999,48831099999,VVNB"
Hanoi,2022-11-26,24.3,22,23.2,24.3,22,23.2,22,93,2.338,100,16.67,rain,0,0,19.4,15.7,72.3,1012.5,97,7.4,45.3,3.9,2,10,2022-11-26T06:13:39,2022-11-26T17:13:50,0.08,"Rain, Overcast",Cloudy skies throughout the day with a chance of rain throughout the day.,rain,"48820099999,48823099999,48825099999,48831099999,VVNB"
Hanoi,2022-11-27,30.5,24,26.9,35.8,24,28.8,23.3,81.5,0,0,0,,0,0,37.8,21.4,140,1008.7,60.1,8.5,138.4,11.9,5,30,2022-11-27T06:14:18,2022-11-27T17:13:50,0.11,Partially cloudy,Partly cloudy throughout the day.,partly-cloudy-day,"48820099999,48823099999,48825099999,48831099999,VVNB"
Hanoi,2022-11-28,32.2,24,27.7,38.9,24,30.4,24.2,82.2,0,0,0,,0,0,30.6,20.5,126.4,1008.2,60.3,11.2,167.9,14.7,7,60,2022-11-28T06:14:57,2022-11-28T17:13:51,0.15,Partially cloudy,Partly cloudy throughout the day.,partly-cloudy-day,"48820099999,48823099999,48825099999,48831099999,VVNB,remote"
Hanoi,2022-11-29,32,25,27.7,37.9,25,30.2,24.1,81.7,0.1,100,4.17,rain,0,0,23,18.5,128.2,1009.7,60.6,10.5,140.7,12.3,6,60,2022-11-29T06:15:36,2022-11-29T17:13:54,0.18,"Rain, Partially cloudy",Clearing in the afternoon with morning rain.,rain,"48820099999,48823099999,48825099999,48831099999,VVNB"
Hanoi,2022-11-30,31.5,18,25.9,35.2,18,27.4,22.5,82.5,0.098,100,4.17,rain,0,0,42.1,29.7,110.7,1013.4,74.4,9.8,44.5,3.8,2,30,2022-11-30T06:16:15,2022-11-30T17:13:58,0.25,"Rain, Partially cloudy",Partly cloudy throughout the day with late afternoon rain.,rain,"48820099999,48823099999,48825099999,48831099999,VVNB"
Hanoi,2022-12-01,17.6,14,15.4,17.6,14,15.4,12,80.2,2.322,100,16.67,rain,0,0,37.1,23.2,42,1019.8,100,9.8,27.1,2.2,1,10,2022-12-01T06:16:54,2022-12-01T17:14:03,0.26,"Rain, Overcast",Cloudy skies throughout the day with a chance of rain throughout the day.,rain,"48820099999,48823099999,48825099999,48831099999,VVNB"
Hanoi,2022-12-02,18,13,15.3,18,13,15.3,9.3,67.6,0,0,0,rain,0,0,24.5,20.5,11.9,1020.6,80.2,10,51.1,4.6,3,10,2022-12-02T06:17:34,2022-12-02T17:14:10,0.29,Partially cloudy,Partly cloudy throughout the day.,partly-cloudy-day,"48820099999,48823099999,48825099999,48831099999,VVNB"
Hanoi,2022-12-03,20,15,17.5,20,15,17.5,11.8,69,0,0,0,,0,0,29.5,11.2,26.6,1017.3,96.3,10,106.1,9,4,10,2022-12-03T06:18:13,2022-12-03T17:14:18,0.33,Overcast,Cloudy skies throughout the day.,cloudy,"48820099999,48823099999,48825099999,48831099999,VVNB"
Hanoi,2022-12-04,19.4,15,17.4,19.4,15,17.4,13.5,78.4,0.7,100,29.17,rain,0,0,23.8,17.5,23.5,1019,99.9,9.5,45.5,4,2,10,2022-12-04T06:18:51,2022-12-04T17:14:27,0.36,"Rain, Overcast",Cloudy skies throughout the day with a chance of rain throughout the day.,rain,"48820099999,48823099999,48825099999,48831099999,VVNB"
Hanoi,2022-12-05,20,14.5,16.8,20,14.5,16.8,11.3,71.1,0.1,100,8.33,rain,0,0,26.6,20.3,18.5,1021.5,80.2,9.6,67.5,5.7,3,10,2022-12-05T06:19:30,2022-12-05T17:14:38,0.4,"Rain, Partially cloudy",Partly cloudy throughout the day with rain.,rain,"48820099999,48823099999,48825099999,48831099999,VVNB"
Hanoi,2022-12-06,19,14,17,19,14,17,9.3,61.2,0,0,0,,0,0,31.7,13.9,39,1019.3,66.9,9.8,177,15.2,7,10,2022-12-06T06:20:09,2022-12-06T17:14:50,0.43,Partially cloudy,Partly cloudy throughout the day.,partly-cloudy-day,"48820099999,48823099999,48825099999,48831099999,VVNB"
Hanoi,2022-12-07,18.2,15.5,16.9,18.2,15.5,16.9,11.6,70.9,0,0,0,,0,0,22.3,16.6,17.3,1018.8,95,8.8,59.8,5.1,3,10,2022-12-07T06:20:47,2022-12-07T17:15:03,0.47,Overcast,Cloudy skies throughout the day.,cloudy,"48820099999,48823099999,48825099999,48831099999,VVNB"
Hanoi,2022-12-08,17.5,16,16.6,17.5,16,16.6,13.3,80.8,0,0,0,rain,0,0,33.5,13.9,14.1,1018.5,99.4,9.7,55.2,4.7,3,10,2022-12-08T06:21:25,2022-12-08T17:15:18,0.5,Overcast,Cloudy skies throughout the day.,cloudy,"48820099999,48823099999,48825099999,48831099999,VVNB"
Hanoi,2022-12-09,17.5,16,16.6,17.5,16,16.6,13.5,81.9,0.1,100,4.17,rain,0,0,18.7,14.8,13.7,1017,100,9.2,51.4,4.4,2,10,2022-12-09T06:22:03,2022-12-09T17:15:33,0.53,"Rain, Overcast",Cloudy skies throughout the day with early morning rain.,rain,"48820099999,48823099999,48825099999,48831099999,VVNB"
Hanoi,2022-12-10,18,15,16.2,18,15,16.2,14.1,87.7,1.179,100,4.17,rain,0,0,18,13,17.1,1016.6,99.7,7,26.9,2.3,1,10,2022-12-10T06:22:40,2022-12-10T17:15:50,0.57,"Rain, Overcast",Cloudy skies throughout the day with late afternoon rain.,rain,"48820099999,48823099999,48825099999,48831099999,VVNB"
Hanoi,2022-12-11,21,16.7,18.5,21,16.7,18.5,11.4,64.8,0.101,100,8.33,rain,0,0,20.5,11.2,14,1017.9,93,9.6,57.4,4.8,3,10,2022-12-11T06:23:17,2022-12-11T17:16:08,0.6,"Rain, Overcast",Cloudy skies throughout the day with rain.,rain,"48820099999,48823099999,48825099999,48831099999,VVNB"
Hanoi,2022-12-12,22,15.2,18.5,22,15.2,18.5,9.9,58.9,0,0,0,rain,0,0,37.1,20.3,351.7,1020,49.7,9.3,144.1,12.5,6,10,2022-12-12T06:23:53,2022-12-12T17:16:28,0.63,Partially cloudy,Clearing in the afternoon.,partly-cloudy-day,"48820099999,48823099999,48825099999,48831099999,VVNB"
Hanoi,2022-12-13,23,13.6,18,23,13.6,18,7,52.8,0,0,0,,0,0,20.2,11.2,76.2,1019.7,18.1,8.9,186.7,16.2,7,10,2022-12-13T06:24:29,2022-12-13T17:16:48,0.67,Clear,Clear conditions throughout the day.,clear-day,"48820099999,48823099999,48825099999,48831099999,VVNB"
Hanoi,2022-12-14,22,14.5,18.4,22,14.5,18.4,6.8,48.4,0,0,0,,0,0,30.6,16.6,16.2,1021.3,17.1,9.9,187.2,16,7,10,2022-12-14T06:25:05,2022-12-14T17:17:10,0.7,Clear,Clear conditions throughout the day.,clear-day,"48820099999,48823099999,48825099999,48831099999,VVNB"
Hanoi,2022-12-15,22.5,11,17.1,22.5,11,17.1,9,61.9,0,0,0,,0,0,17.3,13,109.5,1016.9,7.2,7.9,193.3,16.7,7,10,2022-12-15T06:25:40,2022-12-15T17:17:33,0.73,Clear,Clear conditions throughout the day.,clear-day,"48820099999,48823099999,48825099999,48831099999,VVNB"
Hanoi,2022-12-16,24,13,18.2,24,13,18.2,11.5,67.5,0,0,0,,0,0,27.4,10.3,11.9,1017.1,18.2,6.8,183,15.7,7,10,2022-12-16T06:26:14,2022-12-16T17:17:56,0.75,Clear,Clear conditions throughout the day.,clear-day,"48820099999,48823099999,48825099999,48831099999,VVNB"
Hanoi,2022-12-17,21,17,19,21,17,19,4.6,39.1,0,0,0,,0,0,48.2,26.8,16.2,1025.9,83.4,10,93.1,8,4,10,2022-12-17T06:26:48,2022-12-17T17:18:21,0.8,Partially cloudy,Partly cloudy throughout the day.,partly-cloudy-day,"48820099999,48823099999,48825099999,48831099999,VVNB"
Hanoi,2022-12-18,20,12.9,16.6,20,12.9,16.6,-1.2,31,0,0,0,,0,0,34.2,22.1,14.2,1026.8,56.3,11.2,174,15.1,7,10,2022-12-18T06:27:21,2022-12-18T17:18:47,0.83,Partially cloudy,Partly cloudy throughout the day.,partly-cloudy-day,"48820099999,48823099999,48825099999,48831099999,VVNB"
Hanoi,2022-12-19,20,9,14.6,20,8.5,14.5,2.1,47,0,0,0,,0,0,18,11.2,69.1,1020.7,10.8,10.8,195.2,16.8,7,10,2022-12-19T06:27:53,2022-12-19T17:19:14,0.86,Clear,Clear conditions throughout the day.,clear-day,"48820099999,48823099999,48825099999,48831099999,VVNB"
Hanoi,2022-12-20,22,9.8,16.2,22,9.8,16.2,6.8,56.2,0,0,0,,0,0,15.5,8.5,81.5,1017.1,21,8.2,189.4,16.2,7,10,2022-12-20T06:28:25,2022-12-20T17:19:42,0.89,Partially cloudy,Partly cloudy throughout the day.,partly-cloudy-day,"48820099999,48823099999,48825099999,48831099999,VVNB"
Hanoi,2022-12-21,23,14.7,19.1,23,14.7,19.1,6.5,45.4,0,0,0,,0,0,29.9,15.7,349.9,1018.2,43.4,9.3,173.8,15.1,7,10,2022-12-21T06:28:56,2022-12-21T17:20:11,0.93,Partially cloudy,Clearing in the afternoon.,partly-cloudy-day,"48820099999,48823099999,48825099999,48831099999,VVNB"
Hanoi,2022-12-22,23.5,13,18,23.5,13,18,8.6,58.3,0,0,0,,0,0,27.7,13.9,82.2,1016.6,39.2,8,172.6,14.9,7,10,2022-12-22T06:29:26,2022-12-22T17:20:41,0.96,Partially cloudy,Partly cloudy throughout the day.,partly-cloudy-day,"48820099999,48823099999,48825099999,48831099999,VVNB"
Hanoi,2022-12-23,24,15.5,19.7,24,15.5,19.7,8.8,51.2,0,0,0,,0,0,22.3,17.6,106,1017.6,49.5,9.4,137.2,11.8,5,10,2022-12-23T06:29:55,2022-12-23T17:21:11,0,Partially cloudy,Partly cloudy throughout the day.,partly-cloudy-day,"48820099999,48823099999,48825099999,48831099999,VVNB"
Hanoi,2022-12-24,24.5,14.7,19.4,24.5,14.7,19.4,8,49.9,0,0,0,,0,0,19.4,12.1,63.7,1020.1,42.7,11.5,159.9,13.8,6,10,2022-12-24T06:30:24,2022-12-24T17:21:43,0.03,Partially cloudy,Clearing in the afternoon.,partly-cloudy-day,"48820099999,48823099999,48825099999,48831099999,VVNB"
Hanoi,2022-12-25,23.5,13.5,18.5,23.5,13.5,18.5,11.4,65.6,0,0,0,,0,0,25.6,17.6,130.9,1020,10.4,8.4,186.4,16.2,7,10,2022-12-25T06:30:51,2022-12-25T17:22:15,0.06,Clear,Clear conditions throughout the day.,clear-day,"48820099999,48823099999,48825099999,48831099999,VVNB"
Hanoi,2022-12-26,20.2,13.5,17.2,20.2,13.5,17.2,13.5,79.1,0.1,100,4.17,rain,0,0,20.5,10.3,61.6,1020.6,57,6.5,78.2,6.8,3,10,2022-12-26T06:31:18,2022-12-26T17:22:48,0.1,"Rain, Partially cloudy",Partly cloudy throughout the day with afternoon rain.,rain,"48820099999,48823099999,48825099999,48831099999,VVNB"
Hanoi,2022-12-27,21,17,19.1,21,17,19.1,15,77.8,0.3,100,8.33,rain,0,0,29.5,15.7,133.9,1019.8,92.9,8.4,85.1,7.3,4,10,2022-12-27T06:31:43,2022-12-27T17:23:22,0.13,"Rain, Overcast",Cloudy skies throughout the day with rain in the morning and afternoon.,rain,"48820099999,48823099999,48825099999,48831099999,VVNB"
Hanoi,2022-12-28,19,12,15.1,19,12,15.1,11.7,80.4,9.636,100,8.33,rain,0,0,40.7,22.3,39.7,1022.3,85.9,8.7,21.9,1.9,1,10,2022-12-28T06:32:08,2022-12-28T17:23:57,0.16,"Rain, Partially cloudy",Partly cloudy throughout the day with rain.,rain,"48820099999,48823099999,48825099999,48831099999,VVNB"
Hanoi,2022-12-29,14.5,12.5,13.6,14.5,12.5,13.6,7.2,65.2,0.1,100,4.17,rain,0,0,31.7,14.8,8.1,1026.3,97.5,10,50.5,4.3,2,10,2022-12-29T06:32:32,2022-12-29T17:24:32,0.2,"Rain, Overcast",Cloudy skies throughout the day with late afternoon rain.,rain,"48820099999,48823099999,48825099999,48831099999,VVNB"
Hanoi,2022-12-30,16,13,14.2,16,13,14.2,8,66,0,0,0,,0,0,29.5,16.6,357.7,1026.7,85.8,9.5,86.6,7.5,4,10,2022-12-30T06:32:54,2022-12-30T17:25:08,0.25,Partially cloudy,Partly cloudy throughout the day.,partly-cloudy-day,"48820099999,48823099999,48825099999,48831099999,VVNB"
Hanoi,2022-12-31,17.1,14,15.2,17.1,14,15.2,8.3,63.7,0,0,0,,0,0,20.9,11.2,12.4,1025.5,78.4,10,130.5,11.3,6,10,2022-12-31T06:33:16,2022-12-31T17:25:44,0.27,Partially cloudy,Partly cloudy throughout the day.,partly-cloudy-day,"48820099999,48823099999,48825099999,48831099999,VVNB"
Hanoi,2023-01-01,21.3,11.1,16.9,21.3,11.1,16.9,10.4,67.4,0,0,0,,0,0,20.9,13,332.7,1023.7,28.4,9.2,188.8,16.3,7,10,2023-01-01T06:33:36,2023-01-01T17:26:21,0.3,Partially cloudy,Partly cloudy throughout the day.,partly-cloudy-day,"48820099999,48823099999,48825099999,48831099999,VVNB"
Hanoi,2023-01-02,21,16,18,21,16,18,12.3,70,0,0,0,,0,0,20.9,14.8,35.3,1024.1,68.7,8.9,36.3,3,2,10,2023-01-02T06:33:55,2023-01-02T17:26:59,0.34,Partially cloudy,Partly cloudy throughout the day.,partly-cloudy-day,"48820099999,48823099999,48825099999,48831099999,VVNB"
Hanoi,2023-01-03,21,15,18.1,21,15,18.1,11.8,67.6,0.021,100,8.33,rain,0,0,31.7,16.6,38.1,1024.6,70,9.3,55.7,4.9,3,10,2023-01-03T06:34:14,2023-01-03T17:27:37,0.37,"Rain, Partially cloudy",Partly cloudy throughout the day with rain.,rain,"48820099999,48823099999,48825099999,48831099999,VVNB"
Hanoi,2023-01-04,21,15.9,18.8,21,15.9,18.8,13.3,71.3,0,0,0,,0,0,19.4,14.8,118.8,1022.5,53.5,7,101.3,8.7,4,10,2023-01-04T06:34:31,2023-01-04T17:28:15,0.41,Partially cloudy,Partly cloudy throughout the day.,partly-cloudy-day,"48820099999,48823099999,48825099999,48831099999,VVNB"
Hanoi,2023-01-05,21.3,17,19.2,21.3,17,19.2,14.8,76.1,0,0,0,,0,0,20.2,14.8,65.1,1023.1,79.6,7.8,68.9,5.9,3,10,2023-01-05T06:34:46,2023-01-05T17:28:54,0.44,Partially cloudy,Partly cloudy throughout the day.,partly-cloudy-day,"48820099999,48823099999,48825099999,48831099999,VVNB"
Hanoi,2023-01-06,25,17,20.3,25,17,20.3,11.2,57.5,0,0,0,,0,0,46.4,25.9,10.7,1024.8,49.9,11.2,171.9,14.9,6,10,2023-01-06T06:35:01,2023-01-06T17:29:33,0.47,Partially cloudy,Partly cloudy throughout the day.,partly-cloudy-day,"48820099999,48823099999,48825099999,48831099999,VVNB"
Hanoi,2023-01-07,22.3,13,17.8,22.3,13,17.8,9.3,59.5,0,0,0,,0,0,22.3,9.4,317.6,1021.1,30.2,8.9,149.5,13.1,6,10,2023-01-07T06:35:14,2023-01-07T17:30:12,0.5,Partially cloudy,Partly cloudy throughout the day.,partly-cloudy-day,"48820099999,48823099999,48825099999,48831099999,VVNB"
Hanoi,2023-01-08,23,15.4,19.2,23,15.4,19.2,11.9,64.4,0.2,100,4.17,rain,0,0,17.6,14.8,218.4,1019,23.6,7.4,157.2,13.5,6,10,2023-01-08T06:35:26,2023-01-08T17:30:52,0.54,"Rain, Partially cloudy",Partly cloudy throughout the day with afternoon rain.,rain,"48820099999,48823099999,48825099999,48831099999,VVNB"
Hanoi,2023-01-09,23.3,17,20.3,23.3,17,20.3,15.3,74.2,0.002,100,4.17,rain,0,0,20.5,13,70.5,1018.9,51.2,5.8,132.6,11.4,6,10,2023-01-09T06:35:37,2023-01-09T17:31:32,0.58,"Rain, Partially cloudy",Partly cloudy throughout the day with late afternoon rain.,rain,"48820099999,48823099999,48825099999,48831099999,VVNB"
Hanoi,2023-01-10,23,18,20.1,23,18,20.1,17,83.5,1.242,100,4.17,rain,0,0,20.9,14.8,38.7,1017.9,78.4,5.6,52.8,4.5,3,10,2023-01-10T06:35:47,2023-01-10T17:32:12,0.61,"Rain, Partially cloudy",Partly cloudy throughout the day with late afternoon rain.,rain,"48820099999,48823099999,48825099999,48831099999,VVNB"
Hanoi,2023-01-11,21,18,19.4,21,18,19.4,17.7,89.9,4.617,100,12.5,rain,0,0,13,11.2,52.2,1015.3,88.5,5.6,25.2,2.2,1,10,2023-01-11T06:35:55,2023-01-11T17:32:53,0.64,"Rain, Partially cloudy",Partly cloudy throughout the day with rain.,rain,"48820099999,48823099999,48825099999,48831099999,VVNB"
Hanoi,2023-01-12,24,18.7,20.8,24,18.7,20.8,18,84,0.087,100,8.33,rain,0,0,22,18.4,124.8,1011.8,89.6,7.3,84.9,7.2,3,10,2023-01-12T06:36:02,2023-01-12T17:33:33,0.68,"Rain, Partially cloudy",Partly cloudy throughout the day with rain clearing later.,rain,"48820099999,48823099999,48825099999,48831099999,VVNB"
Hanoi,2023-01-13,28.7,19,22.8,30,19,23.1,19.1,80.7,0,0,0,,0,0,16.6,16.6,118.7,1008.5,55.4,8.2,160.2,14.1,7,10,2023-01-13T06:36:08,2023-01-13T17:34:14,0.71,Partially cloudy,Partly cloudy throughout the day.,partly-cloudy-day,"48820099999,48823099999,48825099999,48831099999,VVNB"
Hanoi,2023-01-14,32,19.7,24.3,31.1,19.7,24.3,17.9,71.2,0,0,0,,0,0,28.8,14.8,56.3,1006.1,35.5,9.5,200.1,17.3,8,10,2023-01-14T06:36:12,2023-01-14T17:34:55,0.74,Partially cloudy,Clearing in the afternoon.,partly-cloudy-day,"48820099999,48823099999,48825099999,48831099999,VVNB"
Hanoi,2023-01-15,22.5,15,19.7,22.5,15,19.7,14.8,74,0.01,100,4.17,rain,0,0,38.9,29.5,56.6,1012.8,82,8.1,45.4,4,2,10,2023-01-15T06:36:15,2023-01-15T17:35:36,0.75,"Rain, Partially cloudy",Partly cloudy throughout the day with late afternoon rain.,rain,"48820099999,48823099999,48825099999,48831099999,VVNB"
Hanoi,2023-01-16,15.4,12,13.8,15.4,12,13.8,3.6,50.4,0,0,0,,0,0,31.7,20.5,38.1,1021.8,99,10,55.2,4.7,3,10,2023-01-16T06:36:17,2023-01-16T17:36:16,0.81,Overcast,Cloudy skies throughout the day.,cloudy,"48820099999,48823099999,48825099999,48831099999,VVNB"
Hanoi,2023-01-17,14,11.9,12.8,14,11.9,12.8,5.4,61.1,0,0,0,,0,0,25.9,18.4,20.8,1024.1,100,10,85.6,7.4,3,10,2023-01-17T06:36:18,2023-01-17T17:36:57,0.84,Overcast,Cloudy skies throughout the day.,cloudy,"48820099999,48823099999,48825099999,48831099999,VVNB"
Hanoi,2023-01-18,17,13,14.7,17,13,14.7,5.8,56,0,0,0,,0,0,27.7,14.8,6.3,1025.1,94.6,9.6,116.6,10,6,10,2023-01-18T06:36:17,2023-01-18T17:37:38,0.88,Overcast,Cloudy skies throughout the day.,cloudy,"48820099999,48823099999,48825099999,48831099999,VVNB"
Hanoi,2023-01-19,16.7,14,15.1,16.7,14,15.1,7.5,61.2,0,0,0,,0,0,18.7,14.8,37.4,1023.2,100,9.5,127.1,11,6,10,2023-01-19T06:36:14,2023-01-19T17:38:18,0.91,Overcast,Cloudy skies throughout the day.,cloudy,"48820099999,48823099999,48825099999,48831099999,VVNB"
Hanoi,2023-01-20,18,14,15.7,18,14,15.7,9.2,66.3,0,0,0,,0,0,18,9.4,323,1021.9,98.2,7.9,121.3,10.4,6,10,2023-01-20T06:36:11,2023-01-20T17:38:59,0.94,Overcast,Cloudy skies throughout the day.,cloudy,"48820099999,48823099999,48825099999,48831099999,VVNB"
Hanoi,2023-01-21,23,12,17.5,23,12,17.5,11.3,68.7,0,0,0,,0,0,25.2,14.8,132.6,1017.7,66.9,7,177.8,15.4,6,10,2023-01-21T06:36:06,2023-01-21T17:39:39,0.98,Partially cloudy,Partly cloudy throughout the day.,partly-cloudy-day,"48820099999,48823099999,48825099999,48831099999,VVNB"
Hanoi,2023-01-22,21,15,17.7,21,15,17.7,14.4,81.6,0,0,0,,0,0,15.1,9.4,75.3,1015,85.6,4.5,105,8.9,4,10,2023-01-22T06:36:00,2023-01-22T17:40:19,0,Partially cloudy,Partly cloudy throughout the day.,partly-cloudy-day,"48820099999,48823099999,48825099999,48831099999,VVNB"
Hanoi,2023-01-23,23.1,17,20,23.1,17,20,15.7,76.8,1,100,33.33,rain,0,0,34.2,25.9,75.2,1015.3,90.3,7.2,88.5,7.6,4,10,2023-01-23T06:35:52,2023-01-23T17:40:59,0.04,"Rain, Overcast",Cloudy skies throughout the day with rain.,rain,"48820099999,48823099999,48825099999,48831099999,VVNB"
Hanoi,2023-01-24,20.1,13,17,20.1,13,17,5.1,46.1,0.8,100,12.5,rain,0,0,45,29.5,16.4,1025.4,67.1,10.3,126.7,10.8,5,10,2023-01-24T06:35:43,2023-01-24T17:41:39,0.08,"Rain, Partially cloudy",Partly cloudy throughout the day with early morning rain.,rain,"48820099999,48823099999,48825099999,48831099999,VVNB"
Hanoi,2023-01-25,19,7,14,19,5.2,13.9,4.2,54.7,0,0,0,,0,0,24.8,16.6,112.4,1021.3,8.1,9.8,222.6,19.3,8,10,2023-01-25T06:35:33,2023-01-25T17:42:18,0.11,Clear,Clear conditions throughout the day.,clear-day,"48820099999,48823099999,48825099999,48831099999,VVNB"
Hanoi,2023-01-26,18.5,12,15.1,18.5,12,15.1,11,77.3,0.3,100,8.33,rain,0,0,23.4,13,50.3,1016.9,90.9,7.1,124.6,10.7,5,10,2023-01-26T06:35:21,2023-01-26T17:42:58,0.15,"Rain, Overcast",Cloudy skies throughout the day with late afternoon rain.,rain,"48820099999,48823099999,48825099999,48831099999,VVNB"
Hanoi,2023-01-27,17,14,15.4,17,14,15.4,7.1,60.3,3.67,100,8.33,rain,0,0,37.1,25.9,10.7,1024.1,80.7,9,48.4,4.2,2,10,2023-01-27T06:35:09,2023-01-27T17:43:37,0.18,"Rain, Partially cloudy",Partly cloudy throughout the day with rain.,rain,"48820099999,48823099999,48825099999,48831099999,VVNB"
Hanoi,2023-01-28,19.4,12,15.3,19.4,12,15.3,0.9,39.8,0,0,0,,0,0,31,16.6,50.1,1024.4,21,11.1,219.9,19,8,10,2023-01-28T06:34:54,2023-01-28T17:44:15,0.25,Partially cloudy,Clearing in the afternoon.,partly-cloudy-day,"48820099999,48823099999,48825099999,48831099999,VVNB"
Hanoi,2023-01-29,21,8.7,14.4,21,8.7,14.4,2.5,50.9,0,0,0,,0,0,25.6,9.4,10.6,1024.4,7.8,11,225.5,19.4,8,10,2023-01-29T06:34:39,2023-01-29T17:44:53,0.25,Clear,Clear conditions throughout the day.,clear-day,"48820099999,48823099999,48825099999,48831099999,VVNB"
Hanoi,2023-01-30,22,8,15.2,22,8,15.2,5.5,56.5,0,0,0,,0,0,23.4,14.8,113.3,1021.4,3.4,7.6,226.6,19.5,8,10,2023-01-30T06:34:22,2023-01-30T17:45:31,0.28,Clear,Clear conditions throughout the day.,clear-day,"48820099999,48823099999,48825099999,48831099999,VVNB"
Hanoi,2023-01-31,23,10,16.3,23,10,16.3,8.6,62.7,0,0,0,,0,0,29.2,18.4,113.4,1015.2,1.4,8.4,225.6,19.5,8,10,2023-01-31T06:34:04,2023-01-31T17:46:09,0.31,Clear,Clear conditions throughout the day.,clear-day,"48820099999,48823099999,48825099999,48831099999,VVNB"
Hanoi,2023-02-01,22.5,13.9,18.4,22.5,13.9,18.4,14.5,79.1,0,0,0,,0,0,23,16.6,121.9,1012.9,75.8,6.3,159.4,13.8,6,10,2023-02-01T06:33:45,2023-02-01T17:46:46,0.35,Partially cloudy,Partly cloudy throughout the day.,partly-cloudy-day,"48820099999,48823099999,48825099999,48831099999,VVNB"
Hanoi,2023-02-02,23,19,20.8,23,19,20.8,18.1,84.8,3,100,54.17,rain,0,0,13,9.4,153.9,1015.5,96.1,6.6,45.6,3.8,2,10,2023-02-02T06:33:25,2023-02-02T17:47:22,0.38,"Rain, Overcast",Cloudy skies throughout the day with a chance of rain throughout the day.,rain,"48820099999,48823099999,48825099999,48831099999,VVNB,remote"
Hanoi,2023-02-03,22,19.7,20.4,22,19.7,20.4,19.6,95.1,5.097,100,16.67,rain,0,0,15.5,13,146.5,1015.5,94.5,3.4,19.1,1.7,1,10,2023-02-03T06:33:03,2023-02-03T17:47:59,0.41,"Rain, Overcast",Cloudy skies throughout the day with a chance of rain throughout the day.,rain,"48820099999,48823099999,48825099999,48831099999,VVNB"
Hanoi,2023-02-04,22,19,20.4,22,19,20.4,19.4,94.2,1.588,100,12.5,rain,0,0,20.5,16.6,135.6,1013.1,99.2,4.8,38,3.4,2,10,2023-02-04T06:32:40,2023-02-04T17:48:35,0.45,"Rain, Overcast",Cloudy skies throughout the day with rain.,rain,"48820099999,48823099999,48825099999,48831099999,VVNB"
Hanoi,2023-02-05,23.7,19.7,20.8,23.7,19.7,20.8,19.9,94.6,5.161,100,8.33,rain,0,0,27.7,18.4,123.2,1011.8,95.6,5.7,34.2,2.9,2,10,2023-02-05T06:32:16,2023-02-05T17:49:10,0.48,"Rain, Overcast",Cloudy skies throughout the day with rain.,rain,"48820099999,48823099999,48825099999,48831099999,VVNB"
Hanoi,2023-02-06,21,19.6,20.4,21,19.6,20.4,19.5,94.7,0.593,100,4.17,rain,0,0,26.6,24.1,129.7,1011.1,100,4.8,42.7,3.7,2,10,2023-02-06T06:31:50,2023-02-06T17:49:45,0.5,"Rain, Overcast",Cloudy skies throughout the day with late afternoon rain.,rain,"48820099999,48823099999,48825099999,48831099999,VVNB"
Hanoi,2023-02-07,22,19.7,20.7,22,19.7,20.7,20.2,97.2,1.388,100,8.33,rain,0,0,29.9,13,121.6,1011.8,98.9,3,46.6,4,2,10,2023-02-07T06:31:24,2023-02-07T17:50:19,0.55,"Rain, Overcast",Cloudy skies throughout the day with rain.,rain,"48820099999,48823099999,48825099999,48831099999,VVNB"
Hanoi,2023-02-08,22.1,20.2,21.2,22.1,20.2,21.2,20.4,95.5,2.206,100,12.5,rain,0,0,32.4,18.4,132.8,1011.8,99,3.8,46.3,4,2,10,2023-02-08T06:30:56,2023-02-08T17:50:53,0.58,"Rain, Overcast",Cloudy skies throughout the day with rain.,rain,"48820099999,48823099999,48825099999,48831099999,VVNB"
Hanoi,2023-02-09,24,21,22.3,24,21,22.3,21.3,94.1,1.006,100,8.33,rain,0,0,29.5,16.6,131.7,1012.3,99.5,4.9,66.1,5.7,3,10,2023-02-09T06:30:28,2023-02-09T17:51:27,0.62,"Rain, Overcast",Cloudy skies throughout the day with rain.,rain,"48820099999,48823099999,48825099999,48831099999,VVNB"
Hanoi,2023-02-10,24,21,22.5,24,21,22.5,21,91.4,0.393,100,4.17,rain,0,0,38.2,20.5,124.8,1011.6,98.6,6.2,58.5,5.1,3,10,2023-02-10T06:29:58,2023-02-10T17:52:00,0.65,"Rain, Overcast",Cloudy skies throughout the day with late afternoon rain.,rain,"48820099999,48823099999,48825099999,48831099999,VVNB"
Hanoi,2023-02-11,25.2,22,23.1,25.2,22,23.1,21.5,91,0.107,100,12.5,rain,0,0,41.8,20.5,131.5,1008.9,98.5,6.2,131,11.2,6,10,2023-02-11T06:29:27,2023-02-11T17:52:33,0.69,"Rain, Overcast",Cloudy skies throughout the day with rain.,rain,"48820099999,48823099999,48825099999,48831099999,VVNB"
Hanoi,2023-02-12,27.1,22,24.3,29.3,22,24.6,21.7,85.8,0,0,0,,0,0,33.5,22.3,120.5,1008.2,88.5,7.8,203.4,17.6,8,10,2023-02-12T06:28:55,2023-02-12T17:53:05,0.72,Partially cloudy,Partly cloudy throughout the day.,partly-cloudy-day,"48820099999,48823099999,48825099999,48831099999,VVNB"
Hanoi,2023-02-13,29,22,24.9,31.4,22,25.5,21.7,83.9,0.098,100,4.17,rain,0,0,34.9,16.6,116.9,1010.2,74.4,6.6,182.5,15.8,7,10,2023-02-13T06:28:22,2023-02-13T17:53:36,0.75,"Rain, Partially cloudy",Partly cloudy throughout the day with late afternoon rain.,rain,"48820099999,48823099999,48825099999,48831099999,VVNB"
Hanoi,2023-02-14,24,17,19.2,24,17,19.2,13,68.2,1.097,100,8.33,rain,0,0,33.1,27.7,46.4,1017.7,99.9,9.9,45.1,3.9,2,10,2023-02-14T06:27:47,2023-02-14T17:54:07,0.79,"Rain, Overcast",Cloudy skies throughout the day with rain.,rain,"48820099999,48823099999,48825099999,48831099999,VVNB"
Hanoi,2023-02-15,17.5,16,17,17.5,16,17,9,59.5,0,0,0,,0,0,26.6,18.4,36.5,1022.7,100,10,73.5,6.6,3,10,2023-02-15T06:27:12,2023-02-15T17:54:38,0.82,Overcast,Cloudy skies throughout the day.,cloudy,"48820099999,48823099999,48825099999,48831099999,VVNB"
Hanoi,2023-02-16,18.1,16,16.9,18.1,16,16.9,10.9,68,0,0,0,,0,0,18.4,11.2,18.2,1023.5,100,9.5,75.1,6.6,3,10,2023-02-16T06:26:36,2023-02-16T17:55:08,0.86,Overcast,Cloudy skies throughout the day.,cloudy,"48820099999,48823099999,48825099999,48831099999,VVNB"
Hanoi,2023-02-17,20.1,16,17.9,20.1,16,17.9,13.8,77,0,0,0,,0,0,20.2,10.6,79.6,1019.9,96.4,6.3,147.1,12.8,6,10,2023-02-17T06:25:59,2023-02-17T17:55:37,0.89,Overcast,Cloudy skies throughout the day.,cloudy,"48820099999,48823099999,48825099999,48831099999,VVNB"
Hanoi,2023-02-18,23,17,20.3,23,17,20.3,16.4,79,0,0,0,,0,0,18.4,13,128.2,1016.7,90.5,7,97.3,8.3,4,10,2023-02-18T06:25:21,2023-02-18T17:56:07,0.93,Overcast,Cloudy skies throughout the day.,cloudy,"48820099999,48823099999,48825099999,48831099999,VVNB"
Hanoi,2023-02-19,23,19,20.4,23,19,20.4,17.4,83.3,1.081,100,4.17,rain,0,0,38.2,16.6,347.1,1019,82.1,6.2,78.8,6.9,4,10,2023-02-19T06:24:42,2023-02-19T17:56:35,0.96,"Rain, Partially cloudy",Partly cloudy throughout the day with late afternoon rain.,rain,"48820099999,48823099999,48825099999,48831099999,VVNB"
Hanoi,2023-02-20,24.1,18.8,21,24.1,18.8,21,13.3,61.9,0,0,0,,0,0,19.8,16.6,29.4,1018.7,78.4,9.7,160.6,13.9,6,10,2023-02-20T06:24:03,2023-02-20T17:57:03,0,Partially cloudy,Partly cloudy throughout the day.,partly-cloudy-day,"48820099999,48823099999,48825099999,48831099999,VVNB"
Hanoi,2023-02-21,23.3,18.7,20.9,23.3,18.7,20.9,15.5,71.9,0.3,100,12.5,rain,0,0,30.2,14.8,142.9,1019.6,57.1,7.4,139.3,11.9,7,10,2023-02-21T06:23:22,2023-02-21T17:57:31,0.03,"Rain, Partially cloudy",Partly cloudy throughout the day with afternoon rain.,rain,"48820099999,48823099999,48825099999,48831099999,VVNB"
Hanoi,2023-02-22,23,19,20.6,23,19,20.6,15,70.8,0,0,0,,0,0,33.8,16.6,143.3,1019.6,80.6,9.2,131,11.4,5,10,2023-02-22T06:22:40,2023-02-22T17:57:58,0.06,Partially cloudy,Partly cloudy throughout the day.,partly-cloudy-day,"48820099999,48823099999,48825099999,48831099999,VVNB"
Hanoi,2023-02-23,23.4,17.7,20.4,23.4,17.7,20.4,16.1,76.7,0,0,0,rain,0,0,25.2,16.6,131.3,1016.8,76.8,8.5,117.1,10.3,4,10,2023-02-23T06:21:58,2023-02-23T17:58:25,0.1,Partially cloudy,Partly cloudy throughout the day.,partly-cloudy-day,"48820099999,48823099999,48825099999,48831099999,VVNB"
Hanoi,2023-02-24,21,18,19.2,21,18,19.2,15.1,77.9,0.498,100,4.17,rain,0,0,32,20.5,52.7,1020.1,97.5,8.1,43.8,3.6,2,10,2023-02-24T06:21:15,2023-02-24T17:58:51,0.13,"Rain, Overcast",Cloudy skies throughout the day with late afternoon rain.,rain,"48820099999,48823099999,48825099999,48831099999,VVNB"
Hanoi,2023-02-25,25,16,19.8,25,16,19.8,8.5,49.9,0,0,0,,0,0,33.8,18.4,20.7,1026.1,36.1,11.3,196.5,17,8,10,2023-02-25T06:20:31,2023-02-25T17:59:17,0.16,Partially cloudy,Clearing in the afternoon.,partly-cloudy-day,"48820099999,48823099999,48825099999,48831099999,VVNB"
Hanoi,2023-02-26,23,13.4,17.8,23,13.4,17.8,8.5,58.6,0,0,0,,0,0,31,14.8,72.6,1028.2,0.8,9.4,254.7,22,9,10,2023-02-26T06:19:47,2023-02-26T17:59:42,0.19,Clear,Clear conditions throughout the day.,clear-day,"48820099999,48823099999,48825099999,48831099999,VVNB"
Hanoi,2023-02-27,23,11.7,18.1,23,11.7,18.1,10.3,63.4,0,0,0,,0,0,23.8,13,123.5,1025.6,9.7,8.3,253.7,21.9,9,10,2023-02-27T06:19:01,2023-02-27T18:00:07,0.25,Clear,Clear conditions throughout the day.,clear-day,"48820099999,48823099999,48825099999,48831099999,VVNB"
Hanoi,2023-02-28,23.7,14,19.1,23.7,14,19.1,13.5,71.7,0,0,0,,0,0,27,16.6,129.6,1021.9,37.2,7.6,167.7,14.5,6,10,2023-02-28T06:18:15,2023-02-28T18:00:32,0.26,Partially cloudy,Partly cloudy throughout the day.,partly-cloudy-day,"48820099999,48823099999,48825099999,48831099999,VVNB"
Hanoi,2023-03-01,21.1,16.7,19,21.1,16.7,19,16.1,84,0.1,100,4.17,rain,0,0,16.9,9.4,96.6,1021.6,81.5,5.4,89.7,7.7,4,10,2023-03-01T06:17:29,2023-03-01T18:00:56,0.29,"Rain, Partially cloudy",Partly cloudy throughout the day with afternoon rain.,rain,"48820099999,48823099999,48825099999,48831099999,VVNB"
Hanoi,2023-03-02,27,18,22.2,27.3,18,22.3,16,69.6,0,0,0,,0,0,24.5,14.8,141.1,1022.5,55.2,6.7,178.9,15.4,8,10,2023-03-02T06:16:42,2023-03-02T18:01:20,0.33,Partially cloudy,Partly cloudy throughout the day.,partly-cloudy-day,"48820099999,48823099999,48825099999,48831099999,VVNB"
Hanoi,2023-03-03,24,17.5,21.2,24,17.5,21.2,15.9,72.4,0.002,100,4.17,rain,0,0,20.9,11.2,110.9,1022.9,76.1,6.3,136.7,11.8,5,10,2023-03-03T06:15:54,2023-03-03T18:01:43,0.36,"Rain, Partially cloudy",Partly cloudy throughout the day with late afternoon rain.,rain,"48820099999,48823099999,48825099999,48831099999,VVNB"
Hanoi,2023-03-04,23.1,18,20.4,23.1,18,20.4,14.5,69.6,0,0,0,,0,0,16.6,14.8,22.5,1024.2,81.4,9.4,162.1,14,8,10,2023-03-04T06:15:05,2023-03-04T18:02:06,0.39,Partially cloudy,Partly cloudy throughout the day.,partly-cloudy-day,"48820099999,48823099999,48825099999,48831099999,VVNB"
Hanoi,2023-03-05,26,16,20.8,26,16,20.8,14.9,71.4,0.1,100,4.17,rain,0,0,26.6,18.4,143.5,1022,53.6,6.8,170,14.6,7,10,2023-03-05T06:14:16,2023-03-05T18:02:29,0.42,"Rain, Partially cloudy",Partly cloudy throughout the day with afternoon rain.,rain,"48820099999,48823099999,48825099999,48831099999,VVNB"
Hanoi,2023-03-06,26,18,21.5,26,18,21.5,16.2,72.3,0,0,0,,0,0,35.3,24.1,122.1,1019.3,50.5,7.2,172.1,14.9,8,10,2023-03-06T06:13:27,2023-03-06T18:02:51,0.46,Partially cloudy,Partly cloudy throughout the day.,partly-cloudy-day,"48820099999,48823099999,48825099999,48831099999,VVNB"
Hanoi,2023-03-07,26,19.3,22,26,19.3,22,16.1,69.7,0.2,100,8.33,rain,0,0,29.9,22.3,136,1018.2,88.7,9.4,104.3,8.9,4,10,2023-03-07T06:12:37,2023-03-07T18:03:13,0.5,"Rain, Partially cloudy",Partly cloudy throughout the day with rain in the morning and afternoon.,rain,"48820099999,48823099999,48825099999,48831099999,VVNB"
Hanoi,2023-03-08,23.7,20,21.6,23.7,20,21.6,18.4,82.1,0.1,100,4.17,rain,0,0,28.4,18.4,119.9,1018.4,93.6,7.8,124.5,10.7,5,10,2023-03-08T06:11:46,2023-03-08T18:03:34,0.52,"Rain, Overcast",Cloudy skies throughout the day with morning rain.,rain,"48820099999,48823099999,48825099999,48831099999,VVNB"
Hanoi,2023-03-09,29,19,23.5,29.7,19,23.7,18.6,76.1,0.1,100,4.17,rain,0,0,22,18.4,108.8,1018,48,6.2,182.6,15.5,7,10,2023-03-09T06:10:55,2023-03-09T18:03:56,0.56,"Rain, Partially cloudy",Partly cloudy throughout the day with morning rain.,rain,"48820099999,48823099999,48825099999,48831099999,VVNB"
Hanoi,2023-03-10,29,20,23.3,29.8,20,23.5,18.3,75.1,0,0,0,,0,0,37.8,22.3,122.8,1014.8,41.9,6.2,207.9,17.9,9,10,2023-03-10T06:10:04,2023-03-10T18:04:17,0.59,Partially cloudy,Partly cloudy throughout the day.,partly-cloudy-day,"48820099999,48823099999,48825099999,48831099999,VVNB"
Hanoi,2023-03-11,22.5,20.7,21.7,22.5,20.7,21.7,19.3,86.4,0.7,100,20.83,rain,0,0,30.6,16.6,116.6,1016.1,90.1,5.3,81.8,7.1,3,10,2023-03-11T06:09:12,2023-03-11T18:04:37,0.63,"Rain, Overcast",Cloudy skies throughout the day with rain in the morning and afternoon.,rain,"48820099999,48823099999,48825099999,48831099999,VVNB"
Hanoi,2023-03-12,27,20.3,23.3,28.2,20.3,23.4,18.8,77.1,0.098,100,4.17,rain,0,0,45.7,25.9,53.2,1018.7,67.2,6.5,142.8,12.5,5,10,2023-03-12T06:08:20,2023-03-12T18:04:58,0.66,"Rain, Partially cloudy",Partly cloudy throughout the day with early morning rain.,rain,"48820099999,48823099999,48825099999,48831099999,VVNB"
Hanoi,2023-03-13,22,17,19.6,22,17,19.6,11.6,60.9,0.016,100,4.17,rain,0,0,31,22.3,17.6,1021.4,79.6,10,79.2,7,4,10,2023-03-13T06:07:28,2023-03-13T18:05:18,0.7,"Rain, Partially cloudy",Partly cloudy throughout the day with early morning rain.,rain,"48820099999,48823099999,48825099999,48831099999,VVNB"
Hanoi,2023-03-14,26,16,20.7,26,16,20.7,14.3,68.7,0,0,0,,0,0,37.1,16.6,132.3,1014.2,36.7,8.1,239.7,20.7,9,10,2023-03-14T06:06:35,2023-03-14T18:05:38,0.74,Partially cloudy,Partly cloudy throughout the day.,partly-cloudy-day,"48820099999,48823099999,48825099999,48831099999,VVNB"
Hanoi,2023-03-15,25,18,21.6,25,18,21.6,18.9,85.2,0.098,100,4.17,rain,0,0,30.6,18.4,122.5,1014.2,84.3,9.8,111.6,9.7,5,10,2023-03-15T06:05:42,2023-03-15T18:05:57,0.75,"Rain, Partially cloudy",Partly cloudy throughout the day with late afternoon rain.,rain,"48820099999,48823099999,48825099999,48831099999,VVNB,remote"
Hanoi,2023-03-16,28,21,23.8,29.2,21,24.1,19.8,79.2,0.526,100,8.33,rain,0,0,36.7,18.4,142.7,1015.4,81.6,10.7,107.4,9.3,4,10,2023-03-16T06:04:49,2023-03-16T18:06:17,0.81,"Rain, Partially cloudy",Partly cloudy throughout the day with rain.,rain,"48820099999,48823099999,48825099999,48831099999,VVNB,remote"
Hanoi,2023-03-17,26,21,23.5,26,21,23.5,20.4,83.1,0,0,0,rain,0,0,33.8,20.5,126.5,1014.1,90,8.5,150.1,13,6,10,2023-03-17T06:03:55,2023-03-17T18:06:36,0.84,Partially cloudy,Partly cloudy throughout the day.,partly-cloudy-day,"48820099999,48823099999,48825099999,48831099999,VVNB"
Hanoi,2023-03-18,25,22,23.3,25,22,23.3,20.2,82.8,0.4,100,16.67,rain,0,0,33.8,18.4,134,1012.9,98.2,8.8,90.3,7.8,4,10,2023-03-18T06:03:02,2023-03-18T18:06:55,0.88,"Rain, Overcast",Cloudy skies throughout the day with rain clearing later.,rain,"48820099999,48823099999,48825099999,48831099999,VVNB"
Hanoi,2023-03-19,27,22,24.1,28.5,22,24.2,20.2,79.7,0.1,100,4.17,rain,0,0,36.7,18.4,133.3,1011,94.7,8.8,125.9,10.9,5,10,2023-03-19T06:02:08,2023-03-19T18:07:14,0.91,"Rain, Overcast",Cloudy skies throughout the day with morning rain.,rain,"48820099999,48823099999,48825099999,48831099999,VVNB"
Hanoi,2023-03-20,28,23,24.9,30.7,23,25.5,21.9,83.6,0.1,100,4.17,rain,0,0,32,22.3,129.1,1007.9,96.9,8.4,131.3,11.2,5,30,2023-03-20T06:01:14,2023-03-20T18:07:33,0.95,"Rain, Overcast",Cloudy skies throughout the day with morning rain.,rain,"48820099999,48823099999,48825099999,48831099999,VVNB"
Hanoi,2023-03-21,29.2,23,25.7,33.2,23,26.8,23.1,86.1,0.103,100,8.33,rain,0,0,23.8,20.5,113.3,1005.5,91.7,6,202,17.4,8,60,2023-03-21T06:00:20,2023-03-21T18:07:52,0.98,"Rain, Overcast",Cloudy skies throughout the day with rain.,rain,"48820099999,48823099999,48825099999,48831099999,VVNB"
Hanoi,2023-03-22,34,24,27.5,40.6,24,29.8,23.4,80.1,0,0,0,,0,0,26.3,20.5,101.3,1003.2,55.4,6.1,260.2,22.4,9,15,2023-03-22T05:59:25,2023-03-22T18:08:10,0,Partially cloudy,Clearing in the afternoon.,partly-cloudy-day,"48820099999,48823099999,48825099999,48831099999,VVNB"
Hanoi,2023-03-23,32.5,24.7,27.2,40,24.7,29.4,23.6,81,0.1,100,4.17,rain,0,0,22.3,20.5,99.3,1003.3,80.6,6.9,268.8,23.2,9,30,2023-03-23T05:58:31,2023-03-23T18:08:29,0.05,"Rain, Partially cloudy",Partly cloudy throughout the day with late afternoon rain.,rain,"48820099999,48823099999,48825099999,48831099999,VVNB"
Hanoi,2023-03-24,30,24.7,26.8,34.1,24.7,28.3,23.2,81.1,0,0,0,,0,0,29.5,22.3,102.8,1005.8,92.5,7,265,22.9,9,30,2023-03-24T05:57:37,2023-03-24T18:08:47,0.08,Overcast,Cloudy skies throughout the day.,cloudy,"48820099999,48823099999,48825099999,48831099999,VVNB"
Hanoi,2023-03-25,26.2,22,25,26.2,22,25,22.9,88.1,1.67,100,4.17,rain,0,0,25.2,20.5,117.5,1009.2,95.4,7.2,73.3,6.5,3,30,2023-03-25T05:56:42,2023-03-25T18:09:05,0.11,"Rain, Overcast",Cloudy skies throughout the day with late afternoon rain.,rain,"48820099999,48823099999,48825099999,48831099999,VVNB"
Hanoi,2023-03-26,21,18,19.6,21,18,19.6,16.9,84.6,2.103,100,12.5,rain,0,0,31.7,20.5,48.4,1011.7,99.9,9.2,57.2,5,3,10,2023-03-26T05:55:48,2023-03-26T18:09:24,0.14,"Rain, Overcast",Cloudy skies throughout the day with rain.,rain,"48820099999,48823099999,48825099999,48831099999,VVNB"
Hanoi,2023-03-27,21,17,18.8,21,17,18.8,15,79.4,1.227,100,16.67,rain,0,0,26.6,14.8,34.7,1014.8,99.7,9.5,52.7,4.6,2,10,2023-03-27T05:54:54,2023-03-27T18:09:42,0.18,"Rain, Overcast",Cloudy skies throughout the day with a chance of rain throughout the day.,rain,"48820099999,48823099999,48825099999,48831099999,VVNB"
Hanoi,2023-03-28,19.8,17,18.7,19.8,17,18.7,14.1,74.8,0.007,100,4.17,rain,0,0,16.2,16.6,43.5,1016.4,99.1,9.8,53.8,4.6,2,10,2023-03-28T05:53:59,2023-03-28T18:10:00,0.21,"Rain, Overcast",Cloudy skies throughout the day with early morning rain.,rain,"48820099999,48823099999,48825099999,48831099999,VVNB"
Hanoi,2023-03-29,22.7,16,19.1,22.7,16,19.1,15.8,81.9,1.379,100,8.33,rain,0,0,16.9,13,45.7,1014.7,95.6,9.7,113.2,9.8,5,10,2023-03-29T05:53:05,2023-03-29T18:10:18,0.25,"Rain, Overcast",Cloudy skies throughout the day with rain.,rain,"48820099999,48823099999,48825099999,48831099999,VVNB"
Hanoi,2023-03-30,22,17,19.4,22,17,19.4,16,81.1,0.758,100,16.67,rain,0,0,16.9,14.8,65.8,1012.4,100,9.2,102.3,8.9,5,10,2023-03-30T05:52:11,2023-03-30T18:10:36,0.27,"Rain, Overcast",Cloudy skies throughout the day with a chance of rain throughout the day.,rain,"48820099999,48823099999,48825099999,48831099999,VVNB"
Hanoi,2023-03-31,22,18.7,20.3,22,18.7,20.3,18.6,90.3,1.296,100,12.5,rain,0,0,19.1,7.6,97.9,1011.4,95.6,3.9,82.5,7.2,3,10,2023-03-31T05:51:17,2023-03-31T18:10:54,0.31,"Rain, Overcast",Cloudy skies throughout the day with rain.,rain,"48820099999,48823099999,48825099999,48831099999,VVNB"
Hanoi,2023-04-01,22.8,20,21.1,22.8,20,21.1,20.3,95.3,1.284,100,12.5,rain,0,0,18,7.2,101.6,1009.7,95.8,3.4,85.9,7.6,4,30,2023-04-01T05:50:23,2023-04-01T18:11:12,0.34,"Rain, Overcast",Cloudy skies throughout the day with rain.,rain,"48820099999,48823099999,48825099999,48831099999,VVNB"
Hanoi,2023-04-02,26.2,22,23.8,26.2,22,23.8,22.5,92.6,0.402,100,12.5,rain,0,0,31,16.6,120.7,1006.9,96.3,5,137.1,11.7,5,30,2023-04-02T05:49:29,2023-04-02T18:11:30,0.37,"Rain, Overcast",Cloudy skies throughout the day with rain.,rain,"48820099999,48823099999,48825099999,48831099999,VVNB"
Hanoi,2023-04-03,30,23,25.9,35.1,23,27.2,23.4,86.7,0.098,100,4.17,rain,0,0,29.5,20.5,114.5,1005.3,94.8,6.6,226.7,19.8,8,60,2023-04-03T05:48:36,2023-04-03T18:11:49,0.4,"Rain, Overcast",Cloudy skies throughout the day with early morning rain.,rain,"48820099999,48823099999,48825099999,48831099999,VVNB"
Hanoi,2023-04-04,30,24,26.6,35.1,24,28.3,23.6,83.8,0.002,100,4.17,rain,0,0,28.8,16.6,106.1,1004,95,6.7,248.6,21.4,9,30,2023-04-04T05:47:43,2023-04-04T18:12:07,0.44,"Rain, Overcast",Cloudy skies throughout the day with afternoon rain.,rain,"48820099999,48823099999,48825099999,48831099999,VVNB"
Hanoi,2023-04-05,32,25,27.4,37.9,25,29.5,23.5,80.1,0,0,0,,0,0,25.9,20.5,108,1004.8,91.8,7,282.2,24.5,10,10,2023-04-05T05:46:50,2023-04-05T18:12:25,0.47,Overcast,Cloudy skies throughout the day.,cloudy,"48820099999,48823099999,48825099999,48831099999,VVNB"
Hanoi,2023-04-06,32,25,27.9,37.9,25,30.4,23.6,78.7,0.5,100,12.5,rain,0,0,44.6,20.5,110.3,1008.3,93.5,7.3,164.6,14.4,6,30,2023-04-06T05:45:57,2023-04-06T18:12:44,0.5,"Rain, Overcast",Cloudy skies throughout the day with rain in the morning and afternoon.,rain,"48820099999,48823099999,48825099999,48831099999,VVNB"
Hanoi,2023-04-07,25,21.9,23.8,25,21.9,23.8,16,62,0,0,0,rain,0,0,22,18.4,63.6,1013.8,89.3,9.8,84.8,7.3,4,10,2023-04-07T05:45:05,2023-04-07T18:13:02,0.54,Partially cloudy,Partly cloudy throughout the day.,partly-cloudy-day,"48820099999,48823099999,48825099999,48831099999,VVNB"
Hanoi,2023-04-08,23,19,20.9,23,19,20.9,15.7,72.7,0.022,100,8.33,rain,0,0,28.8,22.3,33,1018.9,100,9.7,46.1,3.9,2,10,2023-04-08T05:44:12,2023-04-08T18:13:21,0.57,"Rain, Overcast",Cloudy skies throughout the day with rain in the morning and afternoon.,rain,"48820099999,48823099999,48825099999,48831099999,VVNB"
Hanoi,2023-04-09,20.4,18,19,20.4,18,19,16.5,85.5,0.012,100,4.17,rain,0,0,13.3,11.2,65.4,1017.1,99.9,7.2,68.4,5.9,3,10,2023-04-09T05:43:21,2023-04-09T18:13:40,0.61,"Rain, Overcast",Cloudy skies throughout the day with early morning rain.,rain,"48820099999,48823099999,48825099999,48831099999,VVNB"
Hanoi,2023-04-10,22.6,18,20.4,22.6,18,20.4,18.9,91.3,0.594,100,8.33,rain,0,0,14.8,9.4,58.9,1011.8,99.5,4.3,98.2,8.5,4,10,2023-04-10T05:42:29,2023-04-10T18:13:58,0.64,"Rain, Overcast",Cloudy skies throughout the day with rain.,rain,"48820099999,48823099999,48825099999,48831099999,VVNB"
Hanoi,2023-04-11,26,21,22.8,26,21,22.8,21.5,92.7,0.501,100,8.33,rain,0,0,22.3,9.4,50.7,1009.3,98.5,3.5,111.3,9.6,4,10,2023-04-11T05:41:38,2023-04-11T18:14:17,0.68,"Rain, Overcast",Cloudy skies throughout the day with rain.,rain,"48820099999,48823099999,48825099999,48831099999,VVNB"
Hanoi,2023-04-12,26,23,24.3,26,23,24.3,23.3,94.4,4.312,100,8.33,rain,0,0,30.2,14.8,125.1,1009.7,96.6,3.7,76.9,6.8,3,10,2023-04-12T05:40:48,2023-04-12T18:14:36,0.72,"Rain, Overcast",Cloudy skies throughout the day with rain in the morning and afternoon.,rain,"48820099999,48823099999,48825099999,48831099999,VVNB"
Hanoi,2023-04-13,25,23,24,25,23,24,23.4,96.2,3.052,100,12.5,rain,0,0,43.2,18.4,124,1008.7,98.9,3.3,103.3,8.9,5,60,2023-04-13T05:39:58,2023-04-13T18:14:56,0.75,"Rain, Overcast",Cloudy skies throughout the day with a chance of rain throughout the day.,rain,"48820099999,48823099999,48825099999,48831099999,VVNB"
Hanoi,2023-04-14,25.5,23.7,24.4,25.5,23.7,24.4,23.8,96,1.992,100,12.5,rain,0,0,29.2,14.8,104.3,1008.2,97.4,2.9,78.9,6.9,4,75,2023-04-14T05:39:08,2023-04-14T18:15:15,0.79,"Rain, Overcast",Cloudy skies throughout the day with a chance of rain throughout the day.,rain,"48820099999,48823099999,48825099999,48831099999,VVNB"
Hanoi,2023-04-15,29,24,25.7,32.7,24,26.5,23.3,87.3,9.279,100,16.67,rain,0,0,28.8,14.8,55.8,1010.6,79.3,7,65.1,5.6,4,30,2023-04-15T05:38:19,2023-04-15T18:15:35,0.82,"Rain, Partially cloudy",Partly cloudy throughout the day with a chance of rain throughout the day.,rain,"48820099999,48823099999,48825099999,48831099999,VVNB"
Hanoi,2023-04-16,30,22,25.9,33.3,22,27,21.8,79.2,0.002,100,4.17,rain,0,0,24.5,14.8,145.4,1009.1,50.1,7.6,199.2,17.4,8,30,2023-04-16T05:37:30,2023-04-16T18:15:55,0.86,"Rain, Partially cloudy",Partly cloudy throughout the day with early morning rain.,rain,"48820099999,48823099999,48825099999,48831099999,VVNB"
Hanoi,2023-04-17,28.6,23,25.5,33.1,23,26.9,23.1,86.6,0,0,0,rain,0,0,31,20.5,118.5,1006.9,83.8,6.2,181.5,15.8,6,75,2023-04-17T05:36:42,2023-04-17T18:16:15,0.89,Partially cloudy,Partly cloudy throughout the day.,partly-cloudy-day,"48820099999,48823099999,48825099999,48831099999,VVNB"
Hanoi,2023-04-18,30.6,25,27.2,37.5,25,29.9,25,88.3,0,0,0,rain,0,0,31,18.4,113.2,1004.8,95.8,6.2,243.9,21,8,75,2023-04-18T05:35:55,2023-04-18T18:16:35,0.93,Overcast,Cloudy skies throughout the day.,cloudy,"48820099999,48823099999,48825099999,48831099999,VVNB"
Hanoi,2023-04-19,32,26,28.2,39.2,26,31.7,24.8,82.3,0,0,0,rain,0,0,24.1,16.6,111.4,1001.9,86.4,6.5,272.5,23.6,9,75,2023-04-19T05:35:08,2023-04-19T18:16:55,0.97,Partially cloudy,Partly cloudy throughout the day.,partly-cloudy-day,"48820099999,48823099999,48825099999,48831099999,VVNB"
Hanoi,2023-04-20,30.5,25,27.7,37.3,25,31,24.4,82.3,0,0,0,rain,0,0,25.2,18.4,121.7,1001,91.4,6.6,193.7,16.9,7,75,2023-04-20T05:34:21,2023-04-20T18:17:16,0,Overcast,Cloudy skies throughout the day.,cloudy,"48820099999,48823099999,48825099999,48831099999,VVNB"
Hanoi,2023-04-21,32,25.6,28.3,39.2,25.6,32.3,24.8,81.9,0,0,0,rain,0,0,31.3,20.5,117.7,1001.4,87.4,6.3,234,20.2,9,75,2023-04-21T05:33:36,2023-04-21T18:17:36,0.03,Partially cloudy,Partly cloudy throughout the day.,partly-cloudy-day,"48820099999,48823099999,48825099999,48831099999,VVNB"
Hanoi,2023-04-22,31.5,26,28.2,39.1,26,32.4,25,83.4,0,0,0,rain,0,0,30.2,20.5,112,1003.7,85,7.5,271.4,23.2,9,75,2023-04-22T05:32:50,2023-04-22T18:17:57,0.07,Partially cloudy,Partly cloudy throughout the day.,partly-cloudy-day,"48820099999,48823099999,48825099999,48831099999,VVNB"
Hanoi,2023-04-23,31.1,27,28.4,37.7,30.1,33.1,24.9,82,0,0,0,rain,0,0,32.4,20.5,120.9,1007.8,79.4,8.4,218.8,18.8,8,60,2023-04-23T05:32:06,2023-04-23T18:18:19,0.1,Partially cloudy,Partly cloudy throughout the day.,partly-cloudy-day,"48820099999,48823099999,48825099999,48831099999,VVNB"
Hanoi,2023-04-24,33,26,28.4,40.7,26,32,24.8,82.1,12.5,100,37.5,rain,0,0,33.1,24.1,123.7,1010.2,73.7,8.7,140.9,12.3,8,60,2023-04-24T05:31:22,2023-04-24T18:18:40,0.13,"Rain, Partially cloudy",Partly cloudy throughout the day with rain.,rain,"48820099999,48823099999,48825099999,48831099999,VVNB"
Hanoi,2023-04-25,27,18,21.8,30.1,18,22,19.5,86.8,3.965,100,4.17,rain,0,0,33.1,25.9,57.7,1013.9,92.7,9.5,47.2,3.9,2,30,2023-04-25T05:30:39,2023-04-25T18:19:02,0.16,"Rain, Overcast",Cloudy skies throughout the day with afternoon rain.,rain,"48820099999,48823099999,48825099999,48831099999,VVNB"
Hanoi,2023-04-26,26.1,20,22.8,26.1,20,22.8,16.9,71.6,0.6,100,12.5,rain,0,0,19.1,9.4,318.8,1014.2,56.6,9.1,197.4,17,8,10,2023-04-26T05:29:57,2023-04-26T18:19:24,0.19,"Rain, Partially cloudy",Partly cloudy throughout the day with afternoon rain.,rain,"48820099999,48823099999,48825099999,48831099999,VVNB"
Hanoi,2023-04-27,31,21,25.2,34.6,21,26.2,20.4,76.1,0,0,0,,0,0,36.4,24.1,114.5,1011.1,37.6,10,208.7,18,7,10,2023-04-27T05:29:15,2023-04-27T18:19:46,0.23,Partially cloudy,Partly cloudy throughout the day.,partly-cloudy-day,"48820099999,48823099999,48825099999,48831099999,VVNB,remote"
Hanoi,2023-04-28,30.1,24,26.6,36.2,24,29,23.8,84.9,0.035,100,4.17,rain,0,0,37.8,22.3,126.2,1009.8,89.7,8.6,174.3,14.8,6,60,2023-04-28T05:28:35,2023-04-28T18:20:08,0.25,"Rain, Partially cloudy",Partly cloudy throughout the day with afternoon rain.,rain,"48820099999,48823099999,48825099999,48831099999,VVNB"
Hanoi,2023-04-29,29,22,25.4,32,22,26,22.2,83,53.402,100,8.33,rain,0,0,34.2,18.4,89.8,1011.2,90,9,109,9.3,5,30,2023-04-29T05:27:55,2023-04-29T18:20:30,0.29,"Rain, Partially cloudy",Partly cloudy throughout the day with rain.,rain,"48820099999,48823099999,48825099999,48831099999,VVNB"
Hanoi,2023-04-30,25.5,21,23.5,25.5,21,23.5,18,72.2,0.508,100,8.33,rain,0,0,19.4,13,40.2,1013.2,80.3,10,217.2,18.8,9,10,2023-04-30T05:27:15,2023-04-30T18:20:53,0.32,"Rain, Partially cloudy",Partly cloudy throughout the day with rain.,rain,"48820099999,48823099999,48825099999,48831099999,VVNB"
Hanoi,2023-05-01,30,22,25.5,31.9,22,26.2,19.7,71.3,0,0,0,,0,0,28.1,18.4,110,1011.7,50.4,9.6,221.3,19.3,8,10,2023-05-01T05:26:37,2023-05-01T18:21:16,0.35,Partially cloudy,Partly cloudy throughout the day.,partly-cloudy-day,"48820099999,48823099999,48825099999,48831099999,VVNB"
Hanoi,2023-05-02,31,22,26,35.5,22,27.3,22,79.7,0,0,0,rain,0,0,37.1,18.4,135.5,1011.3,69.7,9.3,186.8,16,6,10,2023-05-02T05:26:00,2023-05-02T18:21:39,0.39,Partially cloudy,Partly cloudy throughout the day.,partly-cloudy-day,"48820099999,48823099999,48825099999,48831099999,VVNB"
Hanoi,2023-05-03,32,25,28,37.9,25,31.2,24.1,80.3,0.1,100,4.17,rain,0,0,42.8,25.9,137.1,1009.4,73.2,8.9,196.8,16.9,6,30,2023-05-03T05:25:23,2023-05-03T18:22:03,0.42,"Rain, Partially cloudy",Partly cloudy throughout the day with afternoon rain.,rain,"48820099999,48823099999,48825099999,48831099999,VVNB"
Hanoi,2023-05-04,34,26,29,45.3,26,34.5,25.5,82.2,0,0,0,,0,0,42.5,25.9,121,1004.2,74.5,10,252.4,21.7,9,75,2023-05-04T05:24:47,2023-05-04T18:22:26,0.45,Partially cloudy,Partly cloudy throughout the day.,partly-cloudy-day,"48820099999,48823099999,48825099999,48831099999,VVNB"
Hanoi,2023-05-05,36.1,26.6,30.1,50.3,26.6,37.3,26.1,80.4,0,0,0,,0,0,22.7,18.4,101.4,999.7,47.6,10.2,309,26.7,10,60,2023-05-05T05:24:12,2023-05-05T18:22:50,0.48,Partially cloudy,Partly cloudy throughout the day.,partly-cloudy-day,"48820099999,48823099999,48825099999,48831099999,VVNB"
Hanoi,2023-05-06,39,27,31.6,51.6,30.6,40.2,26.5,76.5,0,0,0,,0,0,24.5,22.3,110.6,998.4,28.3,11.4,312.7,26.9,10,75,2023-05-06T05:23:38,2023-05-06T18:23:14,0.5,Partially cloudy,Clearing in the afternoon.,partly-cloudy-day,"48820099999,48823099999,48825099999,48831099999,VVNB"
Hanoi,2023-05-07,35.3,26.8,30.7,45.9,30.1,38.7,26.3,78.6,2.7,100,16.67,rain,0,0,36.7,27.7,111.1,1001.3,70.9,9.6,282.9,24.5,9,100,2023-05-07T05:23:05,2023-05-07T18:23:38,0.55,"Rain, Partially cloudy",Partly cloudy throughout the day with late afternoon rain.,rain,"48820099999,48823099999,48825099999,48831099999,VVNB"
Hanoi,2023-05-08,28,23,25.2,33.6,23,25.8,22.9,87.1,26.352,100,16.67,rain,0,0,32.4,18.4,59.7,1008,91.2,9.8,67.1,5.9,3,10,2023-05-08T05:22:33,2023-05-08T18:24:03,0.59,"Rain, Overcast",Cloudy skies throughout the day with a chance of rain throughout the day.,rain,"48820099999,48823099999,48825099999,48831099999,VVNB"
Hanoi,2023-05-09,26,21,23.4,26,21,23.4,21.7,90.3,11.594,100,4.17,rain,0,0,21.2,14.8,69.4,1010.5,98.2,7.9,115.8,10,6,10,2023-05-09T05:22:02,2023-05-09T18:24:27,0.62,"Rain, Overcast",Cloudy skies throughout the day with late afternoon rain.,rain,"48820099999,48823099999,48825099999,48831099999,VVNB"
Hanoi,2023-05-10,30,24,26.8,37.4,24,29.9,24.7,88.8,0.295,100,4.17,rain,0,0,28.8,14.8,102.7,1009.3,92.8,7.6,187.4,16.2,8,60,2023-05-10T05:21:32,2023-05-10T18:24:52,0.66,"Rain, Overcast",Cloudy skies throughout the day with late afternoon rain.,rain,"48820099999,48823099999,48825099999,48831099999,VVNB"
Hanoi,2023-05-11,32.3,24,27.4,39.2,24,29.2,23.6,81.1,0.107,100,12.5,rain,0,0,42.8,25.9,78.3,1011.2,86.4,9.2,128.6,11.1,5,30,2023-05-11T05:21:02,2023-05-11T18:25:17,0.7,"Rain, Partially cloudy",Partly cloudy throughout the day with a chance of rain throughout the day.,rain,"48820099999,48823099999,48825099999,48831099999,VVNB"
Hanoi,2023-05-12,29,24,26.1,30.3,24,26.4,18.8,64.8,0.052,100,8.33,rain,0,0,27.4,22.3,42.5,1014.1,96.6,10,121.6,10.6,6,10,2023-05-12T05:20:34,2023-05-12T18:25:42,0.75,"Rain, Overcast",Cloudy skies throughout the day with rain.,rain,"48820099999,48823099999,48825099999,48831099999,VVNB"
Hanoi,2023-05-13,25.4,22,23.6,25.4,22,23.6,18.6,73.8,0.197,100,12.5,rain,0,0,28.1,16.6,47.4,1014.2,99,10,102.8,8.9,4,10,2023-05-13T05:20:07,2023-05-13T18:26:07,0.77,"Rain, Overcast",Cloudy skies throughout the day with a chance of rain throughout the day.,rain,"48820099999,48823099999,48825099999,48831099999,VVNB"
Hanoi,2023-05-14,26.1,20,23.3,26.1,20,23.3,20.3,83.3,0.197,100,4.17,rain,0,0,25.9,13,332.7,1012.7,94.4,9,189.2,16.3,9,10,2023-05-14T05:19:41,2023-05-14T18:26:32,0.8,"Rain, Overcast",Cloudy skies throughout the day with late afternoon rain.,rain,"48820099999,48823099999,48825099999,48831099999,VVNB"
Hanoi,2023-05-15,32,22,26.7,35.9,22,28.4,22.2,77.7,1.1,100,4.17,rain,0,0,27,24.1,122.6,1009,52.4,9.3,228.2,19.8,8,10,2023-05-15T05:19:16,2023-05-15T18:26:58,0.84,"Rain, Partially cloudy",Partly cloudy throughout the day with early morning rain.,rain,"48820099999,48823099999,48825099999,48831099999,VVNB"
Hanoi,2023-05-16,36.1,25,29.7,44.9,25,34.4,24.7,76.5,0.197,100,4.17,rain,0,0,25.6,20.5,124.7,1005.1,65.7,9,284.8,24.6,9,30,2023-05-16T05:18:52,2023-05-16T18:27:23,0.88,"Rain, Partially cloudy",Partly cloudy throughout the day with late afternoon rain.,rain,"48820099999,48823099999,48825099999,48831099999,VVNB"
Hanoi,2023-05-17,39.5,26,32.3,43.4,26,36.1,23.2,64.3,0,0,0,,0,0,24.5,18.4,102.9,1002.9,7.4,9.9,317.3,27.4,10,10,2023-05-17T05:18:29,2023-05-17T18:27:49,0.91,Clear,Clear conditions throughout the day.,clear-day,"48820099999,48823099999,48825099999,48831099999,VVNB"
Hanoi,2023-05-18,39,27,32.8,43.4,30.1,38.4,23.8,62.3,0,0,0,,0,0,18,14.8,80.4,1002.8,6.9,12,309.9,26.9,10,10,2023-05-18T05:18:07,2023-05-18T18:28:14,0.95,Clear,Clear conditions throughout the day.,clear-day,"48820099999,48823099999,48825099999,48831099999,VVNB"
Hanoi,2023-05-19,36,27,31,46.3,30.6,38.8,25.9,75.1,0,0,0,rain,0,0,20.5,20.5,104.3,1003.5,34.9,9.7,282,24.2,9,75,2023-05-19T05:17:46,2023-05-19T18:28:40,0,Partially cloudy,Partly cloudy throughout the day.,partly-cloudy-day,"48820099999,48823099999,48825099999,48831099999,VVNB"
Hanoi,2023-05-20,36,27.8,30.6,48.1,33.6,38.7,26.5,79.6,0.098,100,4.17,rain,0,0,26.3,22.3,113.1,1003.9,61.7,8.6,270.7,23.4,9,75,2023-05-20T05:17:26,2023-05-20T18:29:05,0.02,"Rain, Partially cloudy",Partly cloudy throughout the day with late afternoon rain.,rain,"48820099999,48823099999,48825099999,48831099999,VVNB"
Hanoi,2023-05-21,36.4,28,31.5,50.2,34.5,41.8,27.4,79.9,0,0,0,,0,0,32.8,24.1,110.6,1004.5,58.9,9.5,299.2,26,10,75,2023-05-21T05:17:07,2023-05-21T18:29:31,0.05,Partially cloudy,Partly cloudy throughout the day.,partly-cloudy-day,"48820099999,48823099999,48825099999,48831099999,VVNB"
Hanoi,2023-05-22,38,28,32.3,50.8,33.6,42.4,27.1,75.9,0,0,0,,0,0,33.1,22.3,104.3,1003.9,24.8,11.5,309,26.7,10,75,2023-05-22T05:16:49,2023-05-22T18:29:56,0.08,Partially cloudy,Clearing in the afternoon.,partly-cloudy-day,"48820099999,48823099999,48825099999,48831099999,VVNB"
Hanoi,2023-05-23,35,28.7,30.7,45.9,35.4,39.3,26.5,79,0.098,100,4.17,rain,0,0,41.8,22.3,100.6,1004.9,59.6,10.2,158.3,13.7,6,100,2023-05-23T05:16:33,2023-05-23T18:30:22,0.11,"Rain, Partially cloudy",Partly cloudy throughout the day with late afternoon rain.,rain,"48820099999,48823099999,48825099999,48831099999,VVNB"
Hanoi,2023-05-24,33,24,28.4,43.8,24,32.9,25.3,84,3.734,100,4.17,rain,0,0,25.6,22.3,114.6,1006.6,86,9.1,114.6,9.9,6,75,2023-05-24T05:16:17,2023-05-24T18:30:47,0.15,"Rain, Partially cloudy",Partly cloudy throughout the day with late afternoon rain.,rain,"48820099999,48823099999,48825099999,48831099999,VVNB"
Hanoi,2023-05-25,32.4,24,27.7,41.5,24,31.4,24.8,84.9,7.754,100,12.5,rain,0,0,27.4,16.6,114.6,1007.5,63.6,8.9,216.3,18.7,7,60,2023-05-25T05:16:03,2023-05-25T18:31:13,0.18,"Rain, Partially cloudy",Partly cloudy throughout the day with rain.,rain,"48820099999,48823099999,48825099999,48831099999,VVNB"
Hanoi,2023-05-26,32.4,25,28.3,42.3,25,33.1,25.3,84.3,4.733,100,8.33,rain,0,0,27.7,22.3,111.9,1007.9,59.6,9.6,188.6,16.2,6,30,2023-05-26T05:15:49,2023-05-26T18:31:38,0.21,"Rain, Partially cloudy",Partly cloudy throughout the day with rain.,rain,"48820099999,48823099999,48825099999,48831099999,VVNB"
Hanoi,2023-05-27,33,26,29.5,42.1,26,36.1,26,82.1,0.011,100,8.33,rain,0,0,33.8,24.1,110.8,1006.7,50.3,9.4,216.8,18.7,7,30,2023-05-27T05:15:37,2023-05-27T18:32:03,0.25,"Rain, Partially cloudy",Partly cloudy throughout the day with rain in the morning and afternoon.,rain,"48820099999,48823099999,48825099999,48831099999,VVNB"
Hanoi,2023-05-28,34,27,29.9,42.1,31.2,36.6,25.8,79.9,0.115,100,8.33,rain,0,0,30.2,18.4,114.6,1007.4,55.3,9.4,266.7,22.9,9,30,2023-05-28T05:15:26,2023-05-28T18:32:28,0.28,"Rain, Partially cloudy",Partly cloudy throughout the day with rain.,rain,"48820099999,48823099999,48825099999,48831099999,VVNB"
Hanoi,2023-05-29,35.3,27,30.9,43.3,31.2,37.6,25.5,74.8,0.009,100,4.17,rain,0,0,19.4,16.6,116.5,1007.7,30.3,10.9,294.6,25.3,9,30,2023-05-29T05:15:16,2023-05-29T18:32:53,0.31,"Rain, Partially cloudy",Partly cloudy throughout the day with late afternoon rain.,rain,"48820099999,48823099999,48825099999,48831099999,VVNB"
Hanoi,2023-05-30,36.4,27,31.6,43.2,31.2,38,25,71.1,0,0,0,,0,0,19.1,16.6,113.3,1005.7,16,11.6,304.8,26.4,9,30,2023-05-30T05:15:07,2023-05-30T18:33:18,0.34,Clear,Clear conditions throughout the day.,clear-day,"48820099999,48823099999,48825099999,48831099999,VVNB"
Hanoi,2023-05-31,37,27,31.8,47.6,31.2,38.9,25.4,70.6,0,0,0,,0,0,23.4,22.3,114.8,1002.7,15.5,10.5,310.7,26.7,10,30,2023-05-31T05:14:59,2023-05-31T18:33:42,0.37,Clear,Clear conditions throughout the day.,clear-day,"48820099999,48823099999,48825099999,48831099999,VVNB"
Hanoi,2023-06-01,37.1,28,31.9,51.6,33.6,41.4,26.8,75.9,0,0,0,,0,0,22.7,25.9,105.6,1001,33.4,9.1,265.1,22.8,8,75,2023-06-01T05:14:52,2023-06-01T18:34:06,0.4,Partially cloudy,Partly cloudy throughout the day.,partly-cloudy-day,"48820099999,48823099999,48825099999,48831099999,VVNB"
Hanoi,2023-06-02,38,29,32.5,49,32,42.1,26.6,73.1,0.2,100,4.17,rain,0,0,26.6,22.3,111.9,1001.8,52.1,10.9,267.5,23.2,9,75,2023-06-02T05:14:46,2023-06-02T18:34:30,0.44,"Rain, Partially cloudy",Partly cloudy throughout the day with late afternoon rain.,rain,"48820099999,48823099999,48825099999,48831099999,VVNB"
Hanoi,2023-06-03,37,25.5,30.6,46,25.5,35.5,24.2,70.2,1.965,100,4.17,rain,0,0,23,25.9,110.8,1004.9,49.1,10.5,286.3,24.7,9,75,2023-06-03T05:14:41,2023-06-03T18:34:54,0.47,"Rain, Partially cloudy",Partly cloudy throughout the day with early morning rain.,rain,"48820099999,48823099999,48825099999,48831099999,VVNB"
Hanoi,2023-06-04,36,26,30.4,44.7,26,36,24.6,72.6,2.948,100,4.17,rain,0,0,35.3,22.3,120.4,1005,69.1,10.8,161.3,14,6,30,2023-06-04T05:14:37,2023-06-04T18:35:17,0.5,"Rain, Partially cloudy",Partly cloudy throughout the day with late afternoon rain.,rain,"48820099999,48823099999,48825099999,48831099999,VVNB"
Hanoi,2023-06-05,34.1,26,29.7,42,26,35.4,25.2,77.8,8.2,100,62.5,rain,0,0,22.3,14.8,102.7,1004.9,71.4,9.6,193,16.5,7,30,2023-06-05T05:14:35,2023-06-05T18:35:40,0.54,"Rain, Partially cloudy",Partly cloudy throughout the day with a chance of rain throughout the day.,rain,"48820099999,48823099999,48825099999,48831099999,VVNB"
Hanoi,2023-06-06,34,27,28.9,42,30.6,34.8,25.6,83,16.983,100,8.33,rain,0,0,22.7,18.4,346.2,1005.6,60,8.9,162.7,14,7,30,2023-06-06T05:14:33,2023-06-06T18:36:03,0.57,"Rain, Partially cloudy",Partly cloudy throughout the day with rain in the morning and afternoon.,rain,"48820099999,48823099999,48825099999,48831099999,VVNB"
Hanoi,2023-06-07,36,27,31,43.2,30.6,36.8,24.7,71.2,0.3,100,12.5,rain,0,0,27.4,22.3,56.8,1005,67.4,9.7,229.6,19.9,8,30,2023-06-07T05:14:33,2023-06-07T18:36:25,0.61,"Rain, Partially cloudy",Partly cloudy throughout the day with rain clearing later.,rain,"48820099999,48823099999,48825099999,48831099999,VVNB"
Hanoi,2023-06-08,35,27,30.3,44.9,30.1,37.9,26.3,80.4,5.8,100,29.17,rain,0,0,59.4,27.7,65.9,1003.9,66.7,7.6,229.1,20,8,60,2023-06-08T05:14:33,2023-06-08T18:36:46,0.64,"Rain, Partially cloudy",Partly cloudy throughout the day with rain.,rain,"48820099999,48823099999,48825099999,48831099999,VVNB"
Hanoi,2023-06-09,33,25,28.9,42.1,25,33.2,25,80.8,51.72,100,16.67,rain,0,0,31.3,18.4,287.5,1003.2,73.7,10.4,116.4,10,4,30,2023-06-09T05:14:35,2023-06-09T18:37:08,0.68,"Rain, Partially cloudy",Partly cloudy throughout the day with a chance of rain throughout the day.,rain,"48820099999,48823099999,48825099999,48831099999,VVNB"
Hanoi,2023-06-10,36,27.7,31.7,46.1,32.6,38.7,25.2,70.4,0.1,100,4.17,rain,0,0,22.7,16.6,304.1,1001.3,47.2,9.6,284.8,24.5,9,30,2023-06-10T05:14:37,2023-06-10T18:37:28,0.72,"Rain, Partially cloudy",Partly cloudy throughout the day with afternoon rain.,rain,"48820099999,48823099999,48825099999,48831099999,VVNB"
Hanoi,2023-06-11,37,28,32,47.6,34.5,40.7,26.3,73.4,0.6,100,8.33,rain,0,0,20.9,20.5,106.3,1000.9,43.8,8.9,291.2,25.1,9,30,2023-06-11T05:14:40,2023-06-11T18:37:49,0.75,"Rain, Partially cloudy",Partly cloudy throughout the day with rain.,rain,"48820099999,48823099999,48825099999,48831099999,VVNB"
Hanoi,2023-06-12,34,28,30.4,45.8,32.7,38.6,26.5,80.1,0.695,100,4.17,rain,0,0,25.2,18.4,116.7,1001.5,63.9,9.4,234.7,20.3,8,30,2023-06-12T05:14:45,2023-06-12T18:38:08,0.79,"Rain, Partially cloudy",Partly cloudy throughout the day with late afternoon rain.,rain,"48820099999,48823099999,48825099999,48831099999,VVNB"
Hanoi,2023-06-13,34.1,25,29.4,43.5,25,34.7,25.5,81.2,0.284,100,4.17,rain,0,0,28.1,18.4,309.7,1001.9,66.4,9.5,157.1,13.7,7,30,2023-06-13T05:14:50,2023-06-13T18:38:27,0.82,"Rain, Partially cloudy",Partly cloudy throughout the day with late afternoon rain.,rain,"48820099999,48823099999,48825099999,48831099999,VVNB"
Hanoi,2023-06-14,29.8,25,27.3,36,25,30.1,24.9,87.3,27.077,100,8.33,rain,0,0,23,13,6,1004.5,87.1,9.4,163,14.1,6,30,2023-06-14T05:14:56,2023-06-14T18:38:46,0.86,"Rain, Partially cloudy",Partly cloudy throughout the day with rain.,rain,"48820099999,48823099999,48825099999,48831099999,VVNB"
Hanoi,2023-06-15,34,26,29.5,43.5,26,35,25.6,80.2,0.489,100,4.17,rain,0,0,30.2,13.9,133.2,1003.4,65.7,8.7,191,16.4,7,60,2023-06-15T05:15:03,2023-06-15T18:39:04,0.89,"Rain, Partially cloudy",Partly cloudy throughout the day with early morning rain.,rain,"48820099999,48823099999,48825099999,48831099999,VVNB"
Hanoi,2023-06-16,35,28,31.2,46.7,32.7,39.4,26.2,75.8,4.2,100,16.67,rain,0,0,29.9,20.5,113.4,1001.8,70.5,9.1,203.3,17.4,7,60,2023-06-16T05:15:11,2023-06-16T18:39:21,0.93,"Rain, Partially cloudy",Partly cloudy throughout the day with rain in the morning and afternoon.,rain,"48820099999,48823099999,48825099999,48831099999,VVNB"
Hanoi,2023-06-17,36.1,25,31,45.8,25,39.2,26.4,77.9,0.9,100,12.5,rain,0,0,25.6,24.1,118.7,1002.9,70.8,10.3,231.9,20.2,8,60,2023-06-17T05:15:20,2023-06-17T18:39:37,0.96,"Rain, Partially cloudy",Partly cloudy throughout the day with rain.,rain,"48820099999,48823099999,48825099999,48831099999,VVNB"
Hanoi,2023-06-18,33,25,28.4,43.8,25,33.2,25.4,84.3,15.895,100,8.33,rain,0,0,24.8,18.5,113.6,1004,83.2,9.7,191.8,16.6,7,75,2023-06-18T05:15:30,2023-06-18T18:39:53,0,"Rain, Partially cloudy",Partly cloudy throughout the day with rain.,rain,"48820099999,48823099999,48825099999,48831099999,VVNB"
Hanoi,2023-06-19,31.1,27,28.8,40.6,30.1,35.8,26.4,87,0.2,100,8.33,rain,0,0,25.6,13,80.5,1003.4,70.4,9.3,172.2,14.7,8,60,2023-06-19T05:15:40,2023-06-19T18:40:08,0.03,"Rain, Partially cloudy",Partly cloudy throughout the day with afternoon rain.,rain,"48820099999,48823099999,48825099999,48831099999,VVNB"
Hanoi,2023-06-20,36,26,30.4,45.3,26,37.6,26,79.2,6.583,100,4.17,rain,0,0,51.8,22.3,94,1003.2,58.9,9.2,221.4,19.1,8,75,2023-06-20T05:15:52,2023-06-20T18:40:23,0.07,"Rain, Partially cloudy",Partly cloudy throughout the day with late afternoon rain.,rain,"48820099999,48823099999,48825099999,48831099999,VVNB"
Hanoi,2023-06-21,35.1,25,28.7,45.8,25,33.8,25.4,83.1,18.766,100,4.17,rain,0,0,20.5,37.1,86.1,1004.3,80,9.4,225.5,19.3,8,75,2023-06-21T05:16:04,2023-06-21T18:40:36,0.1,"Rain, Partially cloudy",Partly cloudy throughout the day with late afternoon rain.,rain,"48820099999,48823099999,48825099999,48831099999,VVNB"
Hanoi,2023-06-22,33.9,26,30,45.3,26,37.3,26.3,81.2,17.685,100,4.17,rain,0,0,23.4,9.4,67.1,1003.4,68.4,9.5,190.3,16.4,7,60,2023-06-22T05:16:17,2023-06-22T18:40:49,0.13,"Rain, Partially cloudy",Partly cloudy throughout the day with late afternoon rain.,rain,"48820099999,48823099999,48825099999,48831099999,VVNB"
Hanoi,2023-06-23,30.8,24.7,27.7,40.4,24.7,31.5,24.7,84,1.221,100,8.33,rain,0,0,29.2,20.5,63.6,1003.9,74.2,10,128.4,11.1,5,60,2023-06-23T05:16:31,2023-06-23T18:41:01,0.16,"Rain, Partially cloudy",Partly cloudy throughout the day with rain.,rain,"48820099999,48823099999,48825099999,48831099999,VVNB"
Hanoi,2023-06-24,28.8,25,26.5,34.7,25,28.5,25.2,93.1,40.441,100,12.5,rain,0,0,22.7,11.2,85.4,1003.7,90.7,7.9,42.5,3.6,2,10,2023-06-24T05:16:45,2023-06-24T18:41:12,0.2,"Rain, Overcast",Cloudy skies throughout the day with rain.,rain,"48820099999,48823099999,48825099999,48831099999,VVNB"
Hanoi,2023-06-25,27.9,25,26.1,32.6,25,27.5,24.8,92.3,29.685,100,12.5,rain,0,0,18.7,11.2,339.8,1005.3,90.1,9.1,40.6,3.5,2,10,2023-06-25T05:17:00,2023-06-25T18:41:22,0.23,"Rain, Overcast",Cloudy skies throughout the day with a chance of rain throughout the day.,rain,"48820099999,48823099999,48825099999,48831099999,VVNB"
Hanoi,2023-06-26,30,25,27.4,36.2,25,30.4,25,87.2,14.031,100,12.5,rain,0,0,19.8,18.4,104.8,1006.3,77,9.4,69.2,5.7,2,10,2023-06-26T05:17:16,2023-06-26T18:41:32,0.25,"Rain, Partially cloudy",Partly cloudy throughout the day with rain.,rain,"48820099999,48823099999,48825099999,48831099999,VVNB"
Hanoi,2023-06-27,30,26,27.8,36.5,26,31.9,25.4,87.1,0.1,100,8.33,rain,0,0,24.8,22.3,109.2,1007.2,85.1,9.3,106.8,9.4,4,60,2023-06-27T05:17:32,2023-06-27T18:41:40,0.29,"Rain, Partially cloudy",Partly cloudy throughout the day with rain.,rain,"48820099999,48823099999,48825099999,48831099999,VVNB"
Hanoi,2023-06-28,34,26,29.6,43.6,26,35.7,25.9,81.1,6.504,100,12.5,rain,0,0,33.1,20.5,131.8,1007.4,67.8,9.8,249.3,21.7,9,60,2023-06-28T05:17:49,2023-06-28T18:41:48,0.33,"Rain, Partially cloudy",Partly cloudy throughout the day with rain.,rain,"48820099999,48823099999,48825099999,48831099999,VVNB"
Hanoi,2023-06-29,36,28,31.2,46.3,34.5,39.8,26.6,77.8,0.2,100,8.33,rain,0,0,31.3,24.1,135.1,1004.3,60.7,11,277.3,24,9,60,2023-06-29T05:18:06,2023-06-29T18:41:54,0.36,"Rain, Partially cloudy",Partly cloudy throughout the day with rain in the morning and afternoon.,rain,"48820099999,48823099999,48825099999,48831099999,VVNB"
Hanoi,2023-06-30,36.9,29,31.9,50.2,36.8,43,27.6,79.1,0,0,0,,0,0,26.6,20.5,113.5,1001.8,81.6,10.7,274.8,23.8,9,75,2023-06-30T05:18:24,2023-06-30T18:42:00,0.39,Partially cloudy,Partly cloudy throughout the day.,partly-cloudy-day,"48823099999,48820099999,48825099999,48831099999,VVNB"
Hanoi,2023-07-01,37,28,32,51.6,34.5,42.6,27.4,77.8,0.393,100,4.17,rain,0,0,30.6,18.4,108.2,1001.9,75.2,9.9,249.2,21.6,8,75,2023-07-01T05:18:43,2023-07-01T18:42:04,0.43,"Rain, Partially cloudy",Partly cloudy throughout the day with late afternoon rain.,rain,"48820099999,48823099999,48825099999,48831099999,VVNB"
Hanoi,2023-07-02,36.8,28,30.9,47.6,31.3,39.6,26.4,77.6,0.098,100,4.17,rain,0,0,27,18.4,103.3,1003,66.6,10.9,266.7,23.2,9,60,2023-07-02T05:19:02,2023-07-02T18:42:08,0.46,"Rain, Partially cloudy",Partly cloudy throughout the day with late afternoon rain.,rain,"48820099999,48823099999,48825099999,48831099999,VVNB"
Hanoi,2023-07-03,34.5,27,30.7,45.8,29.6,39.9,26.9,81,1.965,100,4.17,rain,0,0,24.8,22.3,103.5,1003.6,81.1,10,172.5,14.9,5,60,2023-07-03T05:19:22,2023-07-03T18:42:11,0.5,"Rain, Partially cloudy",Partly cloudy throughout the day with late afternoon rain.,rain,"48820099999,48823099999,48825099999,48831099999,VVNB"
Hanoi,2023-07-04,35.3,27,30.5,46.7,30.6,38,26,77.7,2.7,100,37.5,rain,0,0,25.9,22.3,90.3,1004.1,65.7,10.6,258.7,22.4,8,60,2023-07-04T05:19:42,2023-07-04T18:42:12,0.53,"Rain, Partially cloudy",Partly cloudy throughout the day with a chance of rain throughout the day.,rain,"48820099999,48823099999,48825099999,48831099999,VVNB"
Hanoi,2023-07-05,35.4,26,29.7,45.3,26,36.5,26.2,82.8,2.456,100,4.17,rain,0,0,25.2,22.3,111.5,1004.5,62.9,9.9,257.9,22.1,9,30,2023-07-05T05:20:02,2023-07-05T18:42:13,0.56,"Rain, Partially cloudy",Partly cloudy throughout the day with late afternoon rain.,rain,"48820099999,48823099999,48825099999,48831099999,VVNB"
Hanoi,2023-07-06,36.5,27.8,31.7,46.3,33.3,39.7,26.1,74.1,0.197,100,4.17,rain,0,0,35.3,24.1,133.9,1004.7,31.5,10.6,295.9,25.5,9,75,2023-07-06T05:20:23,2023-07-06T18:42:12,0.6,"Rain, Partially cloudy",Partly cloudy throughout the day with late afternoon rain.,rain,"48820099999,48823099999,48825099999,48831099999,VVNB"
Hanoi,2023-07-07,37.3,28,32.3,46.7,33.6,40.9,26.1,71.4,0,0,0,,0,0,30.6,25.9,135.9,1004.8,29.9,11.3,299.3,26,9,75,2023-07-07T05:20:44,2023-07-07T18:42:10,0.63,Partially cloudy,Partly cloudy throughout the day.,partly-cloudy-day,"48820099999,48823099999,48825099999,48831099999,VVNB"
Hanoi,2023-07-08,34.9,25,30.1,47.9,25,37.5,26.2,79.9,0.098,100,4.17,rain,0,0,31.7,22.3,129.8,1006.5,62.3,9.9,280.2,24.3,9,75,2023-07-08T05:21:06,2023-07-08T18:42:08,0.67,"Rain, Partially cloudy",Partly cloudy throughout the day with late afternoon rain.,rain,"48820099999,48823099999,48825099999,48831099999,VVNB"
Hanoi,2023-07-09,34.5,26,30,43.7,26,35.5,25,75.7,0.098,100,4.17,rain,0,0,25.6,18.4,126.2,1007.1,66.1,10,233.6,20.2,8,60,2023-07-09T05:21:27,2023-07-09T18:42:04,0.7,"Rain, Partially cloudy",Partly cloudy throughout the day with late afternoon rain.,rain,"48820099999,48823099999,48825099999,48831099999,VVNB"
Hanoi,2023-07-10,36,27,31,48.1,30.1,37.9,25.3,72.7,15.529,100,8.33,rain,0,0,46.4,25.9,125.7,1006.1,60.5,11.2,270.1,23.6,9,60,2023-07-10T05:21:50,2023-07-10T18:41:59,0.75,"Rain, Partially cloudy",Partly cloudy throughout the day with rain.,rain,"48820099999,48823099999,48825099999,48831099999,VVNB"
Hanoi,2023-07-11,37,27,31.5,46,31.2,39.2,25.8,73,5.6,100,4.17,rain,0,0,29.9,27.7,133.8,1005,43.5,11.5,288.5,25.1,9,60,2023-07-11T05:22:12,2023-07-11T18:41:53,0.77,"Rain, Partially cloudy",Partly cloudy throughout the day with late afternoon rain.,rain,"48820099999,48823099999,48825099999,48831099999,VVNB"
Hanoi,2023-07-12,37,27,32,44.7,29.6,39.1,25.2,69.6,0,0,0,,0,0,34.6,31.7,143.8,1004.4,33.6,11.3,295.3,25.6,9,75,2023-07-12T05:22:35,2023-07-12T18:41:46,0.81,Partially cloudy,Partly cloudy throughout the day.,partly-cloudy-day,"48820099999,48823099999,48825099999,48831099999,VVNB"
Hanoi,2023-07-13,36.1,25,30.8,44.7,25,36.3,24.9,72.9,1.277,100,4.17,rain,0,0,27.7,20.5,104.1,1003.5,46.2,10.9,299.9,26.1,9,15,2023-07-13T05:22:57,2023-07-13T18:41:38,0.84,"Rain, Partially cloudy",Partly cloudy throughout the day with late afternoon rain.,rain,"48820099999,48823099999,48825099999,48831099999,VVNB"
Hanoi,2023-07-14,35.3,27.2,30.7,45.8,31,38.8,26.2,77.6,0.175,100,4.17,rain,0,0,22.7,25.9,89.5,1002.9,66.5,11.3,256.4,22.1,8,60,2023-07-14T05:23:20,2023-07-14T18:41:29,0.88,"Rain, Partially cloudy",Partly cloudy throughout the day with late afternoon rain.,rain,"48820099999,48823099999,48825099999,48831099999,VVNB"
Hanoi,2023-07-15,34,27,30.6,43.8,31.1,38,25.9,77,0.175,100,4.17,rain,0,0,29.2,18.4,315.5,1002.2,55.5,10.7,225,19.5,8,60,2023-07-15T05:23:43,2023-07-15T18:41:18,0.91,"Rain, Partially cloudy",Partly cloudy throughout the day with early morning rain.,rain,"48820099999,48823099999,48825099999,48831099999,VVNB"
Hanoi,2023-07-16,36,28,31.9,46.3,33.6,39.8,25.7,70.8,0.002,100,4.17,rain,0,0,36,13,298.8,1000.1,77.8,9.9,272.4,23.6,9,30,2023-07-16T05:24:07,2023-07-16T18:41:07,0.95,"Rain, Partially cloudy",Partly cloudy throughout the day with late afternoon rain.,rain,"48820099999,48823099999,48825099999,48831099999,VVNB"
Hanoi,2023-07-17,38,29,33.2,43.8,35.6,39.3,23.7,60.3,0.1,100,4.17,rain,0,0,39.6,16.6,319.7,997.8,72.5,9.7,241.8,21,8,10,2023-07-17T05:24:30,2023-07-17T18:40:54,0.98,"Rain, Partially cloudy",Partly cloudy throughout the day with morning rain.,rain,"48820099999,48823099999,48825099999,48831099999,VVNB"
Hanoi,2023-07-18,32,25,28.4,39.7,25,31.1,23,73.7,2.653,100,4.17,rain,0,0,39.2,24.1,304.5,998.2,92.6,10,77.5,6.7,3,10,2023-07-18T05:24:54,2023-07-18T18:40:40,0,"Rain, Overcast",Cloudy skies throughout the day with late afternoon rain.,rain,"48820099999,48823099999,48825099999,48831099999,VVNB"
Hanoi,2023-07-19,29,24.7,26.4,34.5,24.7,28.4,24.4,89,14.591,100,16.67,rain,0,0,22,13,81.4,1003.6,91.5,8.8,113.8,9.9,4,30,2023-07-19T05:25:17,2023-07-19T18:40:25,0.05,"Rain, Overcast",Cloudy skies throughout the day with a chance of rain throughout the day.,rain,"48820099999,48823099999,48825099999,48831099999,VVNB"
Hanoi,2023-07-20,29,26,27.5,35.8,26,31.8,25.5,88.9,7.175,100,12.5,rain,0,0,22.7,9.4,45.7,1006.3,56.4,8.9,87.7,7.6,5,30,2023-07-20T05:25:41,2023-07-20T18:40:09,0.08,"Rain, Partially cloudy",Partly cloudy throughout the day with rain.,rain,"48820099999,48823099999,48825099999,48831099999,VVNB"
Hanoi,2023-07-21,33.1,26,29.2,40.7,26,34.7,25.6,81.6,4.8,100,33.33,rain,0,0,19.8,9.4,34.3,1008.6,63.6,9.5,146.7,12.7,6,60,2023-07-21T05:26:04,2023-07-21T18:39:52,0.11,"Rain, Partially cloudy",Partly cloudy throughout the day with a chance of rain throughout the day.,rain,"48820099999,48823099999,48825099999,48831099999,VVNB"
Hanoi,2023-07-22,35,27,30.9,42,31.2,37.5,25.3,73.7,0.007,100,4.17,rain,0,0,23,16.6,131.2,1009.3,56.2,10.7,267.7,23.2,9,60,2023-07-22T05:26:28,2023-07-22T18:39:33,0.15,"Rain, Partially cloudy",Partly cloudy throughout the day with morning rain.,rain,"48820099999,48823099999,48825099999,48831099999,VVNB"
Hanoi,2023-07-23,36,27,31.7,43.2,31.2,38.4,25,69.6,0,0,0,,0,0,25.2,16.6,137.6,1007.8,24.3,12.2,282.3,24.4,9,30,2023-07-23T05:26:52,2023-07-23T18:39:14,0.18,Partially cloudy,Partly cloudy throughout the day.,partly-cloudy-day,"48820099999,48823099999,48825099999,48831099999,VVNB"
Hanoi,2023-07-24,35.4,27,31.7,43.3,31.2,38.5,25.1,69.7,0,0,0,,0,0,23.4,14.8,139.2,1006.1,38.3,11.8,289,24.9,9,30,2023-07-24T05:27:15,2023-07-24T18:38:53,0.21,Partially cloudy,Partly cloudy throughout the day.,partly-cloudy-day,"48820099999,48823099999,48825099999,48831099999,VVNB"
Hanoi,2023-07-25,37,28,32,43.2,33.5,38.5,24.8,67.9,0,0,0,,0,0,23.4,14.8,124,1005.4,51.4,10.7,266.3,23,8,30,2023-07-25T05:27:39,2023-07-25T18:38:32,0.25,Partially cloudy,Partly cloudy throughout the day.,partly-cloudy-day,"48820099999,48823099999,48825099999,48831099999,VVNB"
Hanoi,2023-07-26,37,27,32.1,46,31.2,39.3,25.3,68.7,0,0,0,,0,0,22,22.3,114.9,1003.6,49.2,12,304,26.3,10,30,2023-07-26T05:28:02,2023-07-26T18:38:09,0.25,Partially cloudy,Partly cloudy throughout the day.,partly-cloudy-day,"48820099999,48823099999,48825099999,48831099999,VVNB"
Hanoi,2023-07-27,37,28,32.3,47.6,33.6,40.9,26.1,71.1,2.4,100,8.33,rain,0,0,20.5,11.2,81.9,1000.2,46.7,11.8,285.2,24.6,9,30,2023-07-27T05:28:25,2023-07-27T18:37:45,0.31,"Rain, Partially cloudy",Partly cloudy throughout the day with late afternoon rain.,rain,"48820099999,48823099999,48825099999,48831099999,VVNB"
Hanoi,2023-07-28,31.1,28,29.3,39.1,32.7,35.6,25.5,80,0.098,100,4.17,rain,0,0,24.5,18.4,313.6,998.7,74.3,9.7,238.5,20.6,8,30,2023-07-28T05:28:48,2023-07-28T18:37:20,0.35,"Rain, Partially cloudy",Partly cloudy throughout the day with late afternoon rain.,rain,"48820099999,48823099999,48825099999,48831099999,VVNB"
Hanoi,2023-07-29,36,27,30.5,46.3,31.2,38.3,26.4,79.9,2.751,100,4.17,rain,0,0,23,11.2,328.7,1000,53.7,9,207.5,17.9,8,60,2023-07-29T05:29:11,2023-07-29T18:36:54,0.38,"Rain, Partially cloudy",Partly cloudy throughout the day with late afternoon rain.,rain,"48820099999,48823099999,48825099999,48831099999,VVNB"
Hanoi,2023-07-30,33,28,30.2,45.8,33.6,38.7,26.9,83,11.987,100,4.17,rain,0,0,23,16.6,95.1,1001.4,59.4,8.8,138,12,6,60,2023-07-30T05:29:34,2023-07-30T18:36:27,0.41,"Rain, Partially cloudy",Partly cloudy throughout the day with late afternoon rain.,rain,"48820099999,48823099999,48825099999,48831099999,VVNB"
Hanoi,2023-07-31,34.1,25,28.5,45.3,25,33.3,26,87,71.172,100,8.33,rain,0,0,23,35.3,102.3,1003,70.1,9.3,95.6,8.2,5,60,2023-07-31T05:29:57,2023-07-31T18:35:59,0.45,"Rain, Partially cloudy",Partly cloudy throughout the day with rain.,rain,"48820099999,48823099999,48825099999,48831099999,VVNB"
Hanoi,2023-08-01,33,26,28,42.1,26,32,25.6,87.5,3.697,100,12.5,rain,0,0,30.2,14.8,86.3,1002.9,83.1,7.6,85.3,7.4,5,30,2023-08-01T05:30:20,2023-08-01T18:35:30,0.48,"Rain, Partially cloudy",Partly cloudy throughout the day with rain.,rain,"48820099999,48823099999,48825099999,48831099999,VVNB"
Hanoi,2023-08-02,33,27,28.8,42.1,30.6,34.6,25.8,84.7,4.769,100,8.33,rain,0,0,21.6,20.5,64.8,1001.9,73,9,141.7,12.2,6,30,2023-08-02T05:30:42,2023-08-02T18:35:00,0.5,"Rain, Partially cloudy",Partly cloudy throughout the day with rain.,rain,"48820099999,48823099999,48825099999,48831099999,VVNB"
Hanoi,2023-08-03,33.7,27,28.5,41.1,30.6,34,25.9,86.6,12.941,100,12.5,rain,0,0,22.3,20.5,342.2,1001.2,59.9,8.9,118.5,10.3,5,30,2023-08-03T05:31:04,2023-08-03T18:34:28,0.55,"Rain, Partially cloudy",Partly cloudy throughout the day with rain.,rain,"48820099999,48823099999,48825099999,48831099999,VVNB"
Hanoi,2023-08-04,28,25,26.7,33.8,25,29.4,25.7,94.6,25.218,100,12.5,rain,0,0,17.3,20.5,277.3,1002,89.3,8,48.9,4.2,3,30,2023-08-04T05:31:26,2023-08-04T18:33:56,0.58,"Rain, Partially cloudy",Partly cloudy throughout the day with rain.,rain,"48820099999,48823099999,48825099999,48831099999,VVNB"
Hanoi,2023-08-05,30,26,27.4,36.4,26,31,25.7,90.2,55.223,100,12.5,rain,0,0,30.2,11.2,230.9,1001.3,86.3,9.5,125,10.7,6,10,2023-08-05T05:31:48,2023-08-05T18:33:23,0.62,"Rain, Partially cloudy",Partly cloudy throughout the day with rain.,rain,"48820099999,48823099999,48825099999,48831099999,VVNB"
Hanoi,2023-08-06,31.5,26,28.2,39.7,26,32.6,25.6,86.5,4.5,100,33.33,rain,0,0,31.3,9.4,92.3,998.7,73.7,8.6,113.4,9.7,4,10,2023-08-06T05:32:10,2023-08-06T18:32:49,0.65,"Rain, Partially cloudy",Partly cloudy throughout the day with rain in the morning and afternoon.,rain,"48820099999,48823099999,48825099999,48831099999,VVNB"
Hanoi,2023-08-07,31,26,28.6,37.7,26,33.6,25.5,83.8,4.2,100,29.17,rain,0,0,23.4,10,92.8,998.3,69.7,9.2,133.4,11.7,5,30,2023-08-07T05:32:31,2023-08-07T18:32:13,0.69,"Rain, Partially cloudy",Partly cloudy throughout the day with rain.,rain,"48820099999,48823099999,48825099999,48831099999,VVNB"
Hanoi,2023-08-08,33.6,27,29.1,40.7,30.9,34.8,25.6,82.7,1.3,100,16.67,rain,0,0,28.1,22.3,67.2,1000.2,62.9,10.4,237.5,20.5,9,30,2023-08-08T05:32:52,2023-08-08T18:31:37,0.75,"Rain, Partially cloudy",Partly cloudy throughout the day with rain in the morning and afternoon.,rain,"48820099999,48823099999,48825099999,48831099999,VVNB"
Hanoi,2023-08-09,35,27,30.4,44.9,31.2,37.6,26,78.5,4.8,100,16.67,rain,0,0,27.7,11.2,71.4,1002.2,57.6,11,233.7,19.9,8,60,2023-08-09T05:33:13,2023-08-09T18:31:00,0.75,"Rain, Partially cloudy",Partly cloudy throughout the day with rain.,rain,"48820099999,48823099999,48825099999,48831099999,VVNB"
Hanoi,2023-08-10,32.1,28,29,40.6,33.6,36.6,26.9,88.5,5,100,4.17,rain,0,0,18.7,16.6,33,1003.4,66.4,8.6,157.5,13.6,6,30,2023-08-10T05:33:34,2023-08-10T18:30:22,0.79,"Rain, Partially cloudy",Partly cloudy throughout the day with late afternoon rain.,rain,"48820099999,48823099999,48825099999,48831099999,VVNB"
Hanoi,2023-08-11,32,26,27.7,42.3,26,32.6,26.4,93,78.857,100,8.33,rain,0,0,22.3,11.6,81.3,1002.2,71.7,6.8,119.9,10.3,5,30,2023-08-11T05:33:54,2023-08-11T18:29:44,0.82,"Rain, Partially cloudy",Partly cloudy throughout the day with rain.,rain,"48820099999,48823099999,48825099999,48831099999,VVNB"
Hanoi,2023-08-12,33,26,28.3,42.1,26,32.1,25.3,84.6,6.19,100,4.17,rain,0,0,24.1,25.9,298.5,1001.8,69.4,9,211.6,18.3,8,60,2023-08-12T05:34:15,2023-08-12T18:29:04,0.86,"Rain, Partially cloudy",Partly cloudy throughout the day with late afternoon rain.,rain,"48820099999,48823099999,48825099999,48831099999,VVNB"
Hanoi,2023-08-13,34.9,26,29.8,43.5,26,35.3,25.5,78.8,3,100,25,rain,0,0,18.7,16.6,101.7,1002.1,53.5,8.8,239.9,20.7,8,30,2023-08-13T05:34:35,2023-08-13T18:28:23,0.89,"Rain, Partially cloudy",Partly cloudy throughout the day with a chance of rain throughout the day.,rain,"48820099999,48823099999,48825099999,48831099999,VVNB"
Hanoi,2023-08-14,35,23,29.3,44.9,23,34.9,25.3,80.6,1.766,100,4.17,rain,0,0,17.6,16.6,102.8,1002.6,59.1,9.2,192.5,16.6,8,75,2023-08-14T05:34:54,2023-08-14T18:27:42,0.93,"Rain, Partially cloudy",Partly cloudy throughout the day with late afternoon rain.,rain,"48820099999,48823099999,48825099999,48831099999,VVNB"
Hanoi,2023-08-15,32.7,25,28.4,40.7,25,33.1,25.3,83.8,10.916,100,8.33,rain,0,0,16.2,14.8,340.9,1004.4,56.4,8.9,101.9,8.9,6,60,2023-08-15T05:35:14,2023-08-15T18:27:00,0.96,"Rain, Partially cloudy",Partly cloudy throughout the day with rain.,rain,"48820099999,48823099999,48825099999,48831099999,VVNB"
Hanoi,2023-08-16,33.9,27,29.4,43.8,31.2,36.8,26.6,85.9,0.393,100,4.17,rain,0,0,25.6,14.8,82,1005.2,69.1,8.1,181.6,15.7,6,60,2023-08-16T05:35:33,2023-08-16T18:26:17,0,"Rain, Partially cloudy",Partly cloudy throughout the day with late afternoon rain.,rain,"48820099999,48823099999,48825099999,48831099999,VVNB"
Hanoi,2023-08-17,36.9,27,31.7,46.7,31.8,40.9,26.9,77.6,0.2,100,8.33,rain,0,0,23,13.9,95.1,1004.5,53.6,9.6,240.8,20.9,9,75,2023-08-17T05:35:52,2023-08-17T18:25:33,0.03,"Rain, Partially cloudy",Partly cloudy throughout the day with rain in the morning and afternoon.,rain,"48820099999,48823099999,48825099999,48831099999,VVNB"
Hanoi,2023-08-18,34.3,28,30.7,42.6,34.5,39.1,26.5,79.1,7,100,4.17,rain,0,0,20.5,11.2,32.4,1003.5,56,10.3,227.1,19.6,8,75,2023-08-18T05:36:10,2023-08-18T18:24:48,0.06,"Rain, Partially cloudy",Partly cloudy throughout the day with late afternoon rain.,rain,"48820099999,48823099999,48825099999,48831099999,VVNB"
Hanoi,2023-08-19,31.5,26,29.3,42.8,26,37.6,27.3,88.9,1.038,100,12.5,rain,0,0,18,11.2,31.4,1004.4,56.3,8.6,146.2,12.5,6,75,2023-08-19T05:36:29,2023-08-19T18:24:03,0.1,"Rain, Partially cloudy",Partly cloudy throughout the day with rain.,rain,"48820099999,48823099999,48825099999,48831099999,VVNB"
Hanoi,2023-08-20,29,25,26.8,36.8,25,29.5,25.6,93.5,46.064,100,8.33,rain,0,0,19.1,25.9,65.7,1005.6,75.3,7.4,102,8.9,6,30,2023-08-20T05:36:47,2023-08-20T18:23:17,0.13,"Rain, Partially cloudy",Partly cloudy throughout the day with rain.,rain,"48820099999,48823099999,48825099999,48831099999,VVNB"
Hanoi,2023-08-21,33,25,28.9,42.1,25,34.2,25.7,84,2.5,100,25,rain,0,0,23.4,13,106,1006.2,70.5,8.5,219.9,19.1,7,75,2023-08-21T05:37:05,2023-08-21T18:22:30,0.16,"Rain, Partially cloudy",Partly cloudy throughout the day with rain in the morning and afternoon.,rain,"48820099999,48823099999,48825099999,48831099999,VVNB"
Hanoi,2023-08-22,34,27,30.4,45.3,31.8,38.9,26.8,82.1,0.6,100,16.67,rain,0,0,22,11.2,107.8,1004.5,51,10,233.5,20.3,8,60,2023-08-22T05:37:22,2023-08-22T18:21:43,0.2,"Rain, Partially cloudy",Partly cloudy throughout the day with rain in the morning and afternoon.,rain,"48820099999,48823099999,48825099999,48831099999,VVNB"
Hanoi,2023-08-23,36,26,30.8,48.1,26,38.9,26.5,78.8,5.2,100,25,rain,0,0,27,27.7,70.4,1002.8,61.3,9.7,184.6,16,6,75,2023-08-23T05:37:40,2023-08-23T18:20:54,0.23,"Rain, Partially cloudy",Partly cloudy throughout the day with a chance of rain throughout the day.,rain,"48820099999,48823099999,48825099999,48831099999,VVNB"
Hanoi,2023-08-24,33,25,28.1,42.1,25,32.1,25,84.2,16.3,100,70.83,rain,0,0,21.2,18.4,75.8,1004.4,70.2,9.7,144,12.5,7,60,2023-08-24T05:37:57,2023-08-24T18:20:06,0.25,"Rain, Partially cloudy",Partly cloudy throughout the day with a chance of rain throughout the day.,rain,"48820099999,48823099999,48825099999,48831099999,VVNB"
Hanoi,2023-08-25,33,25,29.1,43.8,25,34.9,26.1,84.5,0.535,100,12.5,rain,0,0,22.3,20.5,116.5,1004.8,72,10,178.5,15.2,8,60,2023-08-25T05:38:14,2023-08-25T18:19:16,0.3,"Rain, Partially cloudy",Partly cloudy throughout the day with rain.,rain,"48820099999,48823099999,48825099999,48831099999,VVNB"
Hanoi,2023-08-26,34,24,28.8,45.3,24,34.6,26,85.7,2.063,100,4.17,rain,0,0,27.4,16.6,97.4,1002.8,77,10.3,194.9,16.9,7,60,2023-08-26T05:38:31,2023-08-26T18:18:26,0.33,"Rain, Partially cloudy",Partly cloudy throughout the day with late afternoon rain.,rain,"48820099999,48823099999,48825099999,48831099999,VVNB"
Hanoi,2023-08-27,35.2,27,30.8,45.3,31,38.8,26.4,79.1,17.685,100,4.17,rain,0,0,24.5,13,80.3,1000.1,60.3,11.2,237.1,20.4,9,60,2023-08-27T05:38:47,2023-08-27T18:17:36,0.37,"Rain, Partially cloudy",Partly cloudy throughout the day with late afternoon rain.,rain,"48820099999,48823099999,48825099999,48831099999,VVNB"
Hanoi,2023-08-28,31.9,24,28.1,38.9,24,32.5,25.2,85.3,12.82,100,12.5,rain,0,0,28.4,33.5,322.9,1002.3,88.3,10.4,129.7,11.2,5,30,2023-08-28T05:39:04,2023-08-28T18:16:45,0.4,"Rain, Partially cloudy",Partly cloudy throughout the day with rain.,rain,"48820099999,48823099999,48825099999,48831099999,VVNB"
Hanoi,2023-08-29,31.7,27,28.9,35.5,29.6,32.9,23.6,74.1,0,0,0,,0,0,31.3,18.4,32.8,1004.5,73,10.6,239.5,20.7,8,10,2023-08-29T05:39:20,2023-08-29T18:15:53,0.44,Partially cloudy,Partly cloudy throughout the day.,partly-cloudy-day,"48820099999,48823099999,48825099999,48831099999,VVNB"
Hanoi,2023-08-30,34,26,29.8,36.1,26,32.2,21.3,61.9,0,0,0,,0,0,32.8,14.8,20,1006.8,47.2,10.1,252.9,21.8,8,10,2023-08-30T05:39:36,2023-08-30T18:15:01,0.47,Partially cloudy,Becoming cloudy in the afternoon.,partly-cloudy-day,"48820099999,48823099999,48825099999,48831099999,VVNB"
Hanoi,2023-08-31,34.8,25,29.7,36.5,25,31.3,20.9,62.1,0,0,0,,0,0,25.9,20.5,1.2,1006.3,12.7,11.4,258,22.2,9,10,2023-08-31T05:39:51,2023-08-31T18:14:09,0.5,Clear,Clear conditions throughout the day.,clear-day,"48820099999,48823099999,48825099999,48831099999,VVNB"
Hanoi,2023-09-01,35,25,30.3,39.5,25,33.5,22.5,65.3,0,0,0,,0,0,28.4,16.6,317.1,1005.3,23.4,11.3,236.7,20.5,8,10,2023-09-01T05:40:07,2023-09-01T18:13:16,0.54,Partially cloudy,Partly cloudy throughout the day.,partly-cloudy-day,"48820099999,48823099999,48825099999,48831099999,VVNB"
Hanoi,2023-09-02,36.3,27,31.5,40.8,30.6,36.3,23.3,63.8,0,0,0,,0,0,37.1,14.8,323.2,1003,43.1,9.7,252.2,21.9,9,10,2023-09-02T05:40:22,2023-09-02T18:12:22,0.57,Partially cloudy,Partly cloudy throughout the day.,partly-cloudy-day,"48820099999,48823099999,48825099999,48831099999,VVNB"
Hanoi,2023-09-03,31.3,26,28.5,35.6,26,31.3,23.2,74.2,0.098,100,4.17,rain,0,0,34.9,18.4,40.7,1002.8,86.7,9.9,56.7,4.9,2,10,2023-09-03T05:40:37,2023-09-03T18:11:28,0.6,"Rain, Partially cloudy",Partly cloudy throughout the day with late afternoon rain.,rain,"48820099999,48823099999,48825099999,48831099999,VVNB"
Hanoi,2023-09-04,28,23,25.6,31.9,23,26.7,23.4,87.8,13.681,100,12.5,rain,0,0,33.8,16.6,326,1005.5,98.3,9.1,63.4,5.5,4,10,2023-09-04T05:40:53,2023-09-04T18:10:34,0.64,"Rain, Overcast",Cloudy skies throughout the day with rain.,rain,"48820099999,48823099999,48825099999,48831099999,VVNB"
Hanoi,2023-09-05,35,26,29.3,43.3,26,33.2,24.5,77.1,0.012,100,4.17,rain,0,0,27,13,321,1006.1,54.1,9.5,181.3,15.7,8,30,2023-09-05T05:41:07,2023-09-05T18:09:39,0.67,"Rain, Partially cloudy",Partly cloudy throughout the day with late afternoon rain.,rain,"48820099999,48823099999,48825099999,48831099999,VVNB"
Hanoi,2023-09-06,36,26.7,30.8,44.7,26.7,36.5,24.8,72.2,0.2,100,8.33,rain,0,0,26.6,14.8,346.9,1006.6,37.1,10,236.7,20.4,8,30,2023-09-06T05:41:22,2023-09-06T18:08:45,0.7,"Rain, Partially cloudy",Partly cloudy throughout the day with afternoon rain.,rain,"48820099999,48823099999,48825099999,48831099999,VVNB"
Hanoi,2023-09-07,36,27,31,44.9,30.1,37.6,25.2,72.5,0.014,100,4.17,rain,0,0,25.6,20.5,341.3,1006.4,53.2,10.9,247.1,21.4,9,30,2023-09-07T05:41:37,2023-09-07T18:07:49,0.75,"Rain, Partially cloudy",Partly cloudy throughout the day with early morning rain.,rain,"48820099999,48823099999,48825099999,48831099999,VVNB"
Hanoi,2023-09-08,34,25,28.8,42,25,33.2,25.1,81.3,35.869,100,4.17,rain,0,0,28.4,25.9,341.2,1006.4,71.2,9.5,204.1,17.8,9,30,2023-09-08T05:41:52,2023-09-08T18:06:54,0.77,"Rain, Partially cloudy",Partly cloudy throughout the day with late afternoon rain.,rain,"48820099999,48823099999,48825099999,48831099999,VVNB"
Hanoi,2023-09-09,33,27,29.1,42.1,30.6,35.3,25.8,83.1,0.942,100,4.17,rain,0,0,26.6,14.8,280.8,1005,74.3,9.1,176.1,15.2,7,30,2023-09-09T05:42:06,2023-09-09T18:05:58,0.8,"Rain, Partially cloudy",Partly cloudy throughout the day with afternoon rain.,rain,"48820099999,48823099999,48825099999,48831099999,VVNB"
Hanoi,2023-09-10,33.2,26.7,29.3,42.1,30.4,35.4,25.8,82.3,14.738,100,8.33,rain,0,0,23.8,11.2,13.6,1004.1,60.4,8.7,182.8,15.8,7,60,2023-09-10T05:42:21,2023-09-10T18:05:02,0.84,"Rain, Partially cloudy",Partly cloudy throughout the day with rain.,rain,"48820099999,48823099999,48825099999,48831099999,VVNB"
Hanoi,2023-09-11,34,26,28.7,43.5,26,34.4,26,86.5,0.016,100,4.17,rain,0,0,21.6,11.2,72.4,1003,58.6,8.3,132.6,11.5,6,75,2023-09-11T05:42:35,2023-09-11T18:04:06,0.87,"Rain, Partially cloudy",Partly cloudy throughout the day with early morning rain.,rain,"48820099999,48823099999,48825099999,48831099999,VVNB"
Hanoi,2023-09-12,30.3,27,28.4,40,31.2,34.3,26.1,88,0.005,100,4.17,rain,0,0,19.8,11.2,57.5,1003.5,64.1,6.8,50.6,4.3,2,60,2023-09-12T05:42:49,2023-09-12T18:03:09,0.9,"Rain, Partially cloudy",Partly cloudy throughout the day with early morning rain.,rain,"48820099999,48823099999,48825099999,48831099999,VVNB"
Hanoi,2023-09-13,28,24,25.9,33.8,24,27.3,24.3,90.9,10.993,100,12.5,rain,0,0,35.3,20.5,312.3,1005.6,89.1,8.9,47.1,4.1,2,10,2023-09-13T05:43:04,2023-09-13T18:02:12,0.94,"Rain, Partially cloudy",Partly cloudy throughout the day with rain.,rain,"48820099999,48823099999,48825099999,48831099999,VVNB"
Hanoi,2023-09-14,25,24,24.3,25,24,24.3,23.3,94.4,65.248,100,16.67,rain,0,0,31,14.8,318.2,1007.4,93.7,7.4,25.8,2,1,10,2023-09-14T05:43:18,2023-09-14T18:01:16,0.97,"Rain, Overcast",Cloudy skies throughout the day with a chance of rain throughout the day.,rain,"48820099999,48823099999,48825099999,48831099999,VVNB"
Hanoi,2023-09-15,28,24,25.9,31.3,24,27.1,23.4,86.5,2.935,100,12.5,rain,0,0,24.1,14.8,324.4,1008.7,79.8,9.3,62.4,5.5,3,10,2023-09-15T05:43:32,2023-09-15T18:00:19,0,"Rain, Partially cloudy",Partly cloudy throughout the day with a chance of rain throughout the day.,rain,"48820099999,48823099999,48825099999,48831099999,VVNB"
Hanoi,2023-09-16,31,25,27.2,36.5,25,29.4,24.3,84.9,0.262,100,8.33,rain,0,0,21.6,22.3,331,1009.4,69.2,9.3,70.4,6.2,2,10,2023-09-16T05:43:46,2023-09-16T17:59:22,0.04,"Rain, Partially cloudy",Partly cloudy throughout the day with rain.,rain,"48820099999,48823099999,48825099999,48831099999,VVNB"
Hanoi,2023-09-17,33,25,27.8,39.3,25,30.8,25,85.7,10.018,100,12.5,rain,0,0,23,18.4,19.4,1008.9,71,8.9,130.2,11.2,7,30,2023-09-17T05:44:01,2023-09-17T17:58:25,0.07,"Rain, Partially cloudy",Partly cloudy throughout the day with rain.,rain,"48820099999,48823099999,48825099999,48831099999,VVNB"
Hanoi,2023-09-18,32.1,25,28.1,39.1,25,32.1,25.4,86.1,2.994,100,12.5,rain,0,0,22,11.2,98.3,1009.3,57,8.4,145.9,12.7,6,60,2023-09-18T05:44:15,2023-09-18T17:57:27,0.11,"Rain, Partially cloudy",Partly cloudy throughout the day with rain.,rain,"48820099999,48823099999,48825099999,48831099999,VVNB"
Hanoi,2023-09-19,34,26,29.3,45.3,26,35.1,25.9,82.6,0.9,100,29.17,rain,0,0,22.7,20.5,120.3,1009.6,63,8.8,205.5,17.7,7,60,2023-09-19T05:44:29,2023-09-19T17:56:30,0.14,"Rain, Partially cloudy",Partly cloudy throughout the day with a chance of rain throughout the day.,rain,"48820099999,48823099999,48825099999,48831099999,VVNB"
Hanoi,2023-09-20,34,27,30.1,43.5,31,37,25.9,79.2,0.192,100,4.17,rain,0,0,25.2,18.4,123.1,1009.3,56.8,9.6,228.7,19.7,8,60,2023-09-20T05:44:44,2023-09-20T17:55:33,0.18,"Rain, Partially cloudy",Partly cloudy throughout the day with afternoon rain.,rain,"48823099999,48820099999,48825099999,48831099999,VVNB"
Hanoi,2023-09-21,35,27,30.4,41.9,31.2,36.9,25.5,76.4,1.3,100,25,rain,0,0,25.2,14.8,128.4,1009.7,39.8,11.2,211.5,18.2,8,60,2023-09-21T05:44:58,2023-09-21T17:54:36,0.21,"Rain, Partially cloudy",Partly cloudy throughout the day with rain.,rain,"48820099999,48823099999,48825099999,48831099999,VVNB"
Hanoi,2023-09-22,35,27,30.7,43.3,31.2,37.3,25.5,75.8,0.2,100,8.33,rain,0,0,21.6,16.6,117,1009.1,33.6,11.9,208,17.8,7,60,2023-09-22T05:45:13,2023-09-22T17:53:39,0.25,"Rain, Partially cloudy",Partly cloudy throughout the day with afternoon rain.,rain,"48820099999,48823099999,48825099999,48831099999,VVNB"
Hanoi,2023-09-23,34.3,27,30.3,43.5,30.6,36.3,25,74.8,0.2,100,4.17,rain,0,0,23.4,20.5,115.8,1009.3,27.8,12.3,234.4,20.1,8,30,2023-09-23T05:45:27,2023-09-23T17:52:42,0.25,"Rain, Partially cloudy",Partly cloudy throughout the day with afternoon rain.,rain,"48820099999,48823099999,48825099999,48831099999,VVNB"
Hanoi,2023-09-24,34,26,29.5,39.4,26,34.2,24.5,75.7,0.9,100,25,rain,0,0,24.5,18.4,112.9,1008.8,57,9.9,224.4,19.4,8,30,2023-09-24T05:45:42,2023-09-24T17:51:45,0.32,"Rain, Partially cloudy",Partly cloudy throughout the day with rain.,rain,"48820099999,48823099999,48825099999,48831099999,VVNB"
Hanoi,2023-09-25,34.1,25.5,28.6,40.6,25.5,32.4,24.8,81.8,20.633,100,4.17,rain,0,0,33.5,11.2,5.7,1008.5,61.8,9.8,150,12.9,6,30,2023-09-25T05:45:57,2023-09-25T17:50:48,0.35,"Rain, Partially cloudy",Partly cloudy throughout the day with late afternoon rain.,rain,"48820099999,48823099999,48825099999,48831099999,VVNB"
Hanoi,2023-09-26,30,25.5,27.4,36.8,25.5,30.1,24.7,85.4,11.622,100,12.5,rain,0,0,45.7,19.4,16.1,1008.4,80.1,9.8,24.4,2.1,1,10,2023-09-26T05:46:12,2023-09-26T17:49:52,0.39,"Rain, Partially cloudy",Partly cloudy throughout the day with rain.,rain,"48820099999,48823099999,48825099999,48831099999,VVNB"
Hanoi,2023-09-27,29.5,25.4,26.9,34.9,25.4,29,24.6,87.5,15.242,100,16.67,rain,0,0,27.4,19.4,57.1,1009,87.1,9.8,50.2,4.2,3,10,2023-09-27T05:46:28,2023-09-27T17:48:55,0.42,"Rain, Partially cloudy",Partly cloudy throughout the day with a chance of rain throughout the day.,rain,"48820099999,48823099999,48825099999,48831099999,VVNB"
Hanoi,2023-09-28,26,23.5,24.9,26,23.5,24.9,24.3,96.1,173.262,100,12.5,rain,0,0,23.4,13.9,354.6,1011.4,79.3,7.3,45.1,3.8,2,10,2023-09-28T05:46:43,2023-09-28T17:47:59,0.46,"Rain, Partially cloudy",Partly cloudy throughout the day with a chance of rain throughout the day.,rain,"48820099999,48823099999,48825099999,48831099999,VVNB"
Hanoi,2023-09-29,32,24,26.8,39.2,24,29.1,24.7,89.1,0.591,100,12.5,rain,0,0,22,13,313.7,1012.2,70.5,9.5,98.3,8.5,4,30,2023-09-29T05:46:59,2023-09-29T17:47:03,0.5,"Rain, Partially cloudy",Partly cloudy throughout the day with a chance of rain throughout the day.,rain,"48820099999,48823099999,48825099999,48831099999,VVNB"
Hanoi,2023-09-30,33,25,28.7,40.6,25,32.8,25.1,82.2,0.21,100,4.17,rain,0,0,19.4,11.2,117.5,1010.8,53.7,8.7,192.8,16.6,8,30,2023-09-30T05:47:14,2023-09-30T17:46:07,0.53,"Rain, Partially cloudy",Partly cloudy throughout the day with late afternoon rain.,rain,"48820099999,48823099999,48825099999,48831099999,VVNB"
Hanoi,2023-10-01,34,25.7,29.6,40.6,25.7,33.6,24.6,76.6,0,0,0,,0,0,20.2,13,106.7,1009.2,28.1,9.6,219.5,19.1,7,30,2023-10-01T05:47:30,2023-10-01T17:45:12,0.56,Partially cloudy,Partly cloudy throughout the day.,partly-cloudy-day,"48820099999,48823099999,48825099999,48831099999,VVNB"
Hanoi,2023-10-02,33.7,26,29.5,39.3,26,33.6,24.4,76.1,0,0,0,,0,0,17.6,10.3,100,1010.1,28.2,8.9,215.6,18.7,8,10,2023-10-02T05:47:47,2023-10-02T17:44:16,0.59,Partially cloudy,Partly cloudy throughout the day.,partly-cloudy-day,"48820099999,48823099999,48825099999,48831099999,VVNB"
Hanoi,2023-10-03,33.7,26,29.7,38.2,26,33.5,24,73.1,0,0,0,,0,0,14,11.2,99.9,1010.3,26.7,8.6,244.5,21.1,9,10,2023-10-03T05:48:03,2023-10-03T17:43:22,0.62,Partially cloudy,Partly cloudy throughout the day.,partly-cloudy-day,"48820099999,48823099999,48825099999,48831099999,VVNB"
Hanoi,2023-10-04,34.4,26,30,40.6,26,34.6,24.8,75.5,0.017,100,4.17,rain,0,0,19.4,15.7,109.9,1009.7,20.1,9.5,250.3,21.6,9,10,2023-10-04T05:48:20,2023-10-04T17:42:27,0.66,"Rain, Partially cloudy",Becoming cloudy in the afternoon with morning rain.,rain,"48820099999,48823099999,48825099999,48831099999,VVNB"
Hanoi,2023-10-05,35,27,30.6,42.6,30.9,37,25.4,75.4,0.1,100,4.17,rain,0,0,19.4,12.1,110.9,1008.1,31.2,10.7,237.3,20.5,8,30,2023-10-05T05:48:37,2023-10-05T17:41:33,0.69,"Rain, Partially cloudy",Partly cloudy throughout the day with morning rain.,rain,"48820099999,48823099999,48825099999,48831099999,VVNB,remote"
Hanoi,2023-10-06,35,27,30.4,43.3,31,37,25.6,77.2,6.3,100,33.33,rain,0,0,23.4,19.4,118.2,1008,34.1,8.8,188.9,16.3,6,10,2023-10-06T05:48:55,2023-10-06T17:40:39,0.75,"Rain, Partially cloudy",Partly cloudy throughout the day with rain.,rain,"48820099999,48823099999,48825099999,48831099999,VVNB"
Hanoi,2023-10-07,29,25,26.9,36,25,29.4,23.4,81.6,0.983,100,4.17,rain,0,0,37.8,24.1,25.4,1011,86.4,8.9,63.7,5.7,3,10,2023-10-07T05:49:12,2023-10-07T17:39:46,0.75,"Rain, Partially cloudy",Partly cloudy throughout the day with afternoon rain.,rain,"48820099999,48823099999,48825099999,48831099999,VVNB"
Hanoi,2023-10-08,31,24,27.3,32.7,24,28,19.8,65.1,0.4,100,4.17,rain,0,0,26.3,19.4,9,1013.5,59.7,10.1,156.8,13.7,7,10,2023-10-08T05:49:31,2023-10-08T17:38:53,0.79,"Rain, Partially cloudy",Partly cloudy throughout the day with early morning rain.,rain,"48820099999,48823099999,48825099999,48831099999,VVNB"
Hanoi,2023-10-09,31,24,27.5,32.7,24,28.3,18.6,58.7,0,0,0,,0,0,28.4,16.6,22.2,1015,60.5,11,229.2,19.7,9,10,2023-10-09T05:49:49,2023-10-09T17:38:01,0.82,Partially cloudy,Partly cloudy throughout the day.,partly-cloudy-day,"48820099999,48823099999,48825099999,48831099999,VVNB"
Hanoi,2023-10-10,30,24.1,26.9,31.1,24.1,27.4,18.6,61.1,0.098,100,4.17,rain,0,0,44.6,19.4,36.4,1016.1,90.7,9.9,80.4,7.1,5,10,2023-10-10T05:50:08,2023-10-10T17:37:09,0.85,"Rain, Overcast",Cloudy skies throughout the day with late afternoon rain.,rain,"48820099999,48823099999,48825099999,48831099999,VVNB"
Hanoi,2023-10-11,29.4,24,26.2,30.3,24,26.7,18.5,63.1,0,0,0,,0,0,26.3,20.3,42.4,1017.1,84.1,10.4,115,9.9,4,10,2023-10-11T05:50:27,2023-10-11T17:36:18,0.88,Partially cloudy,Partly cloudy throughout the day.,partly-cloudy-day,"48820099999,48823099999,48825099999,48831099999,VVNB"
Hanoi,2023-10-12,25,23,23.9,25,23,23.9,20.2,80.3,0.098,100,4.17,rain,0,0,20.2,15.7,43.3,1017.9,98.4,9.8,105.3,9.1,5,10,2023-10-12T05:50:46,2023-10-12T17:35:27,0.92,"Rain, Overcast",Cloudy skies throughout the day with late afternoon rain.,rain,"48820099999,48823099999,48825099999,48831099999,VVNB"
Hanoi,2023-10-13,29,22.9,25.5,31.4,22.9,26.3,21.4,78.4,0.1,100,4.17,rain,0,0,19.4,13,353.1,1016,58.4,10,188.7,16.2,8,10,2023-10-13T05:51:06,2023-10-13T17:34:37,0.95,"Rain, Partially cloudy",Partly cloudy throughout the day with afternoon rain.,rain,"48823099999,48820099999,48825099999,48831099999,VVNB"
Hanoi,2023-10-14,29.1,23,25.6,31.7,23,26.3,20.9,76,0.1,100,4.17,rain,0,0,27.7,25,20.7,1014,79.6,9.8,158.9,13.6,6,10,2023-10-14T05:51:27,2023-10-14T17:33:48,0.98,"Rain, Partially cloudy",Partly cloudy throughout the day with early morning rain.,rain,"48820099999,48823099999,48825099999,48831099999,VVNB"
Hanoi,2023-10-15,30,22.7,25.8,30.8,22.7,26.1,19.2,69,0.005,100,4.17,rain,0,0,25.2,16.6,346.3,1014.1,67.1,10,156.7,13.7,7,10,2023-10-15T05:51:47,2023-10-15T17:32:59,0,"Rain, Partially cloudy",Partly cloudy throughout the day with early morning rain.,rain,"48820099999,48823099999,48825099999,48831099999,VVNB"
Hanoi,2023-10-16,31.5,22.5,26.6,32.7,22.5,27.1,19.7,67.8,0,0,0,,0,0,23,13,1.9,1014.2,75.1,9.8,191.4,16.7,8,10,2023-10-16T05:52:09,2023-10-16T17:32:11,0.05,Partially cloudy,Partly cloudy throughout the day.,partly-cloudy-day,"48820099999,48823099999,48825099999,48831099999,VVNB"
Hanoi,2023-10-17,32.1,22,27.2,32.7,22,27.7,19.8,66.6,0,0,0,,0,0,19.4,10,8.8,1013.8,34.6,9.5,210.1,17.9,8,10,2023-10-17T05:52:30,2023-10-17T17:31:24,0.09,Partially cloudy,Partly cloudy throughout the day.,partly-cloudy-day,"48820099999,48823099999,48825099999,48831099999,VVNB"
Hanoi,2023-10-18,32.5,22.5,27.6,35.1,22.5,28.9,20.8,68.4,0,0,0,,0,0,22.7,10.3,352.9,1012.6,49.1,8.7,213.4,18.3,8,10,2023-10-18T05:52:52,2023-10-18T17:30:37,0.12,Partially cloudy,Partly cloudy throughout the day.,partly-cloudy-day,"48820099999,48823099999,48825099999,48831099999,VVNB"
Hanoi,2023-10-19,33,24,28.2,38.1,24,30.3,22.3,71.6,0,0,0,,0,0,32.4,14.8,16.3,1011.2,40.6,9.1,213.8,18.4,8,10,2023-10-19T05:53:15,2023-10-19T17:29:51,0.16,Partially cloudy,Partly cloudy throughout the day.,partly-cloudy-day,"48820099999,48823099999,48825099999,48831099999,VVNB"
Hanoi,2023-10-20,31.4,24.5,27.8,33.6,24.5,28.8,19.8,63.6,0,0,0,,0,0,47.5,22.1,11.4,1014.7,57.2,10.5,170.2,14.8,7,10,2023-10-20T05:53:38,2023-10-20T17:29:06,0.19,Partially cloudy,Partly cloudy throughout the day.,partly-cloudy-day,"48820099999,48823099999,48825099999,48831099999,VVNB"
Hanoi,2023-10-21,28.6,24,26,28.4,24,26,14.2,48.5,0,0,0,,0,0,29.9,18.4,19.2,1018.2,60.9,10.1,115.1,10,5,10,2023-10-21T05:54:01,2023-10-21T17:28:22,0.23,Partially cloudy,Partly cloudy throughout the day.,partly-cloudy-day,"48820099999,48823099999,48825099999,48831099999,VVNB"
Hanoi,2023-10-22,28,23.5,25.4,29.1,23.5,25.5,17.4,61.5,0,0,0,,0,0,22,13,46,1018.3,92.7,10,96,8.3,5,10,2023-10-22T05:54:25,2023-10-22T17:27:38,0.25,Overcast,Cloudy skies throughout the day.,cloudy,"48820099999,48823099999,48825099999,48831099999,VVNB"
Hanoi,2023-10-23,28,23,25.4,29.9,23,25.8,20.6,74.9,0,0,0,,0,0,22.3,12.1,33.8,1017.2,94.2,9.6,133.6,11.5,5,10,2023-10-23T05:54:50,2023-10-23T17:26:56,0.3,Overcast,Cloudy skies throughout the day.,cloudy,"48820099999,48823099999,48825099999,48831099999,VVNB"
Hanoi,2023-10-24,31,23,26.8,34.1,23,28.1,22,76.2,0.098,100,4.17,rain,0,0,16.9,11.2,20,1015.8,66,8.9,168.9,14.4,7,10,2023-10-24T05:55:15,2023-10-24T17:26:14,0.34,"Rain, Partially cloudy",Partly cloudy throughout the day with late afternoon rain.,rain,"48820099999,48823099999,48825099999,48831099999,VVNB"
Hanoi,2023-10-25,31.5,24,27.8,35.2,24,29.8,22.7,75.4,0.688,100,4.17,rain,0,0,22,13,291.7,1014.7,50.8,8.4,166.1,14.2,6,10,2023-10-25T05:55:40,2023-10-25T17:25:33,0.37,"Rain, Partially cloudy",Partly cloudy throughout the day with late afternoon rain.,rain,"48820099999,48823099999,48825099999,48831099999,VVNB"
Hanoi,2023-10-26,33.5,25.4,28.6,36.3,25.4,30.1,21.5,66.9,0.4,100,12.5,rain,0,0,20.5,14.8,124.6,1013.7,62.7,9.8,215.8,18.6,7,10,2023-10-26T05:56:06,2023-10-26T17:24:53,0.41,"Rain, Partially cloudy",Partly cloudy throughout the day with rain.,rain,"48820099999,48823099999,48825099999,48831099999,VVNB"
Hanoi,2023-10-27,32.5,23.5,27.9,35.5,23.5,29.9,22,72.2,0,0,0,,0,0,16.9,11.2,74.6,1012.9,36,8.7,206.1,17.6,8,10,2023-10-27T05:56:33,2023-10-27T17:24:14,0.44,Partially cloudy,Partly cloudy throughout the day.,partly-cloudy-day,"48820099999,48823099999,48825099999,48831099999,VVNB"
Hanoi,2023-10-28,27.5,23.5,25.8,30.2,23.5,26.5,22.6,83,2.59,100,8.33,rain,0,0,24.1,19.4,32,1014,81.4,8.8,136.8,11.7,6,10,2023-10-28T05:57:00,2023-10-28T17:23:37,0.48,"Rain, Partially cloudy",Partly cloudy throughout the day with rain.,rain,"48820099999,48823099999,48825099999,48831099999,VVNB"
Hanoi,2023-10-29,26,22.7,24.1,26,22.7,24.1,22.2,89.4,4.16,100,12.5,rain,0,0,26.6,15.7,13.2,1015.4,97.6,9.6,39.3,3.4,2,10,2023-10-29T05:57:27,2023-10-29T17:23:00,0.5,"Rain, Overcast",Cloudy skies throughout the day with rain.,rain,"48820099999,48823099999,48825099999,48831099999,VVNB,remote"
Hanoi,2023-10-30,29.5,23,25.6,30.8,23,26,19.8,71.5,13.758,100,8.33,rain,0,0,22,13,1,1017.7,90.8,10.1,106,9.1,5,10,2023-10-30T05:57:55,2023-10-30T17:22:24,0.54,"Rain, Overcast",Cloudy skies throughout the day with rain clearing later.,rain,"48820099999,48823099999,48825099999,48831099999,VVNB"
Hanoi,2023-10-31,30.2,21,25.7,30.8,21,26,19.2,69.6,0.1,100,4.17,rain,0,0,23,13,9.6,1018.3,44,11.1,194.7,16.7,7,10,2023-10-31T05:58:24,2023-10-31T17:21:49,0.58,"Rain, Partially cloudy",Partly cloudy throughout the day with early morning rain.,rain,"48820099999,48823099999,48825099999,48831099999,VVNB"
Hanoi,2023-11-01,29.8,22.5,25.7,31.3,22.5,26.1,20.1,72.5,0.1,100,4.17,rain,0,0,17.6,12.1,107.1,1017.2,36.6,9.1,198.7,17,7,10,2023-11-01T05:58:53,2023-11-01T17:21:15,0.61,"Rain, Partially cloudy",Partly cloudy throughout the day with morning rain.,rain,"48820099999,48823099999,48825099999,48831099999,VVNB"
Hanoi,2023-11-02,30.5,22,26,32.2,22,26.6,20.5,74,0,0,0,,0,0,21.6,13,112.4,1014.2,26.9,7.6,184.5,15.9,7,10,2023-11-02T05:59:23,2023-11-02T17:20:42,0.64,Partially cloudy,Partly cloudy throughout the day.,partly-cloudy-day,"48820099999,48823099999,48825099999,48831099999,VVNB"
Hanoi,2023-11-03,31.5,23,27.1,34.3,23,28.7,22.5,77.7,0,0,0,rain,0,0,23.8,19.4,127.5,1011.3,54.2,7.8,164.4,14.2,6,10,2023-11-03T05:59:53,2023-11-03T17:20:11,0.67,Partially cloudy,Partly cloudy throughout the day.,partly-cloudy-day,"48820099999,48823099999,48825099999,48831099999,VVNB"
Hanoi,2023-11-04,32,25.5,28.1,37.3,25.5,30.8,23.9,79,1.3,100,20.83,rain,0,0,29.9,16.6,135.7,1011.4,67.8,9.1,141.5,12.2,6,30,2023-11-04T06:00:24,2023-11-04T17:19:40,0.7,"Rain, Partially cloudy",Partly cloudy throughout the day with rain in the morning and afternoon.,rain,"48820099999,48823099999,48825099999,48831099999,VVNB"
Hanoi,2023-11-05,31.6,25,27.9,37.2,25,30.4,24.1,80.8,0.1,100,4.17,rain,0,0,28.8,17.5,125.5,1012.3,72,9.3,154.4,13.4,6,30,2023-11-05T06:00:55,2023-11-05T17:19:11,0.75,"Rain, Partially cloudy",Partly cloudy throughout the day with morning rain.,rain,"48820099999,48823099999,48825099999,48831099999,VVNB"
Hanoi,2023-11-06,31,22,25.8,36,22,26.8,23.2,86.2,7.566,100,8.33,rain,0,0,24.5,18.4,66.6,1014.9,87.9,7.8,97.1,8.3,4,30,2023-11-06T06:01:27,2023-11-06T17:18:43,0.77,"Rain, Partially cloudy",Partly cloudy throughout the day with rain.,rain,"48820099999,48823099999,48825099999,48831099999,VVNB"
Hanoi,2023-11-07,25.2,22,23,25.2,22,23,20.8,87.8,22.614,100,4.17,rain,0,0,22,18.4,0.9,1015.9,89.4,9.8,61.8,5.3,2,10,2023-11-07T06:01:59,2023-11-07T17:18:16,0.8,"Rain, Partially cloudy",Partly cloudy throughout the day with morning rain.,rain,"48820099999,48823099999,48825099999,48831099999,VVNB"
Hanoi,2023-11-08,31,22.5,26,34.6,22.5,27,22.2,80.8,0,0,0,rain,0,0,17.3,13,66.9,1013.2,52.9,8.7,133.1,11.4,5,10,2023-11-08T06:02:32,2023-11-08T17:17:51,0.83,Partially cloudy,Partly cloudy throughout the day.,partly-cloudy-day,"48820099999,48823099999,48825099999,48831099999,VVNB"
Hanoi,2023-11-09,31.9,24,27.8,36,24,30.3,23.8,79.7,0,0,0,,0,0,20.9,13,116.7,1012.6,54.4,8,146.1,12.6,5,10,2023-11-09T06:03:05,2023-11-09T17:17:26,0.87,Partially cloudy,Partly cloudy throughout the day.,partly-cloudy-day,"48820099999,48823099999,48825099999,48831099999,VVNB"
Hanoi,2023-11-10,33,24.5,28.3,37.5,24.5,30.9,24,79.5,0,0,0,,0,0,24.5,17.5,123.4,1014,50.3,8.6,176,15,7,30,2023-11-10T06:03:39,2023-11-10T17:17:03,0.9,Partially cloudy,Partly cloudy throughout the day.,partly-cloudy-day,"48820099999,48823099999,48825099999,48831099999,VVNB"
Hanoi,2023-11-11,32.5,25,28.2,37.4,25,31,24.1,80.1,0,0,0,,0,0,24.5,16.6,125.6,1014.9,52.6,8.5,166.3,14.3,6,10,2023-11-11T06:04:13,2023-11-11T17:16:41,0.93,Partially cloudy,Partly cloudy throughout the day.,partly-cloudy-day,"48820099999,48823099999,48825099999,48831099999,VVNB"
Hanoi,2023-11-12,32.5,23.5,26.9,38,23.5,28.3,23.8,84.3,29.479,100,4.17,rain,0,0,35.6,18.5,99.5,1017.1,67.3,8.2,81.6,7,4,10,2023-11-12T06:04:48,2023-11-12T17:16:20,0.96,"Rain, Partially cloudy",Partly cloudy throughout the day with late afternoon rain.,rain,"48820099999,48823099999,48825099999,48831099999,VVNB"
Hanoi,2023-11-13,23,15.9,18.3,23,15.9,18.3,15,81,9.054,100,16.67,rain,0,0,29.5,25.9,26.9,1023,99.4,9.7,20.4,1.7,1,10,2023-11-13T06:05:23,2023-11-13T17:16:01,0,"Rain, Overcast",Cloudy skies throughout the day with a chance of rain throughout the day.,rain,"48820099999,48823099999,48825099999,48831099999,VVNB"
Hanoi,2023-11-14,20.5,16.5,18.6,20.5,16.5,18.6,12.5,67.9,0.002,100,4.17,rain,0,0,19.4,16.6,14.7,1023.2,85.6,10,61.4,5.4,3,10,2023-11-14T06:05:58,2023-11-14T17:15:43,0.03,"Rain, Partially cloudy",Partly cloudy throughout the day with early morning rain.,rain,"48820099999,48823099999,48825099999,48831099999,VVNB"
Hanoi,2023-11-15,21.9,18,20.1,21.9,18,20.1,16.1,78.1,0,0,0,,0,0,15.1,11.2,26.3,1021,94.1,9.2,103.5,9.1,4,10,2023-11-15T06:06:34,2023-11-15T17:15:26,0.06,Overcast,Cloudy skies throughout the day.,cloudy,"48820099999,48823099999,48825099999,48831099999,VVNB"
Hanoi,2023-11-16,23,18,20.4,23,18,20.4,12.6,63.2,0.347,100,8.33,rain,0,0,46.4,25.9,1.5,1027.1,92.9,9.6,38,3.4,2,10,2023-11-16T06:07:11,2023-11-16T17:15:11,0.1,"Rain, Overcast",Cloudy skies throughout the day with rain.,rain,"48820099999,48823099999,48825099999,48831099999,VVNB"
Hanoi,2023-11-17,25.5,16,20.4,25.5,16,20.4,9.5,52.3,0,0,0,,0,0,31,15.7,347.6,1026,32.7,9.8,208.8,18.1,8,10,2023-11-17T06:07:47,2023-11-17T17:14:57,0.14,Partially cloudy,Partly cloudy throughout the day.,partly-cloudy-day,"48820099999,48823099999,48825099999,48831099999,VVNB"
Hanoi,2023-11-18,26,13,19.5,26,13,19.5,9.6,59.3,0,0,0,,0,0,19.8,9.4,355.1,1023.1,11.8,9.5,209.7,18.2,8,10,2023-11-18T06:08:24,2023-11-18T17:14:44,0.17,Clear,Clear conditions throughout the day.,clear-day,"48820099999,48823099999,48825099999,48831099999,VVNB"
Hanoi,2023-11-19,26,14.9,20,26,14.9,20,12,63.6,0,0,0,,0,0,20.9,10.3,291.6,1021,12.7,10.5,190.3,16.4,7,10,2023-11-19T06:09:02,2023-11-19T17:14:32,0.21,Clear,Clear conditions throughout the day.,clear-day,"48820099999,48823099999,48825099999,48831099999,VVNB"
Hanoi,2023-11-20,27,15.3,21,27,15.3,21,13.8,66,0,0,0,,0,0,15.8,15.7,201.8,1018.8,6,11.1,206.7,17.8,8,10,2023-11-20T06:09:39,2023-11-20T17:14:22,0.25,Clear,Clear conditions throughout the day.,clear-day,"48820099999,48823099999,48825099999,48831099999,VVNB"
Hanoi,2023-11-21,27,15.5,21.2,27,15.5,21.2,15.1,71,0,0,0,,0,0,22,12.1,137.7,1016.1,12.9,7.4,199.3,17.1,7,10,2023-11-21T06:10:17,2023-11-21T17:14:14,0.28,Clear,Clear conditions throughout the day.,clear-day,"48820099999,48823099999,48825099999,48831099999,VVNB"
Hanoi,2023-11-22,24.1,18,20.8,24.1,18,20.8,17.7,82.7,0,0,0,,0,0,14.4,10.3,28.1,1015.1,66.3,6.8,165.2,14.3,6,10,2023-11-22T06:10:55,2023-11-22T17:14:06,0.31,Partially cloudy,Partly cloudy throughout the day.,partly-cloudy-day,"48820099999,48823099999,48825099999,48831099999,VVNB"
Hanoi,2023-11-23,28.5,20,23.6,29.4,20,23.8,18.6,75.4,0,0,0,,0,0,19.8,9.4,300.7,1016.2,41.6,7.6,141,12.2,6,10,2023-11-23T06:11:34,2023-11-23T17:14:00,0.35,Partially cloudy,Partly cloudy throughout the day.,partly-cloudy-day,"48820099999,48823099999,48825099999,48831099999,VVNB"
Hanoi,2023-11-24,26.5,20.6,23.5,26.5,20.6,23.5,19.3,78.5,0.1,100,4.17,rain,0,0,19.8,11.2,323.5,1018.1,67.8,7.3,155.8,13.5,6,10,2023-11-24T06:12:12,2023-11-24T17:13:56,0.39,"Rain, Partially cloudy",Partly cloudy throughout the day with morning rain.,rain,"48820099999,48823099999,48825099999,48831099999,VVNB"
Hanoi,2023-11-25,28,20.1,24,29.1,20.1,24.2,18.4,72.6,0.2,100,8.33,rain,0,0,20.2,11.2,131.4,1018.7,32.2,7.9,150.3,13,6,10,2023-11-25T06:12:51,2023-11-25T17:13:53,0.42,"Rain, Partially cloudy",Partly cloudy throughout the day with morning rain.,rain,"48820099999,48823099999,48825099999,48831099999,VVNB"
Hanoi,2023-11-26,28.5,19.5,23.7,29.4,19.5,23.9,18.4,74,0,0,0,,0,0,20.9,10.3,318.3,1019.6,27.7,7.6,150.4,13,6,10,2023-11-26T06:13:30,2023-11-26T17:13:51,0.46,Partially cloudy,Partly cloudy throughout the day.,partly-cloudy-day,"48820099999,48823099999,48825099999,48831099999,VVNB"
Hanoi,2023-11-27,28.5,19.5,23.7,29.2,19.5,23.8,18.5,74.5,0.3,100,4.17,rain,0,0,20.5,8.5,33,1018.7,37.8,7.5,157.2,13.5,6,10,2023-11-27T06:14:09,2023-11-27T17:13:50,0.5,"Rain, Partially cloudy",Partly cloudy throughout the day with morning rain.,rain,"48820099999,48823099999,48825099999,48831099999,VVNB"
Hanoi,2023-11-28,28,19.2,23.1,27.6,19.2,23.1,16.7,70.4,0,0,0,,0,0,29.5,12.1,98.7,1018,20.3,7.2,184.8,15.9,7,10,2023-11-28T06:14:48,2023-11-28T17:13:51,0.53,Partially cloudy,Clearing in the afternoon.,partly-cloudy-day,"48820099999,48823099999,48825099999,48831099999,VVNB"
Hanoi,2023-11-29,27.1,18.5,22.6,27.8,18.5,22.7,18.3,78.3,0.1,100,4.17,rain,0,0,18.4,13,84.9,1016.9,34.8,5.3,124.3,10.7,5,10,2023-11-29T06:15:27,2023-11-29T17:13:54,0.56,"Rain, Partially cloudy",Partly cloudy throughout the day with late afternoon rain.,rain,"48820099999,48823099999,48825099999,48831099999,VVNB"
Hanoi,2023-11-30,26.5,21.5,23.5,26.5,21.5,23.5,19.7,80,0.01,100,4.17,rain,0,0,22.3,13,18.9,1018.9,81.4,6.4,88.1,7.5,4,10,2023-11-30T06:16:06,2023-11-30T17:13:57,0.59,"Rain, Partially cloudy",Partly cloudy throughout the day with late afternoon rain.,rain,"48820099999,48823099999,48825099999,48831099999,VVNB"
Hanoi,2023-12-01,21,17,18.7,21,17,18.7,17.6,93.6,19.167,100,8.33,rain,0,0,24.5,19.4,24.9,1020.9,100,6.9,26.8,2.4,2,10,2023-12-01T06:16:46,2023-12-01T17:14:02,0.62,"Rain, Overcast",Cloudy skies throughout the day with rain.,rain,"48820099999,48823099999,48825099999,48831099999,VVNB"
Hanoi,2023-12-02,18.5,16,17.5,18.5,16,17.5,14.8,84.7,0,0,0,rain,0,0,16.6,15.7,21.4,1021.3,100,8.6,24.7,2,1,10,2023-12-02T06:17:25,2023-12-02T17:14:09,0.65,Overcast,Cloudy skies throughout the day.,cloudy,"48820099999,48823099999,48825099999,48831099999,VVNB"
Hanoi,2023-12-03,19,17,18.1,19,17,18.1,15.6,85.7,0,0,0,,0,0,19.1,14.8,22.1,1020.3,99.7,8.7,47.3,4.1,2,10,2023-12-03T06:18:04,2023-12-03T17:14:16,0.69,Overcast,Cloudy skies throughout the day.,cloudy,"48820099999,48823099999,48825099999,48831099999,VVNB"
Hanoi,2023-12-04,20.5,17.5,18.9,20.5,17.5,18.9,15.9,83,0,0,0,rain,0,0,18.7,14.8,27.2,1018.2,99,10,50.3,4.3,3,10,2023-12-04T06:18:43,2023-12-04T17:14:25,0.72,Overcast,Cloudy skies throughout the day.,cloudy,"48820099999,48823099999,48825099999,48831099999,VVNB,remote"
Hanoi,2023-12-05,19.9,18,18.9,19.9,18,18.9,16,83.8,0,0,0,,0,0,15.5,11.2,39.1,1015.8,99.3,8.6,65.5,5.7,3,10,2023-12-05T06:19:21,2023-12-05T17:14:36,0.75,Overcast,Cloudy skies throughout the day.,cloudy,"48820099999,48823099999,48825099999,48831099999,VVNB"
Hanoi,2023-12-06,24.5,18.5,20.8,24.5,18.5,20.8,17,79.9,1.7,100,8.33,rain,0,0,28.4,14.8,2.7,1018.8,84.2,8.8,42.4,3.6,2,10,2023-12-06T06:20:00,2023-12-06T17:14:47,0.78,"Rain, Partially cloudy",Partly cloudy throughout the day with rain in the morning and afternoon.,rain,"48820099999,48823099999,48825099999,48831099999,VVNB"
Hanoi,2023-12-07,26,15.5,20.3,26,15.5,20.3,14.6,72.8,0,0,0,,0,0,18,10.3,230.7,1018.7,46.2,7.8,186.7,16.3,7,10,2023-12-07T06:20:38,2023-12-07T17:15:00,0.81,Partially cloudy,Partly cloudy throughout the day.,partly-cloudy-day,"48820099999,48823099999,48825099999,48831099999,VVNB"
Hanoi,2023-12-08,27,16.4,21.7,27.1,16.4,21.7,15.2,68.6,0,0,0,,0,0,27,16.6,125.1,1014.5,16.9,9.7,187.1,16.3,7,10,2023-12-08T06:21:16,2023-12-08T17:15:14,0.85,Clear,Clear conditions throughout the day.,clear-day,"48820099999,48823099999,48825099999,48831099999,VVNB"
Hanoi,2023-12-09,27,19,22.5,28.5,19,22.6,19.5,83.7,0,0,0,,0,0,28.8,15.7,96,1012.1,64.4,6.9,158.5,13.8,6,10,2023-12-09T06:21:54,2023-12-09T17:15:30,0.88,Partially cloudy,Partly cloudy throughout the day.,partly-cloudy-day,"48820099999,48823099999,48825099999,48831099999,VVNB"
Hanoi,2023-12-10,27.3,23,24.4,29.7,23,24.8,22.5,89.3,0,0,0,rain,0,0,30.6,15.7,134.1,1010.6,88.2,6.5,89,7.7,4,10,2023-12-10T06:22:31,2023-12-10T17:15:46,0.91,Partially cloudy,Partly cloudy throughout the day.,partly-cloudy-day,"48820099999,48823099999,48825099999,48831099999,VVNB"
Hanoi,2023-12-11,27,23,25,29.6,23,25.6,22.8,88,0.5,100,12.5,rain,0,0,26.3,13.9,107.1,1013,92.4,7.3,79.8,6.9,4,10,2023-12-11T06:23:08,2023-12-11T17:16:04,0.94,"Rain, Overcast",Cloudy skies throughout the day with afternoon rain.,rain,"48820099999,48823099999,48825099999,48831099999,VVNB"
Hanoi,2023-12-12,27,22,24.5,29.6,22,24.7,22.5,88.7,0.5,100,16.67,rain,0,0,32.8,17.5,109.2,1014.9,79.7,7.3,114.8,10,4,10,2023-12-12T06:23:45,2023-12-12T17:16:23,0.98,"Rain, Partially cloudy",Partly cloudy throughout the day with rain in the morning and afternoon.,rain,"48820099999,48823099999,48825099999,48831099999,VVNB"
Hanoi,2023-12-13,28,22.3,24.7,30.1,22.3,25.1,21.5,83.3,0.7,100,25,rain,0,0,31.3,16.6,136.9,1016.4,70.3,7.3,95.2,8.3,4,10,2023-12-13T06:24:21,2023-12-13T17:16:44,0,"Rain, Partially cloudy",Partly cloudy throughout the day with rain in the morning and afternoon.,rain,"48820099999,48823099999,48825099999,48831099999,VVNB"
Hanoi,2023-12-14,30,21,25,32.6,21,25.7,21.4,81.9,0,0,0,,0,0,32.8,17.5,128.9,1015.6,52.1,7.1,113.2,9.8,4,10,2023-12-14T06:24:57,2023-12-14T17:17:05,0.04,Partially cloudy,Partly cloudy throughout the day.,partly-cloudy-day,"48820099999,48823099999,48825099999,48831099999,VVNB"
Hanoi,2023-12-15,29.2,22.5,25.1,31.3,22.5,25.7,22.2,84.7,0,0,0,,0,0,24.5,14.8,119.9,1014,67,7.6,140.5,12.3,5,10,2023-12-15T06:25:32,2023-12-15T17:17:27,0.08,Partially cloudy,Partly cloudy throughout the day.,partly-cloudy-day,"48820099999,48823099999,48825099999,48831099999,VVNB"
Hanoi,2023-12-16,24.7,14,20,24.7,14,20,15.8,77.3,0.052,100,8.33,rain,0,0,69.1,33.5,50.8,1018.8,91.7,8.8,93.3,8.1,5,10,2023-12-16T06:26:06,2023-12-16T17:17:51,0.11,"Rain, Overcast",Cloudy skies throughout the day with rain.,rain,"48820099999,48823099999,48825099999,48831099999,VVNB"
Hanoi,2023-12-17,16,12.7,13.9,16,12.7,13.9,7.7,66.3,0.002,100,4.17,rain,0,0,28.4,17.5,37.3,1024.5,98.9,10,40.3,3.5,2,10,2023-12-17T06:26:40,2023-12-17T17:18:16,0.15,"Rain, Overcast",Cloudy skies throughout the day with early morning rain.,rain,"48820099999,48823099999,48825099999,48831099999,VVNB"
Hanoi,2023-12-18,17.6,13,15,17.6,13,15,10.3,73.5,0,0,0,,0,0,17.6,12.1,25.8,1021.9,99,9.6,81.1,7.1,4,10,2023-12-18T06:27:13,2023-12-18T17:18:41,0.19,Overcast,Cloudy skies throughout the day.,cloudy,"48820099999,48823099999,48825099999,48831099999,VVNB"
Hanoi,2023-12-19,15.5,12,13.7,15.5,12,13.7,9.5,77,0.003,100,4.17,rain,0,0,25.6,21.4,22.7,1023.1,98.7,9.1,45,3.8,2,10,2023-12-19T06:27:46,2023-12-19T17:19:08,0.22,"Rain, Overcast",Cloudy skies throughout the day with morning rain.,rain,"48820099999,48823099999,48825099999,48831099999,VVNB"
Hanoi,2023-12-20,18,12,15,18,12,15,7.4,60.8,0,0,0,rain,0,0,29.9,19.4,6,1025.2,87.8,10,68,5.9,3,10,2023-12-20T06:28:18,2023-12-20T17:19:36,0.25,Partially cloudy,Partly cloudy throughout the day.,partly-cloudy-day,"48820099999,48823099999,48825099999,48831099999,VVNB"
Hanoi,2023-12-21,24.5,12.5,15.2,24.5,12.5,15.2,3.9,48.3,0,0,0,,0,0,33.8,19.4,1.7,1027,59.9,9.6,176.7,15.2,7,10,2023-12-21T06:28:49,2023-12-21T17:20:04,0.29,Partially cloudy,Partly cloudy throughout the day.,partly-cloudy-day,"48820099999,48823099999,48825099999,48831099999,VVNB"
Hanoi,2023-12-22,17,10.5,13.2,17,10.5,13.2,0.7,43.3,0,0,0,,0,0,33.1,17.5,40.3,1030.7,26.4,10,192.4,16.6,7,10,2023-12-22T06:29:19,2023-12-22T17:20:34,0.33,Partially cloudy,Clearing in the afternoon.,partly-cloudy-day,"48820099999,48823099999,48825099999,48831099999,VVNB"
Hanoi,2023-12-23,19,8,13.6,19,8,13.6,2.2,48,0,0,0,,0,0,35.3,14.8,4.3,1030.2,27.3,9.8,188.1,16.2,7,10,2023-12-23T06:29:49,2023-12-23T17:21:04,0.36,Partially cloudy,Partly cloudy throughout the day.,partly-cloudy-day,"48820099999,48823099999,48825099999,48831099999,VVNB"
Hanoi,2023-12-24,19,14,16.3,19,14,16.3,2.3,39.8,0,0,0,,0,0,30.2,19.4,355.9,1030.1,80.1,9.8,88.4,7.8,4,10,2023-12-24T06:30:17,2023-12-24T17:21:36,0.4,Partially cloudy,Partly cloudy throughout the day.,partly-cloudy-day,"48820099999,48823099999,48825099999,48831099999,VVNB"
Hanoi,2023-12-25,21,14,16.8,21,14,16.8,2.2,40.4,0,0,0,,0,0,23.4,14.8,65.1,1026.3,46.4,11.4,187.1,16.1,7,10,2023-12-25T06:30:45,2023-12-25T17:22:08,0.44,Partially cloudy,Clearing in the afternoon.,partly-cloudy-day,"48820099999,48823099999,48825099999,48831099999,VVNB"
Hanoi,2023-12-26,22,9,15.6,22,9,15.6,6.2,57.5,0,0,0,,0,0,17.3,9.4,48.5,1024.1,21.4,8,179.8,15.4,6,10,2023-12-26T06:31:12,2023-12-26T17:22:41,0.47,Partially cloudy,Partly cloudy throughout the day.,partly-cloudy-day,"48820099999,48823099999,48825099999,48831099999,VVNB"
Hanoi,2023-12-27,23.5,12,17.3,23.5,12,17.3,11.7,71.6,0,0,0,,0,0,17.6,11.2,115.2,1023.4,27,6.6,174.4,15,7,10,2023-12-27T06:31:38,2023-12-27T17:23:14,0.5,Partially cloudy,Partly cloudy throughout the day.,partly-cloudy-day,"48820099999,48823099999,48825099999,48831099999,VVNB"
Hanoi,2023-12-28,25,13.8,19,25,13.8,19,13.4,72.9,0,0,0,,0,0,16.9,8.5,130.9,1021.4,14.3,6.8,177.3,15.1,7,10,2023-12-28T06:32:03,2023-12-28T17:23:49,0.54,Clear,Clear conditions throughout the day.,clear-day,"48820099999,48823099999,48825099999,48831099999,VVNB"
Hanoi,2023-12-29,24.5,16,20.5,24.5,16,20.5,16,76.6,0.006,100,8.33,rain,0,0,18.7,7.6,257.8,1019.6,77.5,5.5,109.2,9.4,5,10,2023-12-29T06:32:27,2023-12-29T17:24:24,0.57,"Rain, Partially cloudy",Partly cloudy throughout the day with rain in the morning and afternoon.,rain,"48820099999,48823099999,48825099999,48831099999,VVNB"
Hanoi,2023-12-30,23.5,19.4,21.4,23.5,19.4,21.4,18.4,83.6,0.744,100,16.67,rain,0,0,11.2,10.3,258.3,1018,88.1,4.7,44.2,3.9,2,10,2023-12-30T06:32:49,2023-12-30T17:24:59,0.6,"Rain, Partially cloudy",Partly cloudy throughout the day with a chance of rain throughout the day.,rain,"48820099999,48823099999,48825099999,48831099999,VVNB"
Hanoi,2023-12-31,25.5,20,22.3,25.5,20,22.3,18.6,80.5,0.1,100,8.33,rain,0,0,14,12.1,139.4,1017.3,65.5,6.3,74.9,6.5,3,10,2023-12-31T06:33:11,2023-12-31T17:25:36,0.64,"Rain, Partially cloudy",Partly cloudy throughout the day with rain.,rain,"48820099999,48823099999,48825099999,48831099999,VVNB"
Hanoi,2024-01-01,28,19,22.8,28.6,19,22.9,17.8,74.4,0,0,0,,0,0,27.4,20.5,126.6,1016.9,66.6,7.7,127.8,11.1,6,10,2024-01-01T06:33:32,2024-01-01T17:26:13,0.67,Partially cloudy,Partly cloudy throughout the day.,partly-cloudy-day,"48820099999,48823099999,48825099999,48831099999,VVNB"
Hanoi,2024-01-02,27,21,23.3,28.2,21,23.5,19.6,80.7,0.6,100,25,rain,0,0,25.9,16.6,127.9,1016,81.8,8.2,120.6,10.1,5,10,2024-01-02T06:33:51,2024-01-02T17:26:50,0.7,"Rain, Partially cloudy",Partly cloudy throughout the day with a chance of rain throughout the day.,rain,"48820099999,48823099999,48825099999,48831099999,VVNB"
Hanoi,2024-01-03,22,17,19.4,22,17,19.4,15,76.5,4.028,100,4.17,rain,0,0,36.7,24.1,36.3,1019.9,90.8,9.3,30.3,2.7,2,10,2024-01-03T06:34:10,2024-01-03T17:27:28,0.73,"Rain, Overcast",Cloudy skies throughout the day with late afternoon rain.,rain,"48820099999,48823099999,48825099999,48831099999,VVNB"
Hanoi,2024-01-04,21,17,19.2,21,17,19.2,13.8,71.2,0,0,0,,0,0,22,14.8,101.2,1019.1,99.2,9.4,59.4,5.2,2,10,2024-01-04T06:34:27,2024-01-04T17:28:06,0.75,Overcast,Cloudy skies throughout the day.,cloudy,"48820099999,48823099999,48825099999,48831099999,VVNB"
Hanoi,2024-01-05,24.6,18,20.5,24.6,18,20.5,17.7,84.2,0.4,100,16.67,rain,0,0,19.8,11.2,108.6,1017.6,94.1,5.3,68.9,5.9,3,10,2024-01-05T06:34:43,2024-01-05T17:28:45,0.8,"Rain, Overcast",Cloudy skies throughout the day with a chance of rain throughout the day.,rain,"48820099999,48823099999,48825099999,48831099999,VVNB"
Hanoi,2024-01-06,26,19.7,22.1,26,19.7,22.1,18.7,81.8,0.9,100,25,rain,0,0,23.4,11.2,152.5,1018.4,82.5,6.6,71.1,6,3,10,2024-01-06T06:34:58,2024-01-06T17:29:24,0.83,"Rain, Partially cloudy",Partly cloudy throughout the day with rain in the morning and afternoon.,rain,"48820099999,48823099999,48825099999,48831099999,VVNB"
Hanoi,2024-01-07,25,19,22,25,19,22,18.3,80.6,0.9,100,25,rain,0,0,28.4,16.6,133.2,1018.2,70,8.2,116,10,4,10,2024-01-07T06:35:12,2024-01-07T17:30:03,0.86,"Rain, Partially cloudy",Partly cloudy throughout the day with rain in the morning and afternoon.,rain,"48820099999,48823099999,48825099999,48831099999,VVNB"
Hanoi,2024-01-08,26,20,22.6,26,20,22.6,19.2,81.6,0.3,100,12.5,rain,0,0,29.2,20.5,131.7,1016.1,85.7,8.4,105.3,9,4,10,2024-01-08T06:35:24,2024-01-08T17:30:43,0.89,"Rain, Partially cloudy",Partly cloudy throughout the day with rain in the morning and afternoon.,rain,"48820099999,48823099999,48825099999,48831099999,VVNB"
Hanoi,2024-01-09,26.1,21,23.1,26.1,21,23.1,20,83.3,0.7,100,29.17,rain,0,0,25.2,18.4,130.6,1014.9,70.3,8.2,98.3,8.6,4,10,2024-01-09T06:35:35,2024-01-09T17:31:23,0.93,"Rain, Partially cloudy",Partly cloudy throughout the day with rain.,rain,"48820099999,48823099999,48825099999,48831099999,VVNB"
Hanoi,2024-01-10,22,18,19.9,22,18,19.9,18.8,93.6,3.821,100,8.33,rain,0,0,27.4,18.4,65.7,1016.4,96.9,7.8,22,2,1,10,2024-01-10T06:35:45,2024-01-10T17:32:03,0.96,"Rain, Overcast",Cloudy skies throughout the day with rain.,rain,"48820099999,48823099999,48825099999,48831099999,VVNB"
Hanoi,2024-01-11,18.1,17,17.5,18.1,17,17.5,16.5,93.7,8.023,100,16.67,rain,0,0,30.6,14.8,21.6,1017.6,100,7.8,24.2,2.1,1,10,2024-01-11T06:35:54,2024-01-11T17:32:43,0,"Rain, Overcast",Cloudy skies throughout the day with a chance of rain throughout the day.,rain,"48820099999,48823099999,48825099999,48831099999,VVNB"
Hanoi,2024-01-12,18.5,17,17.7,18.5,17,17.7,17,95.8,7.786,100,12.5,rain,0,0,18,9.4,10.7,1017.1,100,5.6,19.5,1.8,1,10,2024-01-12T06:36:01,2024-01-12T17:33:24,0.02,"Rain, Overcast",Cloudy skies throughout the day with rain.,rain,"48820099999,48823099999,48825099999,48831099999,VVNB"
Hanoi,2024-01-13,19.1,18,18.4,19.1,18,18.4,17.5,94.9,3.556,100,12.5,rain,0,0,19.8,11.2,32.5,1018.1,99.5,6.6,23.2,1.8,1,10,2024-01-13T06:36:07,2024-01-13T17:34:05,0.06,"Rain, Overcast",Cloudy skies throughout the day with rain.,rain,"48820099999,48823099999,48825099999,48831099999,VVNB"
Hanoi,2024-01-14,20.5,18,19.3,20.5,18,19.3,18.1,92.7,1.596,100,12.5,rain,0,0,12.6,9.4,35.2,1019.6,98.9,6.7,37.7,3.2,2,10,2024-01-14T06:36:12,2024-01-14T17:34:45,0.1,"Rain, Overcast",Cloudy skies throughout the day with rain.,rain,"48820099999,48823099999,48825099999,48831099999,VVNB"
Hanoi,2024-01-15,24,19,21.3,24,19,21.3,18.7,85.8,0.098,100,4.17,rain,0,0,28.4,11.2,116.5,1019.6,75.1,7.2,116.1,10,5,10,2024-01-15T06:36:15,2024-01-15T17:35:26,0.13,"Rain, Partially cloudy",Partly cloudy throughout the day with late afternoon rain.,rain,"48820099999,48823099999,48825099999,48831099999,VVNB"
Hanoi,2024-01-16,23,18,20.5,23,18,20.5,17.9,85.9,2.179,100,4.17,rain,0,0,22.3,13,109.7,1018.8,84.2,8.5,39,3.3,2,10,2024-01-16T06:36:17,2024-01-16T17:36:07,0.17,"Rain, Partially cloudy",Partly cloudy throughout the day with late afternoon rain.,rain,"48820099999,48823099999,48825099999,48831099999,VVNB"
Hanoi,2024-01-17,22,19,20.4,22,19,20.4,19.4,93.9,8.85,100,8.33,rain,0,0,29.9,16.6,118.6,1017.2,96,6.3,79.8,6.8,4,10,2024-01-17T06:36:18,2024-01-17T17:36:48,0.2,"Rain, Overcast",Cloudy skies throughout the day with rain.,rain,"48820099999,48823099999,48825099999,48831099999,VVNB"
Hanoi,2024-01-18,27,20,22.5,28.2,20,22.5,19.5,84.3,0.688,100,4.17,rain,0,0,31.3,20.5,138,1015.2,72.9,8.5,122.7,10.7,5,10,2024-01-18T06:36:18,2024-01-18T17:37:28,0.25,"Rain, Partially cloudy",Partly cloudy throughout the day with afternoon rain.,rain,"48820099999,48823099999,48825099999,48831099999,VVNB"
Hanoi,2024-01-19,27,20,22.7,28.3,20,22.8,19.9,85.2,0.052,100,4.17,rain,0,0,32,22.3,125,1014,79,8.2,137.5,12,5,10,2024-01-19T06:36:16,2024-01-19T17:38:09,0.27,"Rain, Partially cloudy",Partly cloudy throughout the day with morning rain.,rain,"48820099999,48823099999,48825099999,48831099999,VVNB"
Hanoi,2024-01-20,26.8,19,23.1,28.1,19,23.1,19.7,82.4,1.7,100,29.17,rain,0,0,40.3,20.5,124.2,1014.7,87.3,8.9,118.1,10.1,5,10,2024-01-20T06:36:12,2024-01-20T17:38:50,0.31,"Rain, Partially cloudy",Partly cloudy throughout the day with rain.,rain,"48820099999,48823099999,48825099999,48831099999,VVNB"
Hanoi,2024-01-21,19.9,14,16.2,19.9,14,16.2,14.9,91.9,0.983,100,8.33,rain,0,0,21.2,20.5,57.5,1018.3,100,7.8,26.8,2.2,1,10,2024-01-21T06:36:08,2024-01-21T17:39:30,0.34,"Rain, Overcast",Cloudy skies throughout the day with rain in the morning and afternoon.,rain,"48820099999,48823099999,48825099999,48831099999,VVNB"
Hanoi,2024-01-22,14.8,10,12.3,14.8,10,12.3,9.2,81.9,3.786,100,12.5,rain,0,0,36.4,22.3,34.2,1023.4,100,8.4,19.6,2,1,10,2024-01-22T06:36:02,2024-01-22T17:40:10,0.38,"Rain, Overcast",Cloudy skies throughout the day with a chance of rain throughout the day.,rain,"48820099999,48823099999,48825099999,48831099999,VVNB"
Hanoi,2024-01-23,12.5,8,10.3,12.5,6.4,9.9,4.2,66.5,0.197,100,4.17,rain,0,0,27.4,16.6,28.9,1029,89.1,10,33.1,2.9,2,10,2024-01-23T06:35:55,2024-01-23T17:40:50,0.41,"Rain, Partially cloudy",Partly cloudy throughout the day with afternoon rain.,rain,"48820099999,48823099999,48825099999,48831099999,VVNB"
Hanoi,2024-01-24,12,9,10.2,12,6.5,9.3,3.9,65.2,0,0,0,,0,0,23.4,18.4,20.2,1029.3,99.1,10,73.9,6.2,3,10,2024-01-24T06:35:46,2024-01-24T17:41:30,0.45,Overcast,Cloudy skies throughout the day.,cloudy,"48820099999,48823099999,48825099999,48831099999,VVNB"
Hanoi,2024-01-25,13,9.9,11.3,13,8.8,11.3,4.4,62.6,0,0,0,,0,0,20.9,13,19.2,1029.1,96.1,9.9,82.8,7.1,4,10,2024-01-25T06:35:36,2024-01-25T17:42:09,0.48,Overcast,Cloudy skies throughout the day.,cloudy,"48820099999,48823099999,48825099999,48831099999,VVNB"
Hanoi,2024-01-26,14,11,12.1,14,11,12.1,5.6,65.1,0.002,100,4.17,rain,0,0,20.5,18.4,17.1,1027.9,99,10,61.4,5.2,2,10,2024-01-26T06:35:25,2024-01-26T17:42:49,0.5,"Rain, Overcast",Cloudy skies throughout the day with morning rain.,rain,"48820099999,48823099999,48825099999,48831099999,VVNB"
Hanoi,2024-01-27,12,9,10.8,12,6.7,10.6,7.4,80.2,2.376,100,12.5,rain,0,0,19.8,16.6,22.1,1026.9,99.1,8.6,37.5,3.1,2,10,2024-01-27T06:35:12,2024-01-27T17:43:28,0.55,"Rain, Overcast",Cloudy skies throughout the day with rain.,rain,"48820099999,48823099999,48825099999,48831099999,VVNB"
Hanoi,2024-01-28,14.4,11,12.4,14.4,11,12.4,7.2,70.8,0.9,100,12.5,rain,0,0,21.6,16.6,20.4,1026.7,99.8,10,38,3.4,2,10,2024-01-28T06:34:59,2024-01-28T17:44:06,0.58,"Rain, Overcast",Cloudy skies throughout the day with rain.,rain,"48820099999,48823099999,48825099999,48831099999,VVNB"
Hanoi,2024-01-29,15.1,11,13,15.1,11,13,10.1,83,4.028,100,4.17,rain,0,0,19.1,11.2,6.4,1023.1,99.3,9,94.6,8.2,5,10,2024-01-29T06:34:43,2024-01-29T17:44:45,0.61,"Rain, Overcast",Cloudy skies throughout the day with late afternoon rain.,rain,"48820099999,48823099999,48825099999,48831099999,VVNB"
Hanoi,2024-01-30,16.8,13,14.9,16.8,13,14.9,13.1,89.2,0.1,100,8.33,rain,0,0,15.8,7.6,3.7,1019.5,96.9,5.3,103.1,8.9,5,10,2024-01-30T06:34:27,2024-01-30T17:45:23,0.65,"Rain, Overcast",Cloudy skies throughout the day with rain.,rain,"48820099999,48823099999,48825099999,48831099999,VVNB"
Hanoi,2024-01-31,19.1,15,16.8,19.1,15,16.8,15.6,92.8,0.306,100,12.5,rain,0,0,18.7,11.2,296.4,1017.1,94.1,4.3,79.3,6.7,4,10,2024-01-31T06:34:09,2024-01-31T17:46:00,0.68,"Rain, Overcast",Cloudy skies throughout the day with rain.,rain,"48820099999,48823099999,48825099999,48831099999,VVNB"
Hanoi,2024-02-01,21.4,17,19,21.4,17,19,17.7,92.5,0.495,100,8.33,rain,0,0,20.2,11.2,270.6,1016.1,93.1,3.7,91.7,7.9,3,10,2024-02-01T06:33:50,2024-02-01T17:46:37,0.71,"Rain, Overcast",Cloudy skies throughout the day with rain.,rain,"48820099999,48823099999,48825099999,48831099999,VVNB"
Hanoi,2024-02-02,26.7,19.7,21.9,26.7,19.7,21.9,20,89.7,0.5,100,16.67,rain,0,0,34.6,22.3,128.9,1014.4,83.9,4.3,107.8,9.3,5,10,2024-02-02T06:33:30,2024-02-02T17:47:14,0.75,"Rain, Partially cloudy",Partly cloudy throughout the day with rain in the morning and afternoon.,rain,"48820099999,48823099999,48825099999,48831099999,VVNB"
Hanoi,2024-02-03,25,21,22.2,25,21,22.2,20.6,91.2,0.609,100,12.5,rain,0,0,40.7,22.3,124.4,1014.8,96.9,7.8,79,6.9,4,10,2024-02-03T06:33:09,2024-02-03T17:47:51,0.75,"Rain, Overcast",Cloudy skies throughout the day with rain.,rain,"48820099999,48823099999,48825099999,48831099999,VVNB"
Hanoi,2024-02-04,28.4,21,23.7,30.7,21,24.1,21.1,86.4,0.41,100,8.33,rain,0,0,28.1,20.5,132.4,1013.7,73.6,7.5,153.1,13.2,7,10,2024-02-04T06:32:46,2024-02-04T17:48:26,0.81,"Rain, Partially cloudy",Partly cloudy throughout the day with rain.,rain,"48820099999,48823099999,48825099999,48831099999,VVNB"
Hanoi,2024-02-05,27,21,23.6,28.8,21,23.7,21.5,88.5,2.5,100,50,rain,0,0,34.2,22.3,135.5,1014.4,90.9,7.5,70.1,6,3,10,2024-02-05T06:32:22,2024-02-05T17:49:02,0.84,"Rain, Overcast",Cloudy skies throughout the day with a chance of rain throughout the day.,rain,"48820099999,48823099999,48825099999,48831099999,VVNB"
Hanoi,2024-02-06,24,19,21.2,24,19,21.2,19.9,92.4,0.105,100,8.33,rain,0,0,29.5,20.5,116.1,1015.5,99.2,5.4,54.8,4.8,3,10,2024-02-06T06:31:57,2024-02-06T17:49:37,0.88,"Rain, Overcast",Cloudy skies throughout the day with rain.,rain,"48820099999,48823099999,48825099999,48831099999,VVNB"
Hanoi,2024-02-07,18,13,15.9,18,13,15.9,14.4,91.1,0.393,100,4.17,rain,0,0,26.3,22.3,57.5,1015.6,100,7.2,36.9,3.1,2,10,2024-02-07T06:31:31,2024-02-07T17:50:12,0.91,"Rain, Overcast",Cloudy skies throughout the day with late afternoon rain.,rain,"48820099999,48823099999,48825099999,48831099999,VVNB"
Hanoi,2024-02-08,15.1,12,13.4,15.1,12,13.4,9.2,76.3,0.109,100,12.5,rain,0,0,24.1,22.3,49.4,1018.5,100,9.9,51.1,4.2,2,10,2024-02-08T06:31:04,2024-02-08T17:50:46,0.94,"Rain, Overcast",Cloudy skies throughout the day with rain.,rain,"48820099999,48823099999,48825099999,48831099999,VVNB"
Hanoi,2024-02-09,17,12,14.7,17,12,14.7,8.7,67.8,0.003,100,4.17,rain,0,0,27.4,18.4,3.6,1024.7,95,10,79.4,6.9,4,10,2024-02-09T06:30:35,2024-02-09T17:51:19,0.98,"Rain, Overcast",Cloudy skies throughout the day with early morning rain.,rain,"48820099999,48823099999,48825099999,48831099999,VVNB"
Hanoi,2024-02-10,21,15,17.5,21,15,17.5,9.7,62.7,0,0,0,,0,0,23.8,11.2,351,1027.3,52.8,8.9,113.3,9.7,5,10,2024-02-10T06:30:06,2024-02-10T17:51:53,0,Partially cloudy,Partly cloudy throughout the day.,partly-cloudy-day,"48820099999,48823099999,48825099999,48831099999,VVNB"
Hanoi,2024-02-11,23.5,15.7,19.1,23.5,15.7,19.1,9.2,55.5,0,0,0,,0,0,19.1,14.8,59.3,1026.8,55.5,10.4,163.2,14,6,10,2024-02-11T06:29:35,2024-02-11T17:52:25,0.04,Partially cloudy,Partly cloudy throughout the day.,partly-cloudy-day,"48820099999,48823099999,48825099999,48831099999,VVNB"
Hanoi,2024-02-12,24,12,18.5,24,12,18.5,12.3,70,0,0,0,,0,0,28.8,18.4,123.7,1023.4,9.7,9.4,222,19.1,8,10,2024-02-12T06:29:03,2024-02-12T17:52:57,0.08,Clear,Clear conditions throughout the day.,clear-day,"48820099999,48823099999,48825099999,48831099999,VVNB"
Hanoi,2024-02-13,26,16,20.7,26,16,20.7,16.7,79.5,0,0,0,,0,0,31.7,18.4,136.8,1019.9,69.3,8.6,126.1,10.7,6,10,2024-02-13T06:28:30,2024-02-13T17:53:29,0.11,Partially cloudy,Partly cloudy throughout the day.,partly-cloudy-day,"48820099999,48823099999,48825099999,48831099999,VVNB"
Hanoi,2024-02-14,24.5,20,21.8,24.5,20,21.8,18.3,80.7,0.4,100,12.5,rain,0,0,36.7,18.4,134.1,1017.5,92.3,10,91.9,8,4,10,2024-02-14T06:27:56,2024-02-14T17:54:00,0.15,"Rain, Overcast",Cloudy skies throughout the day with rain in the morning and afternoon.,rain,"48820099999,48823099999,48825099999,48831099999,VVNB"
Hanoi,2024-02-15,24,19,21.3,24,19,21.3,19.1,87.8,1.6,100,29.17,rain,0,0,17.6,14.8,115.2,1018.5,79.7,8.4,57.3,5.1,2,10,2024-02-15T06:27:21,2024-02-15T17:54:31,0.18,"Rain, Partially cloudy",Partly cloudy throughout the day with a chance of rain throughout the day.,rain,"48820099999,48823099999,48825099999,48831099999,VVNB"
Hanoi,2024-02-16,25,19,21.3,25,19,21.3,18.2,83.5,1,100,16.67,rain,0,0,27,14.8,119.2,1018.7,55.6,6.9,89.7,7.7,4,10,2024-02-16T06:26:46,2024-02-16T17:55:01,0.25,"Rain, Partially cloudy",Partly cloudy throughout the day with early morning rain.,rain,"48820099999,48823099999,48825099999,48831099999,VVNB"
Hanoi,2024-02-17,25,17,21.3,25,17,21.3,18.2,83.6,0,0,0,,0,0,36.4,22.3,119.1,1013.3,85,7.8,111.5,9.8,4,10,2024-02-17T06:26:09,2024-02-17T17:55:31,0.25,Partially cloudy,Partly cloudy throughout the day.,partly-cloudy-day,"48820099999,48823099999,48825099999,48831099999,VVNB"
Hanoi,2024-02-18,27.3,21,23.5,29.6,21,23.6,20.9,86.3,0,0,0,,0,0,28.1,18.4,121.2,1011.3,91.8,7.6,176.5,15.3,8,10,2024-02-18T06:25:31,2024-02-18T17:56:00,0.28,Overcast,Cloudy skies throughout the day.,cloudy,"48820099999,48823099999,48825099999,48831099999,VVNB"
Hanoi,2024-02-19,27,22,24.3,29.2,22,24.4,22.4,89.3,0,0,0,,0,0,34.9,22.3,121.6,1010.8,90.7,8,182.9,15.8,8,8,2024-02-19T06:24:52,2024-02-19T17:56:29,0.32,Overcast,Cloudy skies throughout the day.,cloudy,"48820099999,48823099999,48825099999,48831099999,VVNB"
Hanoi,2024-02-20,26.2,23,24.1,26.2,23,24.1,22.7,92.1,0.003,100,4.17,rain,0,0,37.4,22.3,119.1,1009.2,93.6,5.2,195.2,17,8,30,2024-02-20T06:24:13,2024-02-20T17:56:57,0.35,"Rain, Overcast",Cloudy skies throughout the day with afternoon rain.,rain,"48820099999,48823099999,48825099999,48831099999,VVNB"
Hanoi,2024-02-21,28,24,25.2,31.4,24,25.7,22.9,87.3,0.3,100,4.17,rain,0,0,31,20.5,116.3,1009.4,95.1,7.9,213.4,18.5,8,30,2024-02-21T06:23:32,2024-02-21T17:57:25,0.39,"Rain, Overcast",Cloudy skies throughout the day with afternoon rain.,rain,"48820099999,48823099999,48825099999,48831099999,VVNB"
Hanoi,2024-02-22,25.1,22.7,23.9,25.1,22.7,23.9,23,94.6,0.789,100,12.5,rain,0,0,35.6,18.4,113.8,1012.6,96.7,4.8,114.8,9.8,5,10,2024-02-22T06:22:51,2024-02-22T17:57:52,0.42,"Rain, Overcast",Cloudy skies throughout the day with rain.,rain,"48820099999,48823099999,48825099999,48831099999,VVNB"
Hanoi,2024-02-23,23,15,18.8,23,15,18.8,18,95.4,6.888,100,8.33,rain,0,0,26.3,22.3,68.7,1016.4,97.9,4.2,40.5,3.6,2,10,2024-02-23T06:22:09,2024-02-23T17:58:19,0.45,"Rain, Overcast",Cloudy skies throughout the day with rain.,rain,"48820099999,48823099999,48825099999,48831099999,VVNB"
Hanoi,2024-02-24,14.8,12,13,14.8,12,13,12.2,94.8,1.687,100,12.5,rain,0,0,22.7,22.3,43.1,1020.4,99.4,6.4,33.9,2.8,2,10,2024-02-24T06:21:26,2024-02-24T17:58:45,0.5,"Rain, Overcast",Cloudy skies throughout the day with a chance of rain throughout the day.,rain,"48820099999,48823099999,48825099999,48831099999,VVNB"
Hanoi,2024-02-25,14.5,11,13,14.5,11,13,11.1,88.4,0.723,100,4.17,rain,0,0,18.7,13,42,1021,99.5,9.3,43.4,3.6,2,10,2024-02-25T06:20:42,2024-02-25T17:59:11,0.52,"Rain, Overcast",Cloudy skies throughout the day with early morning rain.,rain,"48820099999,48823099999,48825099999,48831099999,VVNB"
Hanoi,2024-02-26,15.3,12,13.6,15.3,12,13.6,11.8,89.2,0.207,100,8.33,rain,0,0,19.4,16.6,43.5,1020.7,100,7.6,68.7,5.8,3,10,2024-02-26T06:19:58,2024-02-26T17:59:37,0.56,"Rain, Overcast",Cloudy skies throughout the day with rain in the morning and afternoon.,rain,"48820099999,48823099999,48825099999,48831099999,VVNB"
Hanoi,2024-02-27,15.1,12,13.1,15.1,12,13.1,10.4,83.8,0.605,100,12.5,rain,0,0,21.2,18.4,42.5,1021,99.5,9.8,47.8,3.9,2,10,2024-02-27T06:19:13,2024-02-27T18:00:02,0.59,"Rain, Overcast",Cloudy skies throughout the day with a chance of rain throughout the day.,rain,"48820099999,48823099999,48825099999,48831099999,VVNB,remote"
Hanoi,2024-02-28,15.8,12,13.6,15.8,12,13.6,12.2,91.2,0.105,100,8.33,rain,0,0,14.4,13,54.2,1017.1,100,7.6,68.2,5.9,3,10,2024-02-28T06:18:27,2024-02-28T18:00:27,0.62,"Rain, Overcast",Cloudy skies throughout the day with rain.,rain,"48820099999,48823099999,48825099999,48831099999,VVNB"
Hanoi,2024-02-29,16,13,14.6,16,13,14.6,11.9,84.5,0.8,100,12.5,rain,0,0,27.4,18.4,29.9,1018.5,100,8.1,53,4.6,2,10,2024-02-29T06:17:41,2024-02-29T18:00:51,0.66,"Rain, Overcast",Cloudy skies throughout the day with rain.,rain,"48820099999,48823099999,48825099999,48831099999,VVNB"
Hanoi,2024-03-01,16,13,14.4,16,13,14.4,8.9,69.6,0.003,100,4.17,rain,0,0,25.2,18.4,37.3,1022.2,100,10,56.3,5,2,10,2024-03-01T06:16:54,2024-03-01T18:01:15,0.69,"Rain, Overcast",Cloudy skies throughout the day with early morning rain.,rain,"48820099999,48823099999,48825099999,48831099999,VVNB"
Hanoi,2024-03-02,17,13,14.7,17,13,14.7,7.7,63.2,0,0,0,,0,0,25.6,18.4,62.9,1022,97.4,9.9,97.7,8.5,3,10,2024-03-02T06:16:06,2024-03-02T18:01:38,0.73,Overcast,Cloudy skies throughout the day.,cloudy,"48820099999,48823099999,48825099999,48831099999,VVNB"
Hanoi,2024-03-03,19.4,14,16.8,19.4,14,16.8,12.6,76.7,0,0,0,,0,0,32,18.4,142.9,1014.8,97.4,7.7,178,15.5,7,10,2024-03-03T06:15:18,2024-03-03T18:02:01,0.75,Overcast,Cloudy skies throughout the day.,cloudy,"48820099999,48823099999,48825099999,48831099999,VVNB"
Hanoi,2024-03-04,20.9,15.7,18.1,20.9,15.7,18.1,16.9,93,0.499,100,12.5,rain,0,0,25.9,13,138.1,1007.5,95.9,3.8,242.1,21,9,10,2024-03-04T06:14:29,2024-03-04T18:02:24,0.79,"Rain, Overcast",Cloudy skies throughout the day with a chance of rain throughout the day.,rain,"48820099999,48823099999,48825099999,48831099999,VVNB"
Hanoi,2024-03-05,30.1,18.5,23,32.2,18.5,23.5,19.7,83.1,0,0,0,,0,0,18,9.4,354,1004.6,46.7,5.1,258.4,22.3,9,10,2024-03-05T06:13:39,2024-03-05T18:02:46,0.83,Partially cloudy,Clearing in the afternoon.,partly-cloudy-day,"48820099999,48823099999,48825099999,48831099999,VVNB"
Hanoi,2024-03-06,29.2,20,24.3,30.1,20,24.7,19.3,75.8,0,0,0,,0,0,39.6,16.6,70.2,1008,37.8,6.5,249.9,21.6,9,10,2024-03-06T06:12:50,2024-03-06T18:03:08,0.86,Partially cloudy,Partly cloudy throughout the day.,partly-cloudy-day,"48820099999,48823099999,48825099999,48831099999,VVNB"
Hanoi,2024-03-07,24,20,21.9,24,20,21.9,14.9,65.3,0,0,0,rain,0,0,23.4,16.6,91.9,1014.3,87,9.1,87.4,7.5,3,10,2024-03-07T06:11:59,2024-03-07T18:03:30,0.89,Partially cloudy,Partly cloudy throughout the day.,partly-cloudy-day,"48820099999,48823099999,48825099999,48831099999,VVNB"
Hanoi,2024-03-08,21,18,19.6,21,18,19.6,15,75.1,0,0,0,,0,0,20.2,13,86.2,1017,81.5,7.5,50,4.3,2,10,2024-03-08T06:11:08,2024-03-08T18:03:51,0.93,Partially cloudy,Partly cloudy throughout the day.,partly-cloudy-day,"48820099999,48823099999,48825099999,48831099999,VVNB"
Hanoi,2024-03-09,19,16,17.3,19,16,17.3,15.1,87.1,0.005,100,8.33,rain,0,0,20.5,14.8,36.2,1016.9,95.3,7.1,51.2,4.3,2,10,2024-03-09T06:10:17,2024-03-09T18:04:12,0.96,"Rain, Overcast",Cloudy skies throughout the day with rain in the morning and afternoon.,rain,"48820099999,48823099999,48825099999,48831099999,VVNB"
Hanoi,2024-03-10,18,16,16.8,18,16,16.8,15.2,90.1,0.397,100,4.17,rain,0,0,19.4,13,35.5,1018.5,99,8.7,48.9,4.2,2,10,2024-03-10T06:09:26,2024-03-10T18:04:33,0,"Rain, Overcast",Cloudy skies throughout the day with early morning rain.,rain,"48820099999,48823099999,48825099999,48831099999,VVNB"
Hanoi,2024-03-11,24.7,16,19.8,24.7,16,19.8,15.1,75.8,0.118,100,8.33,rain,0,0,29.9,18.4,309.7,1020,62.9,10.3,130.4,11.2,6,10,2024-03-11T06:08:34,2024-03-11T18:04:53,0.03,"Rain, Partially cloudy",Partly cloudy throughout the day with rain.,rain,"48820099999,48823099999,48825099999,48831099999,VVNB,remote"
Hanoi,2024-03-12,25.5,16.7,20.8,25.5,16.7,20.8,16.3,76.9,0,0,0,rain,0,0,27.7,20.5,110.4,1016.8,26.1,7.7,176.4,15.4,8,10,2024-03-12T06:07:41,2024-03-12T18:05:14,0.06,Partially cloudy,Partly cloudy throughout the day.,partly-cloudy-day,"48820099999,48823099999,48825099999,48831099999,VVNB"
Hanoi,2024-03-13,24,19,20.6,24,19,20.6,18.4,88,0.2,100,8.33,rain,0,0,22,14.8,103.8,1014.3,80.3,5.7,95.2,8.1,4,10,2024-03-13T06:06:49,2024-03-13T18:05:34,0.09,"Rain, Partially cloudy",Partly cloudy throughout the day with rain.,rain,"48820099999,48823099999,48825099999,48831099999,VVNB"
Hanoi,2024-03-14,22.3,19,20.4,22.3,19,20.4,20,97.8,1.196,100,8.33,rain,0,0,20.9,13,51.9,1013.7,98.9,4.3,56.1,4.8,3,10,2024-03-14T06:05:56,2024-03-14T18:05:53,0.13,"Rain, Overcast",Cloudy skies throughout the day with rain.,rain,"48820099999,48823099999,48825099999,48831099999,VVNB"
Hanoi,2024-03-15,23.7,19,21.2,23.7,19,21.2,20.4,95.5,2.093,100,8.33,rain,0,0,22,13,81.8,1013.2,95.4,4.6,52.9,4.5,2,10,2024-03-15T06:05:02,2024-03-15T18:06:13,0.16,"Rain, Overcast",Cloudy skies throughout the day with rain.,rain,"48820099999,48823099999,48825099999,48831099999,VVNB"
Hanoi,2024-03-16,25,21.9,23.2,25,21.9,23.2,22.2,94.6,0.1,100,8.33,rain,0,0,34.9,16.6,137.8,1014.2,92.9,4.7,106.1,9,4,10,2024-03-16T06:04:09,2024-03-16T18:06:32,0.2,"Rain, Overcast",Cloudy skies throughout the day with rain clearing later.,rain,"48820099999,48823099999,48825099999,48831099999,VVNB"
Hanoi,2024-03-17,25.1,22,23.4,25.1,22,23.4,22.3,93.7,0.5,100,20.83,rain,0,0,31.7,13,125.9,1013.7,89.1,5,78.3,6.7,3,10,2024-03-17T06:03:15,2024-03-17T18:06:51,0.25,"Rain, Partially cloudy",Partly cloudy throughout the day with rain in the morning and afternoon.,rain,"48820099999,48823099999,48825099999,48831099999,VVNB"
Hanoi,2024-03-18,26,23,23.9,26,23,23.9,22.8,93.5,0.404,100,12.5,rain,0,0,27.4,16.6,125.8,1013.1,92.3,6.2,75.9,6.6,3,10,2024-03-18T06:02:21,2024-03-18T18:07:10,0.26,"Rain, Overcast",Cloudy skies throughout the day with rain.,rain,"48820099999,48823099999,48825099999,48831099999,VVNB"
Hanoi,2024-03-19,23,17,19.6,23,17,19.6,18.3,92.4,28.468,100,16.67,rain,0,0,47.2,33.5,48.7,1019.6,97.1,7.6,31.5,2.5,1,10,2024-03-19T06:01:27,2024-03-19T18:07:29,0.3,"Rain, Overcast",Cloudy skies throughout the day with a chance of rain throughout the day.,rain,"48820099999,48823099999,48825099999,48831099999,VVNB"
Hanoi,2024-03-20,23,18,20,23,18,20,14.5,72.2,0.101,100,8.33,rain,0,0,17.3,9.4,16.1,1022.4,99.2,9.8,47.6,4.1,2,10,2024-03-20T06:00:33,2024-03-20T18:07:48,0.33,"Rain, Overcast",Cloudy skies throughout the day with rain.,rain,"48820099999,48823099999,48825099999,48831099999,VVNB"
Hanoi,2024-03-21,26,17,21.5,26,17,21.5,16.3,73.9,0,0,0,,0,0,33.1,22.3,117.7,1015.4,37.6,10,260.8,22.6,9,10,2024-03-21T05:59:39,2024-03-21T18:08:07,0.36,Partially cloudy,Partly cloudy throughout the day.,partly-cloudy-day,"48820099999,48823099999,48825099999,48831099999,VVNB"
Hanoi,2024-03-22,24,18,20.9,24,18,20.9,19.5,91.6,0.002,100,4.17,rain,0,0,32,16.6,108.7,1009.3,83.8,5.5,161.8,13.9,6,10,2024-03-22T05:58:45,2024-03-22T18:08:25,0.4,"Rain, Partially cloudy",Partly cloudy throughout the day with afternoon rain.,rain,"48820099999,48823099999,48825099999,48831099999,VVNB"
Hanoi,2024-03-23,29.2,22,25.1,33.1,22,26.2,22.3,85.4,0.035,100,4.17,rain,0,0,33.5,24.1,114.6,1007.8,82.3,7.6,208.4,18.1,8,30,2024-03-23T05:57:50,2024-03-23T18:08:43,0.43,"Rain, Partially cloudy",Partly cloudy throughout the day with early morning rain.,rain,"48820099999,48823099999,48825099999,48831099999,VVNB"
Hanoi,2024-03-24,26.6,24,24.7,26.6,24,24.7,23.5,92.7,0.196,100,8.33,rain,0,0,33.8,18.4,108.5,1010.4,90.7,5.3,186.8,16.1,8,30,2024-03-24T05:56:56,2024-03-24T18:09:02,0.46,"Rain, Overcast",Cloudy skies throughout the day with rain in the morning and afternoon.,rain,"48820099999,48823099999,48825099999,48831099999,VVNB"
Hanoi,2024-03-25,30,23,26.3,34.6,23,27.8,23.6,85.9,0.101,100,8.33,rain,0,0,25.2,22.3,122.5,1012,73.6,7.4,130.7,11.3,5,30,2024-03-25T05:56:02,2024-03-25T18:09:20,0.5,"Rain, Partially cloudy",Partly cloudy throughout the day with rain clearing later.,rain,"48820099999,48823099999,48825099999,48831099999,VVNB"
Hanoi,2024-03-26,30,23,26.5,33.3,23,27.8,22.5,80.1,0.3,100,12.5,rain,0,0,36.4,24.1,136.6,1015.4,62.4,8.1,162.5,14,6,10,2024-03-26T05:55:07,2024-03-26T18:09:38,0.53,"Rain, Partially cloudy",Partly cloudy throughout the day with morning rain.,rain,"48820099999,48823099999,48825099999,48831099999,VVNB"
Hanoi,2024-03-27,29,24,26,32.7,24,27.2,22.8,82.9,0.2,100,4.17,rain,0,0,37.1,24.1,131.8,1014.4,73.8,7.7,167.3,14.4,8,30,2024-03-27T05:54:13,2024-03-27T18:09:56,0.57,"Rain, Partially cloudy",Partly cloudy throughout the day with afternoon rain.,rain,"48820099999,48823099999,48825099999,48831099999,VVNB"
Hanoi,2024-03-28,26,23,24.4,26,23,24.4,22.9,91.6,8.3,100,75,rain,0,0,25.9,18.4,90,1012.6,80.3,5.5,137.5,11.9,5,60,2024-03-28T05:53:19,2024-03-28T18:10:14,0.6,"Rain, Partially cloudy",Partly cloudy throughout the day with a chance of rain throughout the day.,rain,"48820099999,VVNB"
Hanoi,2024-03-29,27,21,23.2,29.1,21,23.3,21.5,90.4,4.6,100,45.83,rain,0,0,48.2,25.9,33.9,1013.2,69,7.1,100.6,8.8,5,30,2024-03-29T05:52:25,2024-03-29T18:10:32,0.64,"Rain, Partially cloudy",Partly cloudy throughout the day with a chance of rain throughout the day.,rain,VVNB
Hanoi,2024-03-30,30,22,25.4,35,22,27,22.9,86.9,0,0,0,,0,0,25.2,20.5,115.5,1010.6,75.3,6.5,163.7,14.3,6,60,2024-03-30T05:51:31,2024-03-30T18:10:50,0.67,Partially cloudy,Partly cloudy throughout the day.,partly-cloudy-day,"VVNB,remote"
Hanoi,2024-03-31,32,24,27.4,40.5,24,30.2,24.4,84.5,0,0,0,,0,0,25.6,18.4,96.3,1007.5,63.3,5.2,237.4,20.3,9,60,2024-03-31T05:50:37,2024-03-31T18:11:09,0.7,Partially cloudy,Partly cloudy throughout the day.,partly-cloudy-day,VVNB
Hanoi,2024-04-01,33,24.6,27.8,42,24.6,31.1,24.7,84.1,0,0,0,,0,0,33.1,18.4,95.2,1004,55.3,6.7,284.5,24.6,9,30,2024-04-01T05:49:43,2024-04-01T18:11:27,0.74,Partially cloudy,Partly cloudy throughout the day.,partly-cloudy-day,"VVNB,remote"
Hanoi,2024-04-02,33,25,27.7,42,25,30.7,24.6,84.2,0,0,0,,0,0,37.4,20.5,100.2,1002.8,53.9,7.9,289.4,25,10,30,2024-04-02T05:48:49,2024-04-02T18:11:45,0.75,Partially cloudy,Partly cloudy throughout the day.,partly-cloudy-day,"48820099999,48823099999,48825099999,48831099999,VVNB"
Hanoi,2024-04-03,32.5,26,28.1,41.2,26,32,25.1,84.1,0,0,0,,0,0,29.9,20.5,96.8,1004.3,83.9,7.7,283.9,24.4,10,60,2024-04-03T05:47:56,2024-04-03T18:12:03,0.81,Partially cloudy,Partly cloudy throughout the day.,partly-cloudy-day,"48820099999,48823099999,48825099999,48831099999,VVNB"
Hanoi,2024-04-04,31,26,27.8,39.1,26,31.5,25.3,86.8,0,0,0,,0,0,28.4,20.5,108.5,1005.1,95.5,7.9,289.3,24.8,10,75,2024-04-04T05:47:03,2024-04-04T18:12:21,0.84,Overcast,Cloudy skies throughout the day.,cloudy,"48820099999,48823099999,48825099999,48831099999,VVNB"
Hanoi,2024-04-05,28,25,26.7,32.7,25,28.9,24.9,89.6,0.196,100,8.33,rain,0,0,32.4,24.1,135.7,1007.3,97.8,8.1,87.4,7.6,4,60,2024-04-05T05:46:10,2024-04-05T18:12:40,0.88,"Rain, Overcast",Cloudy skies throughout the day with rain.,rain,"48820099999,48823099999,48825099999,48831099999,VVNB"
Hanoi,2024-04-06,28,24,25.7,32,24,26.8,24,90.4,0.997,100,8.33,rain,0,0,33.1,22.3,136.6,1008.6,97.4,7.4,97.6,8.3,4,30,2024-04-06T05:45:18,2024-04-06T18:12:58,0.91,"Rain, Overcast",Cloudy skies throughout the day with rain clearing later.,rain,"48820099999,48823099999,48825099999,48831099999,VVNB"
Hanoi,2024-04-07,25.8,23,24.3,25.8,23,24.3,23.7,96.7,0.207,100,8.33,rain,0,0,29.2,16.6,93.7,1007.7,95,3.8,61.2,5.2,2,15,2024-04-07T05:44:26,2024-04-07T18:13:17,0.95,"Rain, Overcast",Cloudy skies throughout the day with rain.,rain,"48820099999,48823099999,48825099999,48831099999,VVNB"
Hanoi,2024-04-08,24.4,21,22.9,24.4,21,22.9,20.1,84.9,0.856,100,8.33,rain,0,0,28.8,24.1,49.1,1011.9,99.5,8.6,68.6,5.9,3,10,2024-04-08T05:43:34,2024-04-08T18:13:36,0.98,"Rain, Overcast",Cloudy skies throughout the day with rain.,rain,"48820099999,48823099999,48825099999,48831099999,VVNB"
Hanoi,2024-04-09,25,21,23,25,21,23,20.5,86.3,1.004,100,12.5,rain,0,0,14.4,16.6,38.4,1014.6,97.9,9.2,62.2,5.5,2,10,2024-04-09T05:42:42,2024-04-09T18:13:54,0,"Rain, Overcast",Cloudy skies throughout the day with rain.,rain,"48820099999,48823099999,48825099999,48831099999,VVNB"
Hanoi,2024-04-10,24.8,21.9,23.3,24.8,21.9,23.3,21.9,91.9,0.208,100,12.5,rain,0,0,23.8,9.4,99.7,1014.5,89.7,5.2,128.7,11.1,5,10,2024-04-10T05:41:51,2024-04-10T18:14:13,0.05,"Rain, Partially cloudy",Partly cloudy throughout the day with a chance of rain throughout the day.,rain,"48820099999,48823099999,48825099999,48831099999,VVNB"
Hanoi,2024-04-11,29.5,23,25.5,34.1,23,26.8,23.6,89.3,0.4,100,12.5,rain,0,0,31.3,18.4,119.9,1013.2,76.3,5.7,167.1,14.3,7,30,2024-04-11T05:41:01,2024-04-11T18:14:33,0.08,"Rain, Partially cloudy",Partly cloudy throughout the day with afternoon rain.,rain,"48820099999,48823099999,48825099999,48831099999,VVNB"
Hanoi,2024-04-12,31,24,27.1,36.5,24,29.4,24,83.8,0,0,0,rain,0,0,35.3,18.4,134,1011.4,83,8.1,160,13.7,5,60,2024-04-12T05:40:10,2024-04-12T18:14:52,0.11,Partially cloudy,Partly cloudy throughout the day.,partly-cloudy-day,"48820099999,48823099999,48825099999,48831099999,VVNB"
Hanoi,2024-04-13,31,25.9,27.6,39.1,25.9,30.6,24.5,83.4,0,0,0,rain,0,0,36,22.3,136.9,1008.5,87.9,9.2,187.5,16.1,7,75,2024-04-13T05:39:21,2024-04-13T18:15:11,0.15,Partially cloudy,Partly cloudy throughout the day.,partly-cloudy-day,"48820099999,48823099999,48825099999,48831099999,VVNB"
Hanoi,2024-04-14,30.8,26,27.4,37.4,26,30.7,25.1,87.4,0,0,0,,0,0,28.8,22.3,113.8,1008.6,95.5,7.7,195,16.9,7,100,2024-04-14T05:38:31,2024-04-14T18:15:31,0.18,Overcast,Cloudy skies throughout the day.,cloudy,"48820099999,48823099999,48825099999,48831099999,VVNB"
Hanoi,2024-04-15,29.5,26,27.1,35.6,26,29.6,24.9,88,0.2,100,8.33,rain,0,0,36.7,20.5,120.4,1009.7,92.9,7.9,163.8,14.3,5,75,2024-04-15T05:37:43,2024-04-15T18:15:50,0.21,"Rain, Overcast",Cloudy skies throughout the day with rain in the morning and afternoon.,rain,"48820099999,48823099999,48825099999,48831099999,VVNB"
Hanoi,2024-04-16,33,25,28.3,38.1,25,30.6,23.6,77.9,2.962,100,4.17,rain,0,0,38.9,25.9,136.1,1007.9,45.5,10.4,185.9,16,9,75,2024-04-16T05:36:54,2024-04-16T18:16:10,0.25,"Rain, Partially cloudy",Partly cloudy throughout the day with morning rain.,rain,"48820099999,48823099999,48825099999,48831099999,VVNB"
Hanoi,2024-04-17,30,25,27.3,37.4,25,30.4,25.1,88.1,0,0,0,rain,0,0,29.2,20.5,122.3,1006.7,89.2,8.2,219.8,18.9,8,75,2024-04-17T05:36:07,2024-04-17T18:16:31,0.28,Partially cloudy,Partly cloudy throughout the day.,partly-cloudy-day,"48820099999,48823099999,48825099999,48831099999,VVNB"
Hanoi,2024-04-18,32,24,27.3,39.2,24,29.9,24.5,86,13.86,100,8.33,rain,0,0,33.1,24.1,123,1004.9,61.4,8.1,177,15.3,8,100,2024-04-18T05:35:20,2024-04-18T18:16:51,0.31,"Rain, Partially cloudy",Partly cloudy throughout the day with rain clearing later.,rain,"48820099999,48823099999,48825099999,48831099999,VVNB"
Hanoi,2024-04-19,33,26,28.4,42.3,26,33.6,25.6,85.3,0,0,0,,0,0,29.9,24.1,120.6,1002.3,77.2,8.4,273.6,23.5,10,100,2024-04-19T05:34:33,2024-04-19T18:17:11,0.34,Partially cloudy,Partly cloudy throughout the day.,partly-cloudy-day,"48820099999,48823099999,48825099999,48831099999,VVNB"
Hanoi,2024-04-20,34.4,24,28.9,45.3,24,34.6,25.6,83.1,8.843,100,4.17,rain,0,0,57.6,38.9,96.8,1002.2,75.8,8.3,272.4,23.5,9,75,2024-04-20T05:33:47,2024-04-20T18:17:32,0.38,"Rain, Partially cloudy",Partly cloudy throughout the day with late afternoon rain.,rain,"48820099999,48823099999,48825099999,48831099999,VVNB"
Hanoi,2024-04-21,32,24,27.4,42.3,24,31,24.8,86.5,40.283,100,4.17,rain,0,0,33.5,22.3,93.2,1004.2,90.3,8.7,244.6,21.1,9,75,2024-04-21T05:33:02,2024-04-21T18:17:53,0.41,"Rain, Overcast",Cloudy skies throughout the day with early morning rain.,rain,"48820099999,48823099999,48825099999,48831099999,VVNB"
Hanoi,2024-04-22,29,24,26.7,34.5,24,29.1,24.3,86.7,0.034,100,8.33,rain,0,0,24.8,14.8,91.7,1006,95.8,9,97,8.4,4,60,2024-04-22T05:32:17,2024-04-22T18:18:14,0.44,"Rain, Overcast",Cloudy skies throughout the day with rain.,rain,"48820099999,48823099999,48825099999,48831099999,VVNB"
Hanoi,2024-04-23,31.7,26,28.2,39.1,26,32.2,25,83.5,2.5,100,33.33,rain,0,0,32.8,18.4,86.7,1006.1,90.8,8.3,134.6,11.6,7,75,2024-04-23T05:31:33,2024-04-23T18:18:36,0.47,"Rain, Overcast",Cloudy skies throughout the day with rain.,rain,"48820099999,48823099999,48825099999,48831099999,VVNB"
Hanoi,2024-04-24,28.6,23,25.8,33.4,23,26.4,23.9,89.4,2.949,100,12.5,rain,0,0,22,13,65.3,1006.9,82.7,8.3,90.2,7.7,3,60,2024-04-24T05:30:50,2024-04-24T18:18:57,0.5,"Rain, Partially cloudy",Partly cloudy throughout the day with rain.,rain,"48820099999,48823099999,48825099999,48831099999,VVNB"
Hanoi,2024-04-25,34,25,28.9,45.8,25,34.3,25.7,83.9,5.9,100,8.33,rain,0,0,26.3,20.5,116.8,1004.1,65.7,7.7,208.5,18,8,75,2024-04-25T05:30:08,2024-04-25T18:19:19,0.54,"Rain, Partially cloudy",Partly cloudy throughout the day with rain clearing later.,rain,"48820099999,48823099999,48825099999,48831099999,VVNB"
Hanoi,2024-04-26,36.7,27,31.1,48.1,31.2,39.7,26.7,79.2,0,0,0,,0,0,27.7,18.4,112.8,1001,50.9,7.1,289.3,25.1,10,60,2024-04-26T05:29:26,2024-04-26T18:19:41,0.58,Partially cloudy,Partly cloudy throughout the day.,partly-cloudy-day,"48820099999,48823099999,48825099999,48831099999,VVNB"
Hanoi,2024-04-27,40,27,32.2,44.7,31.2,38.6,24.6,69.5,0,0,0,,0,0,27,16.6,98,999.6,9.1,7.8,316.6,27.5,10,30,2024-04-27T05:28:45,2024-04-27T18:20:03,0.61,Clear,Clear conditions throughout the day.,clear-day,"48820099999,48823099999,48825099999,48831099999,VVNB"
Hanoi,2024-04-28,35.8,27,30.7,51,30.6,39.6,26.9,80.9,0,0,0,,0,0,25.9,20.5,98.5,1002,45.3,10.3,304.7,26.2,10,60,2024-04-28T05:28:05,2024-04-28T18:20:26,0.65,Partially cloudy,Partly cloudy throughout the day.,partly-cloudy-day,"48820099999,48823099999,48825099999,48831099999,VVNB"
Hanoi,2024-04-29,34,28,30.2,49.5,34.3,39.4,27.2,84.5,0.2,100,8.33,rain,0,0,32,20.5,108.3,1002.1,66.8,9.7,291.5,25.1,10,75,2024-04-29T05:27:25,2024-04-29T18:20:48,0.68,"Rain, Partially cloudy",Partly cloudy throughout the day with afternoon rain.,rain,"48820099999,48823099999,48825099999,48831099999,VVNB"
Hanoi,2024-04-30,37.2,27,31.1,50.2,31.2,40.1,26.7,78.6,0.8,100,4.17,rain,0,0,33.5,18.4,84.8,999.1,43,9.5,306.5,26.4,10,30,2024-04-30T05:26:47,2024-04-30T18:21:11,0.72,"Rain, Partially cloudy",Clearing in the afternoon with late afternoon rain.,rain,"48820099999,48823099999,48825099999,48831099999,VVNB"
Hanoi,2024-05-01,28.4,24,26,32.8,24,27.1,22.8,82.9,2.2,100,41.67,rain,0,0,31,18.4,41.9,1004.9,93,9.5,74.7,6.5,4,10,2024-05-01T05:26:09,2024-05-01T18:21:35,0.75,"Rain, Overcast",Cloudy skies throughout the day with rain.,rain,"48820099999,48823099999,48825099999,48831099999,VVNB"
Hanoi,2024-05-02,26.3,22,24.1,26.3,22,24.1,22.5,91.1,32.651,100,8.33,rain,0,0,15.8,16.6,61.5,1008.1,89.2,8.5,73.7,6.4,3,10,2024-05-02T05:25:32,2024-05-02T18:21:58,0.79,"Rain, Partially cloudy",Partly cloudy throughout the day with rain in the morning and afternoon.,rain,"48820099999,48823099999,48825099999,48831099999,VVNB"
Hanoi,2024-05-03,27.8,23,25.1,31.1,23,25.6,23.6,91.6,34.332,100,12.5,rain,0,0,32,22.3,103.5,1007.9,93.3,8,92.6,8,4,60,2024-05-03T05:24:56,2024-05-03T18:22:21,0.83,"Rain, Overcast",Cloudy skies throughout the day with a chance of rain throughout the day.,rain,"48820099999,48823099999,48825099999,48831099999,VVNB"
Hanoi,2024-05-04,33,25,28.2,42.1,25,32.1,25.1,84.1,0.1,100,4.17,rain,0,0,27,22.3,118.5,1004.6,72.5,8.8,255.8,22,9,100,2024-05-04T05:24:21,2024-05-04T18:22:45,0.86,"Rain, Partially cloudy",Partly cloudy throughout the day with morning rain.,rain,"48820099999,48823099999,48825099999,48831099999,VVNB"
Hanoi,2024-05-05,28.8,24,26.5,31.7,24,27.9,22.2,77.4,1.1,100,33.33,rain,0,0,28.1,16.6,52.4,1008.3,85,9.9,86,7.4,4,10,2024-05-05T05:23:47,2024-05-05T18:23:09,0.9,"Rain, Partially cloudy",Partly cloudy throughout the day with a chance of rain throughout the day.,rain,"48820099999,48823099999,48825099999,48831099999,VVNB"
Hanoi,2024-05-06,28.9,24.5,26.1,32.4,24.5,27,23.5,86.4,2.175,100,4.17,rain,0,0,32.4,16.6,52,1011,79.7,9.3,87.7,7.6,3,30,2024-05-06T05:23:14,2024-05-06T18:23:33,0.93,"Rain, Partially cloudy",Partly cloudy throughout the day with afternoon rain.,rain,"48820099999,48823099999,48825099999,48831099999,VVNB"
Hanoi,2024-05-07,30.5,25,27.3,36.8,25,30.3,24.7,85.9,4.913,100,4.17,rain,0,0,22.7,13,72.2,1012.7,82,9.1,136.6,11.7,5,30,2024-05-07T05:22:41,2024-05-07T18:23:58,0.97,"Rain, Partially cloudy",Partly cloudy throughout the day with late afternoon rain.,rain,"48820099999,48823099999,48825099999,48831099999,VVNB"
Hanoi,2024-05-08,30,26,27.3,37.4,26,30.5,25.4,89.7,5.157,100,4.17,rain,0,0,26.6,14.8,99.6,1011.7,82.3,7.8,171.2,14.6,6,30,2024-05-08T05:22:10,2024-05-08T18:24:22,0,"Rain, Partially cloudy",Partly cloudy throughout the day with afternoon rain.,rain,"48820099999,48823099999,48825099999,48831099999,VVNB"
Hanoi,2024-05-09,31,23,26.1,37.7,23,27.6,23.7,87,2.994,100,8.33,rain,0,0,23.8,20.5,74,1012.7,89.1,9.6,132.7,11.3,5,30,2024-05-09T05:21:40,2024-05-09T18:24:47,0.03,"Rain, Partially cloudy",Partly cloudy throughout the day with rain in the morning and afternoon.,rain,"48820099999,48823099999,48825099999,48831099999,VVNB"
Hanoi,2024-05-10,31.8,24,27.9,39.1,24,31.2,24.5,82.8,0.15,100,8.33,rain,0,0,34.2,24.1,121.5,1011.5,66.8,9.1,248.4,21.3,8,30,2024-05-10T05:21:10,2024-05-10T18:25:12,0.07,"Rain, Partially cloudy",Partly cloudy throughout the day with rain clearing later.,rain,"48820099999,48823099999,48825099999,48831099999,VVNB"
Hanoi,2024-05-11,33,26,29.2,42.1,26,34.7,25.6,82.3,0.3,100,12.5,rain,0,0,27.4,20.5,144.5,1010.7,60.4,9.3,228.6,19.9,8,60,2024-05-11T05:20:42,2024-05-11T18:25:37,0.1,"Rain, Partially cloudy",Partly cloudy throughout the day with rain in the morning and afternoon.,rain,"48820099999,48823099999,48825099999,48831099999,VVNB"
Hanoi,2024-05-12,34.2,24.5,28.5,43.5,24.5,33.1,25.5,84.7,17.122,100,4.17,rain,0,0,25.9,24.1,102.6,1010.3,70.7,8.7,178.3,15.3,6,60,2024-05-12T05:20:14,2024-05-12T18:26:02,0.13,"Rain, Partially cloudy",Partly cloudy throughout the day with late afternoon rain.,rain,"48820099999,48823099999,48825099999,48831099999,VVNB"
Hanoi,2024-05-13,30.1,23,26.7,34.1,23,28.5,22.9,80.8,143.517,100,16.67,rain,0,0,20.9,16.6,326.7,1012,63.1,9.5,69.7,6,3,10,2024-05-13T05:19:48,2024-05-13T18:26:27,0.16,"Rain, Partially cloudy",Partly cloudy throughout the day with a chance of rain throughout the day.,rain,"48820099999,48823099999,48825099999,48831099999,VVNB"
Hanoi,2024-05-14,32,24,28.1,37.9,24,31.1,23.8,78.6,0.1,100,4.17,rain,0,0,27,14.8,137.8,1011.2,46.5,9.9,246.9,21.4,8,30,2024-05-14T05:19:22,2024-05-14T18:26:52,0.2,"Rain, Partially cloudy",Partly cloudy throughout the day with morning rain.,rain,"48820099999,48823099999,48825099999,48831099999,VVNB"
Hanoi,2024-05-15,31.1,24,27.5,39.1,24,30.8,25.1,87.2,0.786,100,4.17,rain,0,0,27.7,22.3,93.5,1012.3,76.7,8.3,202,17.4,8,30,2024-05-15T05:18:58,2024-05-15T18:27:18,0.25,"Rain, Partially cloudy",Partly cloudy throughout the day with late afternoon rain.,rain,"48820099999,48823099999,48825099999,48831099999,VVNB"
Hanoi,2024-05-16,31.1,25,27.5,35,25,29.2,23.2,78.5,0.197,100,4.17,rain,0,0,33.8,16.6,25.3,1012.8,85.2,9.9,90.2,7.8,5,10,2024-05-16T05:18:35,2024-05-16T18:27:43,0.26,"Rain, Partially cloudy",Partly cloudy throughout the day with early morning rain.,rain,"48820099999,48823099999,48825099999,48831099999,VVNB"
Hanoi,2024-05-17,31.1,25,27.9,34.7,25,30.1,22.8,74.6,0.7,100,20.83,rain,0,0,27,20.5,140.7,1009.9,70.9,9.3,220.9,19.2,7,10,2024-05-17T05:18:12,2024-05-17T18:28:09,0.29,"Rain, Partially cloudy",Partly cloudy throughout the day with rain in the morning and afternoon.,rain,"48820099999,48823099999,48825099999,48831099999,VVNB"
Hanoi,2024-05-18,32.4,26.9,29.1,42.1,30.6,35.7,26,84,9.4,100,41.67,rain,0,0,34.9,22.3,133.6,1004.8,89.3,9.9,193.3,16.8,8,75,2024-05-18T05:17:51,2024-05-18T18:28:34,0.33,"Rain, Partially cloudy",Partly cloudy throughout the day with rain.,rain,"48820099999,48823099999,48825099999,48831099999,VVNB"
Hanoi,2024-05-19,32,25,28.4,44.1,25,34.3,26.2,88.1,43.738,100,8.33,rain,0,0,31.3,25.9,84.5,1002.4,84.8,9.8,136.8,11.9,7,75,2024-05-19T05:17:31,2024-05-19T18:29:00,0.36,"Rain, Partially cloudy",Partly cloudy throughout the day with rain.,rain,"48820099999,48823099999,48825099999,48831099999,VVNB"
Hanoi,2024-05-20,31,25,27.7,37.7,25,30.9,24.7,84.7,7.878,100,8.33,rain,0,0,30.2,16.6,301.2,1005.8,51.6,8.6,207.2,17.9,7,10,2024-05-20T05:17:12,2024-05-20T18:29:25,0.39,"Rain, Partially cloudy",Partly cloudy throughout the day with rain clearing later.,rain,"48820099999,48823099999,48825099999,48831099999,VVNB"
Hanoi,2024-05-21,34,26,28.4,42,26,32.4,24.7,81.2,1,100,12.5,rain,0,0,28.1,9.4,72.4,1007.7,72.5,8.4,198.2,17,8,10,2024-05-21T05:16:54,2024-05-21T18:29:51,0.42,"Rain, Partially cloudy",Partly cloudy throughout the day with rain.,rain,"48820099999,48823099999,48825099999,48831099999,VVNB"
Hanoi,2024-05-22,33.2,25,28.7,38.3,25,31.8,23.8,76.3,0.035,100,4.17,rain,0,0,21.2,16.6,15.1,1008.7,53.5,8.8,224.7,19.4,8,10,2024-05-22T05:16:37,2024-05-22T18:30:17,0.46,"Rain, Partially cloudy",Partly cloudy throughout the day with early morning rain.,rain,"48820099999,48823099999,48825099999,48831099999,VVNB"
Hanoi,2024-05-23,32,25.6,27.9,40.7,25.6,31.5,24.6,82.5,5.898,100,8.33,rain,0,0,20.5,14.8,273.6,1008.1,61.7,8.7,198.9,17.2,8,10,2024-05-23T05:16:21,2024-05-23T18:30:42,0.5,"Rain, Partially cloudy",Partly cloudy throughout the day with rain clearing later.,rain,"48820099999,48823099999,48825099999,48831099999,VVNB"
Hanoi,2024-05-24,35,26,29.3,39.5,26,33.6,24.8,78.8,0.9,100,16.67,rain,0,0,42.5,22.3,130.8,1007.6,57.5,7.8,247.5,21.3,8,30,2024-05-24T05:16:07,2024-05-24T18:31:08,0.52,"Rain, Partially cloudy",Partly cloudy throughout the day with rain in the morning and afternoon.,rain,"48820099999,48823099999,48825099999,48831099999,VVNB"
Hanoi,2024-05-25,32,26,28.2,40.4,26,33.8,26.2,89.4,13.947,100,8.33,rain,0,0,31.7,20.5,134.6,1007.5,71.6,8.8,129.9,11.2,6,30,2024-05-25T05:15:53,2024-05-25T18:31:33,0.56,"Rain, Partially cloudy",Partly cloudy throughout the day with rain.,rain,"48820099999,48823099999,48825099999,48831099999,VVNB"
Hanoi,2024-05-26,35,26,30.7,46.3,26,38.9,26.9,81.5,10.651,100,8.33,rain,0,0,31.7,13,159.1,1004.9,64.4,9.7,215.9,18.8,8,30,2024-05-26T05:15:40,2024-05-26T18:31:58,0.59,"Rain, Partially cloudy",Partly cloudy throughout the day with rain.,rain,"48820099999,48823099999,48825099999,48831099999,VVNB"
Hanoi,2024-05-27,36,28,32.1,44.9,34.5,40.8,26.3,73.1,0.197,100,4.17,rain,0,0,25.2,14.8,231,1001.2,70.8,9.5,210.2,18.1,7,30,2024-05-27T05:15:29,2024-05-27T18:32:23,0.63,"Rain, Partially cloudy",Partly cloudy throughout the day with late afternoon rain.,rain,"48820099999,48823099999,48825099999,48831099999,VVNB"
Hanoi,2024-05-28,35,29,31.8,47.3,36.8,41.6,26.9,76,0.2,100,8.33,rain,0,0,28.8,14.8,52.3,1000.9,57.8,9.9,178.6,15.5,7,60,2024-05-28T05:15:19,2024-05-28T18:32:48,0.67,"Rain, Partially cloudy",Partly cloudy throughout the day with rain in the morning and afternoon.,rain,"48820099999,48823099999,48825099999,48831099999,VVNB"
Hanoi,2024-05-29,36,29,32,50.8,36.8,42.9,27.6,78.4,0,0,0,rain,0,0,28.8,24.1,120.2,1000.7,76.5,11,244.5,21,8,75,2024-05-29T05:15:09,2024-05-29T18:33:13,0.7,Partially cloudy,Partly cloudy throughout the day.,partly-cloudy-day,"48820099999,48823099999,48825099999,48831099999,VVNB"
Hanoi,2024-05-30,35,26,30.2,47.8,26,38,26.4,80.6,56.986,100,4.17,rain,0,0,32,29.5,92.8,1002,80,9.2,177.9,15.3,6,60,2024-05-30T05:15:01,2024-05-30T18:33:37,0.74,"Rain, Partially cloudy",Partly cloudy throughout the day with late afternoon rain.,rain,"48820099999,48823099999,48825099999,48831099999,VVNB"
Hanoi,2024-05-31,29,23.9,26.6,33.6,23.9,28.6,23.7,84.7,31.494,100,12.5,rain,0,0,24.5,13,294.7,1006.2,90.2,9.8,96.1,8.2,4,10,2024-05-31T05:14:54,2024-05-31T18:34:01,0.75,"Rain, Overcast",Cloudy skies throughout the day with a chance of rain throughout the day.,rain,"48820099999,48823099999,48825099999,48831099999,VVNB"
Hanoi,2024-06-01,34,26.3,30,39.4,26.3,34.4,24.3,73.5,0.1,100,4.17,rain,0,0,16.9,11.2,100.3,1007.3,50.2,9.7,247,21.2,8,10,2024-06-01T05:14:48,2024-06-01T18:34:25,0.81,"Rain, Partially cloudy",Partly cloudy throughout the day with early morning rain.,rain,"48820099999,48823099999,48825099999,48831099999,VVNB"
Hanoi,2024-06-02,36,27,31.1,48.1,31.2,39.5,26.6,78.3,0.6,100,25,rain,0,0,40.7,22.3,130.1,1005.9,53.8,9.8,225.1,19.3,7,60,2024-06-02T05:14:43,2024-06-02T18:34:49,0.85,"Rain, Partially cloudy",Partly cloudy throughout the day with a chance of rain throughout the day.,rain,"48820099999,48823099999,48825099999,48831099999,VVNB"
Hanoi,2024-06-03,36,27,30.9,45.5,31.2,38.8,26.3,78.3,0.017,100,4.17,rain,0,0,25.2,29.5,102.9,1003,60,9,202,17.6,8,60,2024-06-03T05:14:39,2024-06-03T18:35:12,0.88,"Rain, Partially cloudy",Partly cloudy throughout the day with late afternoon rain.,rain,"48820099999,48823099999,48825099999,48831099999,VVNB"
Hanoi,2024-06-04,33.5,27,29.1,44.7,31,35.6,26.1,84.5,12.59,100,8.33,rain,0,0,29.9,14.8,62.8,1004,67,9.9,118.2,10.2,5,60,2024-06-04T05:14:36,2024-06-04T18:35:35,0.92,"Rain, Partially cloudy",Partly cloudy throughout the day with rain.,rain,"48820099999,48823099999,48825099999,48831099999,VVNB"
Hanoi,2024-06-05,29,25.8,27.2,36.8,25.8,30.6,25.1,88.6,68.788,100,12.5,rain,0,0,23,20.5,23.5,1007,91.7,9.8,41.1,3.6,2,30,2024-06-05T05:14:34,2024-06-05T18:35:58,0.95,"Rain, Overcast",Cloudy skies throughout the day with a chance of rain throughout the day.,rain,"48820099999,48823099999,48825099999,48831099999,VVNB"
Hanoi,2024-06-06,28,24,26.3,32.7,24,28.1,24.3,88.7,6.119,100,12.5,rain,0,0,23,16.6,339.2,1008.6,94.4,9.8,113.2,9.7,6,10,2024-06-06T05:14:33,2024-06-06T18:36:20,0,"Rain, Overcast",Cloudy skies throughout the day with a chance of rain throughout the day.,rain,"48820099999,48823099999,48825099999,48831099999,VVNB"
Hanoi,2024-06-07,33,26,28.5,41.4,26,33.3,25.8,85.7,9.2,100,41.67,rain,0,0,21.2,22.3,108.4,1005,79.5,7.7,169.6,14.6,6,60,2024-06-07T05:14:34,2024-06-07T18:36:42,0.02,"Rain, Partially cloudy",Partly cloudy throughout the day with a chance of rain throughout the day.,rain,"48820099999,48823099999,48825099999,48831099999,VVNB"
Hanoi,2024-06-08,33,26,29,42.4,26,34.9,26,84.6,39.388,100,8.33,rain,0,0,22.3,14.8,130.5,1002.8,77.7,8.9,80.8,6.8,3,30,2024-06-08T05:14:35,2024-06-08T18:37:03,0.05,"Rain, Partially cloudy",Partly cloudy throughout the day with rain.,rain,"48820099999,48823099999,48825099999,48831099999,VVNB"
Hanoi,2024-06-09,27.5,26,26.3,32.3,26,27.1,25.4,95.2,32.294,100,12.5,rain,0,0,21.6,13,70.9,1003.9,89.1,8.6,85.6,7.3,4,30,2024-06-09T05:14:37,2024-06-09T18:37:24,0.09,"Rain, Partially cloudy",Partly cloudy throughout the day with a chance of rain throughout the day.,rain,"48820099999,48823099999,48825099999,48831099999,VVNB"
Hanoi,2024-06-10,31.4,26,28.1,41.2,26,33.1,26.3,89.8,15.932,100,16.67,rain,0,0,29.9,16.6,103,1005.3,85,8.3,177.4,15.3,7,60,2024-06-10T05:14:40,2024-06-10T18:37:45,0.12,"Rain, Partially cloudy",Partly cloudy throughout the day with a chance of rain throughout the day.,rain,"48820099999,48823099999,48825099999,48831099999,VVNB"
Hanoi,2024-06-11,35,27.9,30.3,46.7,33.6,39.1,27.2,84.3,10.808,100,8.33,rain,0,0,27,18.4,115.2,1004.9,68.9,8.5,204.5,17.8,8,60,2024-06-11T05:14:44,2024-06-11T18:38:04,0.15,"Rain, Partially cloudy",Partly cloudy throughout the day with rain.,rain,"48820099999,48823099999,48825099999,48831099999,VVNB"
Hanoi,2024-06-12,35.8,28,31.7,46.7,34.5,40.4,26.6,76.1,0.197,100,4.17,rain,0,0,25.9,11.2,100.9,1003.8,65.2,9.2,251.7,21.8,8,60,2024-06-12T05:14:49,2024-06-12T18:38:24,0.18,"Rain, Partially cloudy",Partly cloudy throughout the day with early morning rain.,rain,"48820099999,48823099999,48825099999,48831099999,VVNB"
Hanoi,2024-06-13,38,28.9,33,46,36.5,41,25.5,67.2,0,0,0,,0,0,28.8,13,242.1,1000.9,52.1,9.7,249.6,21.5,8,30,2024-06-13T05:14:55,2024-06-13T18:38:42,0.22,Partially cloudy,Partly cloudy throughout the day.,partly-cloudy-day,"48820099999,48823099999,48825099999,48831099999,VVNB"
Hanoi,2024-06-14,37,30,33.3,47.3,35.1,41.5,25.2,63.6,0,0,0,,0,0,24.8,11.2,219,999.4,67.9,10.3,216.6,18.7,7,30,2024-06-14T05:15:02,2024-06-14T18:39:00,0.25,Partially cloudy,Partly cloudy throughout the day.,partly-cloudy-day,"48820099999,48823099999,48825099999,48831099999,VVNB"
Hanoi,2024-06-15,34.9,29,31.6,47.6,36.8,43,27.9,81.1,0.2,100,8.33,rain,0,0,21.2,13,29,1001.1,51,7.4,161,13.9,6,60,2024-06-15T05:15:10,2024-06-15T18:39:18,0.28,"Rain, Partially cloudy",Partly cloudy throughout the day with morning rain.,rain,"48820099999,48823099999,48825099999,48831099999,VVNB"
Hanoi,2024-06-16,37.3,27,31.4,50.7,30.6,41.8,27.3,80.1,0.098,100,4.17,rain,0,0,16.6,16.6,78.3,1002.1,52.6,8.5,219.9,19.1,8,60,2024-06-16T05:15:19,2024-06-16T18:39:34,0.31,"Rain, Partially cloudy",Partly cloudy throughout the day with late afternoon rain.,rain,"48820099999,48823099999,48825099999,48831099999,VVNB"
Hanoi,2024-06-17,37.3,26,30.7,49.5,26,38.1,26.5,80.3,1.965,100,4.17,rain,0,0,23,37.1,89.9,1001.6,60.7,9.2,232,20.1,8,60,2024-06-17T05:15:28,2024-06-17T18:39:50,0.34,"Rain, Partially cloudy",Partly cloudy throughout the day with early morning rain.,rain,"48820099999,48823099999,48825099999,48831099999,VVNB"
Hanoi,2024-06-18,35.5,26,30.1,47.4,26,37.8,26.6,82.8,7.86,100,4.17,rain,0,0,28.4,14.8,66.6,1000.9,67.7,10.9,146.8,12.5,6,60,2024-06-18T05:15:39,2024-06-18T18:40:06,0.38,"Rain, Partially cloudy",Partly cloudy throughout the day with early morning rain.,rain,"48820099999,48823099999,48825099999,48831099999,VVNB"
Hanoi,2024-06-19,38,24,31.6,48.8,24,40.8,26.8,77.6,0.1,100,4.17,rain,0,0,37.1,24.1,97.2,1000.3,68.8,10.4,252.9,22.1,8,60,2024-06-19T05:15:50,2024-06-19T18:40:20,0.41,"Rain, Partially cloudy",Partly cloudy throughout the day with afternoon rain.,rain,"48820099999,48823099999,48825099999,48831099999,VVNB"
Hanoi,2024-06-20,36,26,31,48.8,26,40.3,27.1,80.9,0.797,100,4.17,rain,0,0,28.8,16.6,100.9,1000.5,75,9.9,238.3,20.5,8,75,2024-06-20T05:16:02,2024-06-20T18:40:34,0.44,"Rain, Partially cloudy",Partly cloudy throughout the day with early morning rain.,rain,"48820099999,48823099999,48825099999,48831099999,VVNB"
Hanoi,2024-06-21,35.2,29,31,49.5,36.8,42.6,28.2,85.7,3.93,100,8.33,rain,0,0,28.4,18.4,108.3,1001.3,76.7,9.6,238.1,20.5,8,75,2024-06-21T05:16:14,2024-06-21T18:40:47,0.47,"Rain, Partially cloudy",Partly cloudy throughout the day with rain.,rain,"48820099999,48823099999,48825099999,48831099999,VVNB"
Hanoi,2024-06-22,34.8,29,31.6,46.3,38.2,42.1,27.4,79.4,1.2,100,37.5,rain,0,0,29.2,18.4,125.6,1002.8,78.3,11.1,232.5,20.2,9,60,2024-06-22T05:16:28,2024-06-22T18:40:59,0.5,"Rain, Partially cloudy",Partly cloudy throughout the day with a chance of rain throughout the day.,rain,"48820099999,48823099999,48825099999,48831099999,VVNB"
Hanoi,2024-06-23,35,28,30.7,48.8,34.5,39.5,26.8,80.9,51.196,100,8.33,rain,0,0,27,22.3,114.8,1003,64.6,10.3,245.9,21.4,9,30,2024-06-23T05:16:42,2024-06-23T18:41:10,0.54,"Rain, Partially cloudy",Partly cloudy throughout the day with rain.,rain,"48820099999,48823099999,48825099999,48831099999,VVNB"
Hanoi,2024-06-24,32,27,28.8,40.7,31.2,35.2,26.2,85.9,12.144,100,12.5,rain,0,0,18.4,14.8,101.4,1002.9,80.1,9.4,56.2,4.9,4,30,2024-06-24T05:16:57,2024-06-24T18:41:21,0.58,"Rain, Partially cloudy",Partly cloudy throughout the day with a chance of rain throughout the day.,rain,"48820099999,48823099999,48825099999,48831099999,VVNB"
Hanoi,2024-06-25,31.1,26.1,27.9,39.3,26.1,33.3,26.2,90.5,11.919,100,12.5,rain,0,0,26.6,16.6,82.1,1004.6,70.4,9.5,122.6,10.7,4,30,2024-06-25T05:17:12,2024-06-25T18:41:30,0.61,"Rain, Partially cloudy",Partly cloudy throughout the day with rain.,rain,"48820099999,48823099999,48825099999,48831099999,VVNB"
Hanoi,2024-06-26,30,26,28,38.8,26,32.8,25.7,88,6.437,100,8.33,rain,0,0,29.5,16.6,85.5,1007.7,79.6,10,104.7,9,4,30,2024-06-26T05:17:29,2024-06-26T18:41:39,0.65,"Rain, Partially cloudy",Partly cloudy throughout the day with rain in the morning and afternoon.,rain,"48820099999,48823099999,48825099999,48831099999,VVNB"
Hanoi,2024-06-27,33,25,28.7,43.8,25,34.1,25.9,85.8,6,100,12.5,rain,0,0,29.5,18.4,104.7,1008.4,66.7,9.5,141.5,12.2,5,30,2024-06-27T05:17:45,2024-06-27T18:41:47,0.69,"Rain, Partially cloudy",Partly cloudy throughout the day with a chance of rain throughout the day.,rain,"48820099999,48823099999,48825099999,48831099999,VVNB"
Hanoi,2024-06-28,33,27.7,30,42.3,33.1,37.9,26.6,82.3,0.295,100,4.17,rain,0,0,34.2,24.1,131.6,1005.8,67.9,10,197.3,16.9,8,60,2024-06-28T05:18:03,2024-06-28T18:41:53,0.72,"Rain, Partially cloudy",Partly cloudy throughout the day with early morning rain.,rain,"48820099999,48823099999,48825099999,48831099999,VVNB"
Hanoi,2024-06-29,36,28.5,31.4,48,34.1,40.6,26.8,77.7,9.825,100,4.17,rain,0,0,28.4,16.6,143.4,1003.3,65.5,11,267.6,23.2,9,60,2024-06-29T05:18:21,2024-06-29T18:41:59,0.75,"Rain, Partially cloudy",Partly cloudy throughout the day with late afternoon rain.,rain,"48820099999,48823099999,48825099999,48831099999,VVNB"
Hanoi,2024-06-30,36,28,32,45.7,34.5,40.9,26.4,73.5,3.048,100,4.17,rain,0,0,36.4,13,164.5,1002,97.2,10,255.8,22.1,9,30,2024-06-30T05:18:39,2024-06-30T18:42:04,0.79,"Rain, Overcast",Cloudy skies throughout the day with late afternoon rain.,rain,"48820099999,48823099999,48825099999,48831099999,VVNB"
Hanoi,2024-07-01,35.5,30,32.4,43.8,36.2,39.9,25.1,66,0,0,0,,0,0,26.6,13,176.4,1000.2,90.3,10,154.1,13.4,6,5,2024-07-01T05:18:58,2024-07-01T18:42:08,0.83,Overcast,Cloudy skies throughout the day.,cloudy,"48820099999,48823099999,48825099999,48831099999,VVNB"
Hanoi,2024-07-02,32.8,27,29.6,43.7,30.6,37.2,26.5,83.4,4.4,100,20.83,rain,0,0,22,16.6,72.5,1001.8,82.7,9.8,156.1,13.3,6,30,2024-07-02T05:19:18,2024-07-02T18:42:11,0.87,"Rain, Partially cloudy",Partly cloudy throughout the day with rain.,rain,"48820099999,48823099999,48825099999,48831099999,VVNB"
Hanoi,2024-07-03,29.6,26,27.4,40.1,26,31.8,26.1,92.7,7.764,100,8.33,rain,0,0,40.7,22.3,76.1,1006.7,80.5,8.1,109.9,9.3,5,60,2024-07-03T05:19:38,2024-07-03T18:42:13,0.9,"Rain, Partially cloudy",Partly cloudy throughout the day with rain.,rain,"48820099999,48823099999,48825099999,48831099999,VVNB"
Hanoi,2024-07-04,34,26,30.1,43,26,36.6,25.8,79.3,2.936,100,8.33,rain,0,0,30.6,25.9,137,1008.5,54.5,9.3,213.1,18.4,7,30,2024-07-04T05:19:58,2024-07-04T18:42:13,0.94,"Rain, Partially cloudy",Partly cloudy throughout the day with rain.,rain,"48820099999,48823099999,48825099999,48831099999,VVNB"
Hanoi,2024-07-05,35,26,29.9,43.9,26,35.7,25.3,77.9,0.166,100,12.5,rain,0,0,31.3,25.9,125.7,1006,47.6,11.1,256.2,22.2,8,30,2024-07-05T05:20:19,2024-07-05T18:42:13,0.97,"Rain, Partially cloudy",Partly cloudy throughout the day with a chance of rain throughout the day.,rain,"48820099999,48823099999,48825099999,48831099999,VVNB"
Hanoi,2024-07-06,35,27,30.6,44.9,31.2,38.5,26.3,78.6,0.262,100,12.5,rain,0,0,27,20.5,122.6,1005.4,53,12.5,236,20.4,7,30,2024-07-06T05:20:40,2024-07-06T18:42:12,0,"Rain, Partially cloudy",Partly cloudy throughout the day with rain.,rain,"48820099999,48823099999,48825099999,48831099999,VVNB"
Hanoi,2024-07-07,35,28,31.3,45.2,34.5,39.3,26,74.9,0,0,0,rain,0,0,36.4,25.9,138.7,1005.9,45.5,10.6,282.7,24.5,9,60,2024-07-07T05:21:01,2024-07-07T18:42:09,0.04,Partially cloudy,Partly cloudy throughout the day.,partly-cloudy-day,"48820099999,48823099999,48825099999,48831099999,VVNB"
Hanoi,2024-07-08,35,28,31.2,44.9,33.6,39.6,26.4,76.5,0.393,100,4.17,rain,0,0,30.6,22.3,135.7,1005.1,56.3,11,278.6,24.2,9,60,2024-07-08T05:21:23,2024-07-08T18:42:06,0.07,"Rain, Partially cloudy",Partly cloudy throughout the day with late afternoon rain.,rain,"48820099999,48823099999,48825099999,48831099999,VVNB"
Hanoi,2024-07-09,36,28.7,31,48.1,36.2,40.4,27,80.2,10.906,100,4.17,rain,0,0,24.8,22.3,121.4,1004.7,66.3,9.9,272.1,23.5,9,60,2024-07-09T05:21:45,2024-07-09T18:42:01,0.11,"Rain, Partially cloudy",Partly cloudy throughout the day with late afternoon rain.,rain,"48820099999,48823099999,48825099999,48831099999,VVNB"
Hanoi,2024-07-10,32.5,26,29.7,44.1,26,38.3,27,85.8,1.105,100,4.17,rain,0,0,24.5,14.8,112.7,1004.8,60.9,11.1,260.1,22.6,9,60,2024-07-10T05:22:07,2024-07-10T18:41:55,0.14,"Rain, Partially cloudy",Partly cloudy throughout the day with late afternoon rain.,rain,"48820099999,48823099999,48825099999,48831099999,VVNB,remote"
Hanoi,2024-07-11,36.1,27,30.6,48.1,30.1,38.3,26.2,78.3,9.53,100,4.17,rain,0,0,27,18.4,108.2,1003.1,50.1,10.4,270.5,23.4,9,60,2024-07-11T05:22:30,2024-07-11T18:41:49,0.17,"Rain, Partially cloudy",Partly cloudy throughout the day with late afternoon rain.,rain,"48820099999,48823099999,48825099999,48831099999,VVNB"
Hanoi,2024-07-12,36,27.7,31.5,46.3,32.9,40.3,26.5,75.8,1.487,100,8.33,rain,0,0,22.7,20.5,136.2,1001.2,76.3,11.2,238.7,20.5,8,60,2024-07-12T05:22:53,2024-07-12T18:41:41,0.2,"Rain, Partially cloudy",Partly cloudy throughout the day with rain.,rain,"48820099999,48823099999,48825099999,48831099999,VVNB"
Hanoi,2024-07-13,35,29,31.6,46.7,36.7,40.9,26.8,76.4,15.229,100,8.33,rain,0,0,23.4,25.9,116.3,1000.9,65.1,10.2,217.9,18.8,7,60,2024-07-13T05:23:16,2024-07-13T18:41:32,0.23,"Rain, Partially cloudy",Partly cloudy throughout the day with rain.,rain,"48820099999,48823099999,48825099999,48831099999,VVNB"
Hanoi,2024-07-14,33,26,29.8,42.1,26,36.9,26.2,81.8,2.402,100,8.33,rain,0,0,34.9,20.5,107.9,1004,60.1,9.7,168.9,14.7,6,30,2024-07-14T05:23:39,2024-07-14T18:41:21,0.25,"Rain, Partially cloudy",Partly cloudy throughout the day with rain.,rain,"48820099999,48823099999,48825099999,48831099999,VVNB"
Hanoi,2024-07-15,35,26,29.3,44.9,26,35.5,26.1,83.7,25.663,100,12.5,rain,0,0,33.1,18.4,353.1,1005.5,76.8,10,177.3,15.2,6,30,2024-07-15T05:24:02,2024-07-15T18:41:10,0.3,"Rain, Partially cloudy",Partly cloudy throughout the day with rain.,rain,"48820099999,48823099999,48825099999,48831099999,VVNB"
Hanoi,2024-07-16,35,27,29.6,42.1,31.2,36.2,26.1,82.5,8.472,100,12.5,rain,0,0,32,18.4,45,1005.6,75.8,9.6,152.1,13.1,5,30,2024-07-16T05:24:25,2024-07-16T18:40:58,0.33,"Rain, Partially cloudy",Partly cloudy throughout the day with rain.,rain,"48820099999,48823099999,48825099999,48831099999,VVNB"
Hanoi,2024-07-17,32,26,28.9,40.7,26,35.1,26.1,85.7,2.367,100,16.67,rain,0,0,29.2,16.6,50.6,1004.8,80.6,10,94.1,7.9,3,30,2024-07-17T05:24:49,2024-07-17T18:40:44,0.36,"Rain, Partially cloudy",Partly cloudy throughout the day with a chance of rain throughout the day.,rain,"48820099999,48823099999,48825099999,48831099999,VVNB"
Hanoi,2024-07-18,30,25.9,27.7,38.8,25.9,32.3,25.9,89.9,24.802,100,16.67,rain,0,0,23,22.3,67.1,1003.9,88.1,9.2,103,8.8,5,30,2024-07-18T05:25:12,2024-07-18T18:40:30,0.4,"Rain, Partially cloudy",Partly cloudy throughout the day with a chance of rain throughout the day.,rain,"48820099999,48823099999,48825099999,48831099999,VVNB"
Hanoi,2024-07-19,32,26,28.3,42.3,26,33.5,26.2,88.9,11.55,100,12.5,rain,0,0,26.3,16.6,77.2,1004,74.9,9.9,105.8,9.3,4,30,2024-07-19T05:25:36,2024-07-19T18:40:14,0.43,"Rain, Partially cloudy",Partly cloudy throughout the day with rain.,rain,"48820099999,48823099999,48825099999,48831099999,VVNB"
Hanoi,2024-07-20,32,27,28.6,42.3,31,35.2,26.5,88.5,11.826,100,12.5,rain,0,0,22.3,25.9,70.7,1004.8,63.6,10.2,148,12.7,6,60,2024-07-20T05:25:59,2024-07-20T18:39:57,0.46,"Rain, Partially cloudy",Partly cloudy throughout the day with rain.,rain,"48820099999,48823099999,48825099999,48831099999,VVNB"
Hanoi,2024-07-21,36,27,30.6,46.3,30.6,38.3,26.3,79.3,2.456,100,4.17,rain,0,0,23.8,14.8,69.6,1004.8,55.2,11.6,208.6,18.2,8,60,2024-07-21T05:26:23,2024-07-21T18:39:39,0.5,"Rain, Partially cloudy",Partly cloudy throughout the day with late afternoon rain.,rain,"48820099999,48823099999,48825099999,48831099999,VVNB"
Hanoi,2024-07-22,33.4,26.9,29.6,43.5,30.6,36.9,26.4,83.8,3.977,100,8.33,rain,0,0,28.8,13,309.7,1002.4,71.9,9.8,175.3,15.2,7,30,2024-07-22T05:26:47,2024-07-22T18:39:20,0.53,"Rain, Partially cloudy",Partly cloudy throughout the day with late afternoon rain.,rain,"48820099999,48823099999,48825099999,48831099999,VVNB"
Hanoi,2024-07-23,29,25,26.6,37.2,25,28.5,25.6,94.2,187.568,100,16.67,rain,0,0,28.4,22.3,280.6,997.8,90.6,5.8,27,2.4,1,10,2024-07-23T05:27:10,2024-07-23T18:38:59,0.56,"Rain, Overcast",Cloudy skies throughout the day with rain.,rain,"48820099999,48823099999,48825099999,48831099999,VVNB"
Hanoi,2024-07-24,32,25.4,27.9,42.3,25.4,32.2,26,90,100.216,100,16.67,rain,0,0,26.3,14.8,287.2,995.6,91.3,8.3,76.1,6.6,4,30,2024-07-24T05:27:34,2024-07-24T18:38:38,0.6,"Rain, Overcast",Cloudy skies throughout the day with a chance of rain throughout the day.,rain,"48820099999,48823099999,48825099999,48831099999,VVNB"
Hanoi,2024-07-25,33,27,29.7,44.2,31.2,37.5,26.7,84.8,23.478,100,12.5,rain,0,0,29.9,13,288,995,78.4,9.7,185.8,16,7,60,2024-07-25T05:27:57,2024-07-25T18:38:15,0.63,"Rain, Partially cloudy",Partly cloudy throughout the day with rain.,rain,"48820099999,48823099999,48825099999,48831099999,VVNB"
Hanoi,2024-07-26,37.8,27,32.5,49.2,31.8,42.5,27.1,75.2,0,0,0,,0,0,23.8,16.6,263.4,995.5,60.1,10.5,305.9,26.3,10,60,2024-07-26T05:28:20,2024-07-26T18:37:52,0.67,Partially cloudy,Partly cloudy throughout the day.,partly-cloudy-day,"48820099999,48823099999,48825099999,48831099999,VVNB"
Hanoi,2024-07-27,37.3,28,32.9,52.5,34.5,46.2,28.5,78.7,0,0,0,,0,0,21.6,27.7,46.9,998.7,67.8,9.5,278.4,23.9,9,60,2024-07-27T05:28:44,2024-07-27T18:37:27,0.71,Partially cloudy,Partly cloudy throughout the day.,partly-cloudy-day,"48820099999,48823099999,48825099999,48831099999,VVNB"
Hanoi,2024-07-28,32.2,24,28.4,42.4,24,34.2,26.1,87.8,34.29,100,4.17,rain,0,0,30.2,22.3,54.8,1001.9,82.5,9,114.7,9.8,3,60,2024-07-28T05:29:07,2024-07-28T18:37:01,0.75,"Rain, Partially cloudy",Partly cloudy throughout the day with late afternoon rain.,rain,"48820099999,48823099999,48825099999,48831099999,VVNB"
Hanoi,2024-07-29,29.6,26,27.8,39.3,26,33.1,26.3,92,27.015,100,12.5,rain,0,0,24.1,16.6,113.5,1001.3,82.9,9.4,86,7.5,3,30,2024-07-29T05:29:30,2024-07-29T18:36:34,0.78,"Rain, Partially cloudy",Partly cloudy throughout the day with rain.,rain,"48820099999,48823099999,48825099999,48831099999,VVNB"
Hanoi,2024-07-30,31,26,27.6,40.6,26,32,26.1,91.7,1.979,100,12.5,rain,0,0,32.8,22.3,131.1,1001.3,91.3,8.7,67.6,5.9,2,30,2024-07-30T05:29:52,2024-07-30T18:36:07,0.81,"Rain, Overcast",Cloudy skies throughout the day with a chance of rain throughout the day.,rain,"48820099999,48823099999,48825099999,48831099999,VVNB"
Hanoi,2024-07-31,31,26,28.7,39.9,26,34.4,25.9,85.3,0.412,100,12.5,rain,0,0,28.8,13,145.3,1002.4,86.7,10,109.9,9.6,4,30,2024-07-31T05:30:15,2024-07-31T18:35:38,0.85,"Rain, Partially cloudy",Partly cloudy throughout the day with rain.,rain,"48820099999,48823099999,48825099999,48831099999,VVNB"
Hanoi,2024-08-01,31,27,29.2,37.8,31.2,35.2,25.5,80.9,0.393,100,4.17,rain,0,0,42.8,14.8,165.3,1003.3,87,10,82.3,7.2,3,30,2024-08-01T05:30:38,2024-08-01T18:35:08,0.88,"Rain, Partially cloudy",Partly cloudy throughout the day with late afternoon rain.,rain,"48820099999,48823099999,48825099999,48831099999,VVNB"
Hanoi,2024-08-02,29,26,27.3,35.6,26,30.8,24.9,86.6,13.236,100,12.5,rain,0,0,41.8,16.6,166.9,1003.4,89.1,9.7,88.8,7.6,3,10,2024-08-02T05:31:00,2024-08-02T18:34:37,0.92,"Rain, Partially cloudy",Partly cloudy throughout the day with rain.,rain,"48820099999,48823099999,48825099999,48831099999,VVNB"
Hanoi,2024-08-03,32.7,26,28.7,42.3,26,33.4,25.4,83.1,0.002,100,4.17,rain,0,0,30.6,14.8,75.6,1005,64.2,11,185.3,16.1,7,30,2024-08-03T05:31:22,2024-08-03T18:34:05,0.96,"Rain, Partially cloudy",Partly cloudy throughout the day with morning rain.,rain,"48820099999,48823099999,48825099999,48831099999,VVNB"
Hanoi,2024-08-04,35,27,30.6,43.5,31,37.5,25.7,76.6,0.6,100,16.67,rain,0,0,22.3,24.1,114.6,1006.3,64.9,10.8,265.8,22.9,9,30,2024-08-04T05:31:44,2024-08-04T18:33:32,0,"Rain, Partially cloudy",Partly cloudy throughout the day with rain in the morning and afternoon.,rain,"48820099999,48823099999,48825099999,48831099999,VVNB"
Hanoi,2024-08-05,34.5,28,30.8,47.3,34.3,39.5,26.7,79.4,4.7,100,12.5,rain,0,0,19.4,16.6,95.8,1005.7,59.7,10.5,230.6,19.8,8,75,2024-08-05T05:32:06,2024-08-05T18:32:58,0.02,"Rain, Partially cloudy",Partly cloudy throughout the day with a chance of rain throughout the day.,rain,"48820099999,48823099999,48825099999,48831099999,VVNB"
Hanoi,2024-08-06,35.9,27,31.1,48.8,31.8,40.1,26.9,79.3,0.9,100,29.17,rain,0,0,24.5,25.9,106.1,1004.9,45.6,10.2,253.6,21.7,9,75,2024-08-06T05:32:27,2024-08-06T18:32:23,0.06,"Rain, Partially cloudy",Partly cloudy throughout the day with a chance of rain throughout the day.,rain,"48820099999,48823099999,48825099999,48831099999,VVNB"
Hanoi,2024-08-07,35.7,28,30.6,46.7,32.7,38.9,26.6,79.9,1.7,100,20.83,rain,0,0,22,24.1,115,1005.3,45.4,9.9,270.7,23.4,9,75,2024-08-07T05:32:48,2024-08-07T18:31:47,0.09,"Rain, Partially cloudy",Partly cloudy throughout the day with rain.,rain,"48820099999,48823099999,48825099999,48831099999,VVNB"
Hanoi,2024-08-08,37,26,31.4,46.8,26,39.8,26.5,77.1,0.1,100,4.17,rain,0,0,40.7,16.6,142.7,1005,40.9,10.9,280.4,24.2,9,75,2024-08-08T05:33:09,2024-08-08T18:31:10,0.12,"Rain, Partially cloudy",Partly cloudy throughout the day with morning rain.,rain,"48820099999,48823099999,48825099999,48831099999,VVNB"
Hanoi,2024-08-09,38,27,32.7,47.3,31.2,41.5,26.3,71.6,0,0,0,,0,0,27.4,18.4,137.3,1002.2,44.4,12,294,25.3,9,75,2024-08-09T05:33:30,2024-08-09T18:30:32,0.15,Partially cloudy,Partly cloudy throughout the day.,partly-cloudy-day,"48820099999,48823099999,48825099999,48831099999,VVNB"
Hanoi,2024-08-10,38,27,32.9,49.5,31.2,43.2,27.1,73.6,4.5,100,16.67,rain,0,0,22,31.7,85.4,1000.3,57,11,288.4,24.8,9,60,2024-08-10T05:33:50,2024-08-10T18:29:54,0.19,"Rain, Partially cloudy",Partly cloudy throughout the day with late afternoon rain.,rain,"48820099999,48823099999,48825099999,48831099999,VVNB"
Hanoi,2024-08-11,32,24,28.2,40.7,24,32.9,25.3,84.9,0.6,100,12.5,rain,0,0,32.4,31.7,313.5,1001.5,64.7,9.8,179.3,15.5,7,60,2024-08-11T05:34:11,2024-08-11T18:29:14,0.22,"Rain, Partially cloudy",Partly cloudy throughout the day with rain.,rain,"48820099999,VVNB"
Hanoi,2024-08-12,33,27,29.7,44,31,37.2,26.5,83.5,0.642,100,4.17,rain,0,0,21.6,16.6,71.7,1001.7,72.9,9.8,144.1,12.4,6,30,2024-08-12T05:34:31,2024-08-12T18:28:34,0.25,"Rain, Partially cloudy",Partly cloudy throughout the day with late afternoon rain.,rain,"48820099999,48823099999,48825099999,48831099999,VVNB"
Hanoi,2024-08-13,32.3,26,28.8,44.1,26,35.7,26.6,88.3,19.478,100,4.17,rain,0,0,17.6,16.6,340.4,1004.4,79.5,9.7,148.7,12.7,5,60,2024-08-13T05:34:50,2024-08-13T18:27:53,0.29,"Rain, Partially cloudy",Partly cloudy throughout the day with late afternoon rain.,rain,"48823099999,48820099999,48825099999,48831099999,VVNB,remote"
Hanoi,2024-08-14,30.7,26,27.8,38.8,26,32.9,26,90.4,13.004,100,8.33,rain,0,0,22,13,312.4,1005.7,89.9,9.1,130,11.2,6,30,2024-08-14T05:35:10,2024-08-14T18:27:11,0.32,"Rain, Partially cloudy",Partly cloudy throughout the day with rain.,rain,"48820099999,48823099999,48825099999,48831099999,VVNB"
Hanoi,2024-08-15,34,26,29,42.7,26,34.6,26,85.2,0.578,100,12.5,rain,0,0,22.7,14.8,327.1,1004.6,80.7,9.5,208.1,18,8,30,2024-08-15T05:35:29,2024-08-15T18:26:28,0.35,"Rain, Partially cloudy",Partly cloudy throughout the day with rain.,rain,"48820099999,48823099999,48825099999,48831099999,VVNB"
Hanoi,2024-08-16,34,26,30.2,42.5,26,36.4,25.4,76.8,2,100,25,rain,0,0,22.7,11.2,14.2,1004.2,73.6,10,233.8,20,8,30,2024-08-16T05:35:48,2024-08-16T18:25:44,0.38,"Rain, Partially cloudy",Partly cloudy throughout the day with rain.,rain,"48820099999,48823099999,48825099999,48831099999,VVNB"
Hanoi,2024-08-17,33.4,27,29.6,44.3,30.6,36.9,26.2,82.4,33.602,100,4.17,rain,0,0,17.6,14.8,60.9,1005.5,75.1,8.8,224.6,19.3,7,60,2024-08-17T05:36:07,2024-08-17T18:25:00,0.42,"Rain, Partially cloudy",Partly cloudy throughout the day with late afternoon rain.,rain,"48820099999,48823099999,48825099999,48831099999,VVNB"
Hanoi,2024-08-18,34.2,28,30.3,47.3,33.6,38.7,26.8,82.6,5.2,100,41.67,rain,0,0,19.4,13,38.1,1005.5,75.2,8.5,181.6,15.7,6,60,2024-08-18T05:36:25,2024-08-18T18:24:14,0.45,"Rain, Partially cloudy",Partly cloudy throughout the day with a chance of rain throughout the day.,rain,"48820099999,48823099999,48825099999,48831099999,VVNB,remote"
Hanoi,2024-08-19,33.2,27,29.6,45.4,31.2,37.2,26.6,84.6,0.734,100,4.17,rain,0,0,27,11.2,321,1003.8,58.8,8.5,191.3,16.4,7,60,2024-08-19T05:36:43,2024-08-19T18:23:29,0.48,"Rain, Partially cloudy",Partly cloudy throughout the day with afternoon rain.,rain,"48820099999,48823099999,48825099999,48831099999,VVNB"
Hanoi,2024-08-20,33.5,26.7,29.5,44,30.2,36.3,26.2,83.5,4.389,100,8.33,rain,0,0,23,14.8,118.1,1004.3,66.7,10.3,220.7,19.1,8,60,2024-08-20T05:37:01,2024-08-20T18:22:42,0.5,"Rain, Partially cloudy",Partly cloudy throughout the day with rain.,rain,"48823099999,48820099999,48825099999,48831099999,remote,VVNB"
Hanoi,2024-08-21,33,26.7,28.9,43.8,29.9,35.5,26.3,86.7,37.237,100,4.17,rain,0,0,27.7,13,324.9,1005.9,79,9.1,128.3,11.1,6,60,2024-08-21T05:37:19,2024-08-21T18:21:55,0.55,"Rain, Partially cloudy",Partly cloudy throughout the day with late afternoon rain.,rain,"48820099999,48823099999,48825099999,48831099999,VVNB"
Hanoi,2024-08-22,35.4,24,29.9,45,24,37.3,26.4,82.9,3.9,100,33.33,rain,0,0,61.2,20.5,91.8,1006.9,65.6,8.4,182.2,15.9,7,60,2024-08-22T05:37:36,2024-08-22T18:21:07,0.59,"Rain, Partially cloudy",Partly cloudy throughout the day with a chance of rain throughout the day.,rain,"48820099999,48823099999,48825099999,48831099999,VVNB"
Hanoi,2024-08-23,27.3,24,25.4,31.5,24,25.9,24.4,94.3,102.229,100,12.5,rain,0,0,23.8,14.8,83.9,1009.5,84.8,8.8,67.4,5.9,2,60,2024-08-23T05:37:54,2024-08-23T18:20:18,0.62,"Rain, Partially cloudy",Partly cloudy throughout the day with rain.,rain,"48820099999,48823099999,48825099999,48831099999,VVNB"
Hanoi,2024-08-24,32,24,26.8,40.7,24,29.6,24.8,89.3,31.742,100,12.5,rain,0,0,19.8,13,107.7,1008.4,64.8,9.4,91.9,8,4,60,2024-08-24T05:38:11,2024-08-24T18:19:29,0.66,"Rain, Partially cloudy",Partly cloudy throughout the day with rain.,rain,"48820099999,48823099999,48825099999,48831099999,VVNB"
Hanoi,2024-08-25,31.6,25,27.9,39.1,25,31.9,25.1,85.2,8.21,100,8.33,rain,0,0,25.6,16.6,114.6,1006.8,73.1,9.9,154,13.4,7,10,2024-08-25T05:38:28,2024-08-25T18:18:39,0.69,"Rain, Partially cloudy",Partly cloudy throughout the day with rain clearing later.,rain,"48820099999,48823099999,48825099999,48831099999,VVNB"
Hanoi,2024-08-26,35,26.2,29.8,44.9,26.2,35.9,25.5,79,40.283,100,4.17,rain,0,0,20.5,14.8,112.5,1006.1,60.7,9.7,185.6,16.1,6,60,2024-08-26T05:38:44,2024-08-26T18:17:49,0.75,"Rain, Partially cloudy",Partly cloudy throughout the day with late afternoon rain.,rain,"48820099999,48823099999,48825099999,48831099999,VVNB"
Hanoi,2024-08-27,35.8,26.4,30.6,43.8,26.4,37.9,26.2,78.9,8.843,100,4.17,rain,0,0,22.3,14.8,109.5,1005.6,48,10,200.4,17.2,8,60,2024-08-27T05:39:00,2024-08-27T18:16:58,0.76,"Rain, Partially cloudy",Partly cloudy throughout the day with early morning rain.,rain,"48820099999,48823099999,48825099999,48831099999,VVNB,remote"
Hanoi,2024-08-28,36.2,28,31.8,47.3,34.5,41.2,26.8,76.2,0,0,0,,0,0,19.8,14.8,97.4,1004.1,37.1,9,263.1,22.7,9,75,2024-08-28T05:39:17,2024-08-28T18:16:06,0.79,Partially cloudy,Partly cloudy throughout the day.,partly-cloudy-day,"48820099999,48823099999,48825099999,48831099999,VVNB"
Hanoi,2024-08-29,35,28,31.4,48,34.5,42.3,27.7,81.2,0,0,0,rain,0,0,18.4,11.2,83.4,1004,53.3,8.9,222.5,19.3,9,75,2024-08-29T05:39:33,2024-08-29T18:15:15,0.83,Partially cloudy,Partly cloudy throughout the day.,partly-cloudy-day,"48820099999,48823099999,48825099999,48831099999,VVNB"
Hanoi,2024-08-30,32.3,25,29,42.4,25,34.8,25.6,82.4,38.668,100,8.33,rain,0,0,22.7,18.4,220.8,1005.5,71.7,9,147.5,12.7,6,75,2024-08-30T05:39:48,2024-08-30T18:14:22,0.86,"Rain, Partially cloudy",Partly cloudy throughout the day with rain in the morning and afternoon.,rain,"48820099999,48823099999,48825099999,48831099999,VVNB"
Hanoi,2024-08-31,35,27,30.1,43.3,30.6,36.2,25.4,77.8,0.884,100,4.17,rain,0,0,20.2,13,80.4,1006.6,46.2,9.3,158.9,13.7,7,30,2024-08-31T05:40:04,2024-08-31T18:13:29,0.9,"Rain, Partially cloudy",Partly cloudy throughout the day with late afternoon rain.,rain,"48820099999,48823099999,48825099999,48831099999,VVNB"
Hanoi,2024-09-01,33,26.9,29.4,40.6,30.6,35.5,25.6,80.8,5.158,100,12.5,rain,0,0,20.9,14.8,60.3,1007.3,76.1,9.9,158.2,13.5,8,60,2024-09-01T05:40:19,2024-09-01T18:12:36,0.93,"Rain, Partially cloudy",Partly cloudy throughout the day with a chance of rain throughout the day.,rain,"48820099999,48823099999,48825099999,48831099999,VVNB"
Hanoi,2024-09-02,35,27,31,45,31.2,38.7,26.1,76.3,1.97,100,12.5,rain,0,0,16.9,11.2,81.5,1007.6,58.3,10.6,208.1,18,7,60,2024-09-02T05:40:35,2024-09-02T18:11:42,0.97,"Rain, Partially cloudy",Partly cloudy throughout the day with rain.,rain,"48820099999,48823099999,48825099999,48831099999,VVNB"
Hanoi,2024-09-03,34,25,29.1,43.5,25,34.7,25.7,82.5,39.498,100,8.33,rain,0,0,22,22.3,299.1,1007.3,59.1,9.7,246.2,21.4,9,60,2024-09-03T05:40:50,2024-09-03T18:10:48,0,"Rain, Partially cloudy",Partly cloudy throughout the day with rain in the morning and afternoon.,rain,"48820099999,48823099999,48825099999,48831099999,VVNB"
Hanoi,2024-09-04,36,26,30.7,44.9,26,37.4,25.7,76.4,0,0,0,,0,0,16.6,13,338.5,1003.4,43.4,10.5,269.3,23.4,9,30,2024-09-04T05:41:05,2024-09-04T18:09:53,0.04,Partially cloudy,Partly cloudy throughout the day.,partly-cloudy-day,"48820099999,48823099999,48825099999,48831099999,VVNB"
Hanoi,2024-09-05,37,27,31.5,47.6,30.1,40,26.3,75.3,0.2,100,4.17,rain,0,0,29.9,14.8,306.7,1001.1,48.1,10.8,274.9,23.9,9,60,2024-09-05T05:41:20,2024-09-05T18:08:59,0.07,"Rain, Partially cloudy",Partly cloudy throughout the day with late afternoon rain.,rain,"48820099999,48823099999,48825099999,48831099999,VVNB"
Hanoi,2024-09-06,37,26,29.7,47.3,26,35.7,25.7,81.1,18.166,100,20.83,rain,0,0,46.4,25.9,315.7,999.8,71.4,9.5,223.9,19.4,9,60,2024-09-06T05:41:34,2024-09-06T18:08:03,0.1,"Rain, Partially cloudy",Partly cloudy throughout the day with rain.,rain,"48820099999,48823099999,48825099999,48831099999,VVNB"
Hanoi,2024-09-07,28,25,26.4,33.6,25,28.2,25.1,92.7,254.725,100,29.17,rain,0,0,88.9,53.6,321.9,992.8,98.1,7.9,18.7,1.5,1,10,2024-09-07T05:41:49,2024-09-07T18:07:08,0.14,"Rain, Overcast",Cloudy skies throughout the day with a chance of rain throughout the day.,rain,"48820099999,48823099999,48825099999,48831099999,VVNB"
Hanoi,2024-09-08,30,25,27.3,38.8,25,31.5,26,92.9,20.105,100,16.67,rain,0,0,57.6,38.9,127.7,998.8,95.6,9.4,38.3,3.1,1,60,2024-09-08T05:42:03,2024-09-08T18:06:12,0.17,"Rain, Overcast",Cloudy skies throughout the day with rain.,rain,"48820099999,48823099999,48825099999,48831099999,VVNB,remote"
Hanoi,2024-09-09,30.5,25,27.8,40.4,25,32.8,26.4,92.6,27.511,100,4.17,rain,0,0,32,32.5,94.1,1003.4,75.4,9.5,76.9,6.7,3,75,2024-09-09T05:42:18,2024-09-09T18:05:16,0.2,"Rain, Partially cloudy",Partly cloudy throughout the day with late afternoon rain.,rain,"48820099999,48823099999,48825099999,48831099999,VVNB"
Hanoi,2024-09-10,28,24,25.5,32.7,24,26.2,24.5,94.3,118.199,100,16.67,rain,0,0,19.8,14.8,70.7,1006.1,90.2,8.8,36.7,3.1,2,10,2024-09-10T05:42:32,2024-09-10T18:04:20,0.24,"Rain, Overcast",Cloudy skies throughout the day with a chance of rain throughout the day.,rain,"48820099999,48823099999,48825099999,48831099999,VVNB"
Hanoi,2024-09-11,26,24,25.1,26,24,25.1,24.3,95.3,64.071,100,16.67,rain,0,0,30.6,14.8,36.2,1007.8,94.2,8.1,23.1,1.9,1,10,2024-09-11T05:42:47,2024-09-11T18:03:23,0.25,"Rain, Overcast",Cloudy skies throughout the day with a chance of rain throughout the day.,rain,"48820099999,48823099999,48825099999,48831099999,VVNB"
Hanoi,2024-09-12,32,24.9,27.6,38.8,24.9,31.1,25.1,87,0.343,100,16.67,rain,0,0,27.7,13,312.3,1007.5,60.7,9.9,90.7,7.9,4,30,2024-09-12T05:43:01,2024-09-12T18:02:27,0.3,"Rain, Partially cloudy",Partly cloudy throughout the day with a chance of rain throughout the day.,rain,"48820099999,48823099999,48825099999,48831099999,VVNB,remote"
Hanoi,2024-09-13,33,25,28.4,41.1,25,32.8,25.2,83.3,45.248,100,4.17,rain,0,0,25.9,20.5,328.5,1005.2,63.6,9.9,183.6,16,7,30,2024-09-13T05:43:15,2024-09-13T18:01:30,0.34,"Rain, Partially cloudy",Partly cloudy throughout the day with early morning rain.,rain,"48820099999,48823099999,48825099999,48831099999,VVNB"
Hanoi,2024-09-14,34.1,25,29.6,45.3,25,35.2,25.5,79.7,2.332,100,4.17,rain,0,0,20.9,18.4,24.4,1003,61.4,9.7,204.8,17.8,7,60,2024-09-14T05:43:29,2024-09-14T18:00:33,0.37,"Rain, Partially cloudy",Partly cloudy throughout the day with late afternoon rain.,rain,"48820099999,48823099999,48825099999,48831099999,VVNB"
Hanoi,2024-09-15,35,27,30.2,46.7,30.6,37.6,26.2,79.9,5.9,100,25,rain,0,0,16.9,13,72.4,1002.4,36.5,8.2,241.9,20.8,9,75,2024-09-15T05:43:44,2024-09-15T17:59:36,0.4,"Rain, Partially cloudy",Partly cloudy throughout the day with rain.,rain,"48820099999,48823099999,48825099999,48831099999,VVNB"
Hanoi,2024-09-16,33.2,24,28.4,42.1,24,33.3,25.4,85,96.097,100,8.33,rain,0,0,30.6,20.5,293,1004.6,68.6,8.7,184,15.9,8,30,2024-09-16T05:43:58,2024-09-16T17:58:39,0.44,"Rain, Partially cloudy",Partly cloudy throughout the day with rain.,rain,"48820099999,48823099999,48825099999,48831099999,VVNB"
Hanoi,2024-09-17,33,26,28.8,40.7,26,34.1,25.5,83.3,4.822,100,16.67,rain,0,0,34.2,18.4,341.8,1005.4,82.1,9.7,103.8,8.9,5,60,2024-09-17T05:44:12,2024-09-17T17:57:42,0.47,"Rain, Partially cloudy",Partly cloudy throughout the day with a chance of rain throughout the day.,rain,"48820099999,48823099999,48825099999,48831099999,VVNB"
Hanoi,2024-09-18,34,27,29.9,41,31.2,36.2,25.7,79.2,2.448,100,12.5,rain,0,0,33.8,13,340.1,1003.9,68.2,10.1,166.7,14.3,7,30,2024-09-18T05:44:27,2024-09-18T17:56:45,0.5,"Rain, Partially cloudy",Partly cloudy throughout the day with rain.,rain,"48820099999,48823099999,48825099999,48831099999,VVNB"
Hanoi,2024-09-19,35,27.6,30.6,42,31.9,36.8,25,73,0.326,100,8.33,rain,0,0,46.8,18.4,18.4,1002.8,61.3,9.7,183.4,16,8,60,2024-09-19T05:44:41,2024-09-19T17:55:48,0.54,"Rain, Partially cloudy",Partly cloudy throughout the day with rain.,rain,"48820099999,48823099999,48825099999,48831099999,VVNB"
Hanoi,2024-09-20,34.5,26,29,45.3,26,34.4,25.7,83.6,56.091,100,8.33,rain,0,0,39.2,24.1,324.3,1003.2,65.8,9.6,185.1,16.1,7,60,2024-09-20T05:44:55,2024-09-20T17:54:50,0.57,"Rain, Partially cloudy",Partly cloudy throughout the day with rain.,rain,"48820099999,48823099999,48825099999,48831099999,VVNB"
Hanoi,2024-09-21,34,25,28.1,43.5,25,32.3,26.1,90,74.781,100,8.33,rain,0,0,41,37.1,304.2,1004.7,77.2,8.9,151.1,13,6,60,2024-09-21T05:45:10,2024-09-21T17:53:53,0.61,"Rain, Partially cloudy",Partly cloudy throughout the day with rain.,rain,"48820099999,48823099999,48825099999,48831099999,VVNB"
Hanoi,2024-09-22,28,25.7,26.7,32.8,25.7,28.6,24.8,89.3,34.919,100,16.67,rain,0,0,41.4,18.4,0.1,1006.1,96.2,9.5,30.8,2.7,2,10,2024-09-22T05:45:25,2024-09-22T17:52:56,0.64,"Rain, Overcast",Cloudy skies throughout the day with a chance of rain throughout the day.,rain,"48820099999,48823099999,48825099999,48831099999,VVNB"
Hanoi,2024-09-23,29,23.9,26.2,30.8,23.9,27.2,22.1,78.8,15.867,100,16.67,rain,0,0,35.3,13,33.1,1009.5,85.1,9.8,59.9,5.2,3,10,2024-09-23T05:45:39,2024-09-23T17:51:59,0.67,"Rain, Partially cloudy",Partly cloudy throughout the day with a chance of rain throughout the day.,rain,"48820099999,48823099999,48825099999,48831099999,VVNB"
Hanoi,2024-09-24,33,23,27.6,34.4,23,28.5,21.2,71.5,0,0,0,rain,0,0,20.5,18.4,101.5,1010,32.7,9.2,241.5,20.9,9,10,2024-09-24T05:45:54,2024-09-24T17:51:03,0.71,Partially cloudy,Partly cloudy throughout the day.,partly-cloudy-day,"48820099999,48823099999,48825099999,48831099999,VVNB"
Hanoi,2024-09-25,29.1,25,27.1,33.6,25,29.1,23.4,80.7,0.1,100,4.17,rain,0,0,11.5,9.4,99.5,1011.1,45.6,7.7,60,5.1,2,10,2024-09-25T05:46:09,2024-09-25T17:50:06,0.75,"Rain, Partially cloudy",Partly cloudy throughout the day with early morning rain.,rain,"48820099999,48823099999,48825099999,48831099999,VVNB"
Hanoi,2024-09-26,32.5,25,28.5,37.9,25,31.5,23.9,77.7,0,0,0,rain,0,0,15.8,16.6,110.4,1011.1,25.8,7.8,245,21.1,8,30,2024-09-26T05:46:25,2024-09-26T17:49:09,0.78,Partially cloudy,Partly cloudy throughout the day.,partly-cloudy-day,"48820099999,48823099999,48825099999,48831099999,VVNB"
Hanoi,2024-09-27,34.3,25,29.1,40.6,25,33.3,24.8,78.8,0,0,0,,0,0,24.5,18.4,118.9,1010.1,37.2,8.8,212.8,18.4,7,60,2024-09-27T05:46:40,2024-09-27T17:48:13,0.81,Partially cloudy,Partly cloudy throughout the day.,partly-cloudy-day,"48820099999,48823099999,48825099999,48831099999,VVNB"
Hanoi,2024-09-28,35,27,29.8,46.7,31.2,36.9,26.2,81.7,0,0,0,,0,0,25.6,16.6,129.3,1007.9,64.1,9.9,206.8,17.9,7,60,2024-09-28T05:46:56,2024-09-28T17:47:17,0.84,Partially cloudy,Partly cloudy throughout the day.,partly-cloudy-day,"48820099999,48823099999,48825099999,48831099999,VVNB"
Hanoi,2024-09-29,34,26.4,29.5,46,26.4,36.5,26.3,83.5,30.262,100,4.17,rain,0,0,26.6,25.9,135.7,1006.5,85.9,9.8,130.4,11.3,5,75,2024-09-29T05:47:11,2024-09-29T17:46:21,0.88,"Rain, Partially cloudy",Partly cloudy throughout the day with late afternoon rain.,rain,"48820099999,48823099999,48825099999,48831099999,VVNB"
Hanoi,2024-09-30,30,26.7,27.7,38.8,30.4,33,26.2,91.5,3.982,100,12.5,rain,0,0,23,16.6,104.4,1005.8,87,9.2,123.3,10.6,5,60,2024-09-30T05:47:27,2024-09-30T17:45:26,0.91,"Rain, Partially cloudy",Partly cloudy throughout the day with rain.,rain,"48820099999,48823099999,48825099999,48831099999,VVNB"
Hanoi,2024-10-01,32.7,24.9,27.7,41.6,24.9,30.9,23.4,78.6,5.926,100,12.5,rain,0,0,42.5,27.7,19.6,1009.3,79.7,9.7,130,11.2,6,30,2024-10-01T05:47:44,2024-10-01T17:44:30,0.95,"Rain, Partially cloudy",Partly cloudy throughout the day with rain.,rain,"48820099999,48823099999,48825099999,48831099999,VVNB"
Hanoi,2024-10-02,29.2,23.7,25.9,30.1,23.7,26.1,17.9,62.1,0.098,100,4.17,rain,0,0,36.4,20.5,2.1,1015.1,47.2,10.4,235.3,20.4,9,10,2024-10-02T05:48:00,2024-10-02T17:43:35,0.98,"Rain, Partially cloudy",Partly cloudy throughout the day with late afternoon rain.,rain,"48820099999,48823099999,48825099999,48831099999,VVNB"
Hanoi,2024-10-03,29.5,22,25.6,29.1,22,25.5,15.2,54.1,0,0,0,,0,0,28.1,18.4,25.9,1015.7,40.9,9.9,264.3,22.7,9,10,2024-10-03T05:48:17,2024-10-03T17:42:41,0,Partially cloudy,Partly cloudy throughout the day.,partly-cloudy-day,"48820099999,48823099999,48825099999,48831099999,VVNB"
Hanoi,2024-10-04,30.5,20,25.6,29.8,20,25.4,16.3,60,0,0,0,,0,0,20.5,16.6,67.6,1015.4,40.9,11.5,262,22.6,9,10,2024-10-04T05:48:34,2024-10-04T17:41:47,0.05,Partially cloudy,Partly cloudy throughout the day.,partly-cloudy-day,"48820099999,48823099999,48825099999,48831099999,VVNB"
Hanoi,2024-10-05,31.8,21,25.9,31.4,21,25.9,17.5,63.1,0,0,0,,0,0,12.6,11.2,16.5,1014.3,0.3,10.2,271.5,23.5,9,10,2024-10-05T05:48:51,2024-10-05T17:40:53,0.08,Clear,Clear conditions throughout the day.,clear-day,"48820099999,48823099999,48825099999,48831099999,VVNB"
Hanoi,2024-10-06,33,21,26.8,34,21,27.3,19.2,65.8,0,0,0,,0,0,22.7,11.2,348.3,1014.7,10.6,9.4,247.4,21.5,9,10,2024-10-06T05:49:09,2024-10-06T17:40:00,0.12,Clear,Clear conditions throughout the day.,clear-day,"48820099999,48823099999,48825099999,48831099999,VVNB"
Hanoi,2024-10-07,33,23,28,34.8,23,29.1,20.3,65.1,0,0,0,,0,0,28.8,14.8,356.7,1015.6,17,9.7,236.5,20.5,9,10,2024-10-07T05:49:27,2024-10-07T17:39:07,0.15,Clear,Clear conditions throughout the day.,clear-day,"48820099999,48823099999,48825099999,48831099999,VVNB"
Hanoi,2024-10-08,32,25,28,33.5,25,28.6,19.1,60,0,0,0,,0,0,28.8,18.4,21.4,1014.9,8.2,12.1,249.3,21.5,9,10,2024-10-08T05:49:45,2024-10-08T17:38:14,0.18,Clear,Clear conditions throughout the day.,clear-day,"48820099999,48823099999,48825099999,48831099999,VVNB"
Hanoi,2024-10-09,30.3,24,26.9,32.3,24,27.7,20.4,68.6,0,0,0,,0,0,24.5,14.8,32.4,1014.1,21.2,9.8,230.9,19.9,8,10,2024-10-09T05:50:04,2024-10-09T17:37:22,0.22,Partially cloudy,Partly cloudy throughout the day.,partly-cloudy-day,"48820099999,48823099999,48825099999,48831099999,VVNB"
Hanoi,2024-10-10,31,22,26.6,32.6,22,27.5,21.1,73.9,0,0,0,,0,0,17.6,13,15.2,1013.2,21.6,7.5,229.2,19.9,8,10,2024-10-10T05:50:23,2024-10-10T17:36:31,0.25,Partially cloudy,Partly cloudy throughout the day.,partly-cloudy-day,"48820099999,48823099999,48825099999,48831099999,VVNB"
Hanoi,2024-10-11,32,23,27.3,34.2,23,28.4,20.8,69.2,0,0,0,,0,0,16.9,13,101.9,1012.8,18,7.2,235.1,20.2,9,10,2024-10-11T05:50:42,2024-10-11T17:35:40,0.25,Clear,Clear conditions throughout the day.,clear-day,"48820099999,48823099999,48825099999,48831099999,VVNB"
Hanoi,2024-10-12,32,23,27.6,35.1,23,29.1,21.6,71.5,0.9,100,16.67,rain,0,0,21.2,16.6,130.9,1013.7,24.5,7.6,177.2,15.2,7,10,2024-10-12T05:51:02,2024-10-12T17:34:50,0.32,"Rain, Partially cloudy",Partly cloudy throughout the day with rain in the morning and afternoon.,rain,"48820099999,48823099999,48825099999,48831099999,VVNB"
Hanoi,2024-10-13,33,24,28,36.1,24,30.1,22.5,73.7,0.2,100,8.33,rain,0,0,27,18.4,132.8,1013.3,43.7,8.8,159.8,13.7,8,10,2024-10-13T05:51:22,2024-10-13T17:34:01,0.35,"Rain, Partially cloudy",Partly cloudy throughout the day with afternoon rain.,rain,"48820099999,48823099999,48825099999,48831099999,VVNB"
Hanoi,2024-10-14,33,24.5,28.4,36.6,24.5,31.1,23,73.9,0,0,0,rain,0,0,22,13,121.7,1012.1,49.3,9.8,204.6,17.7,7,10,2024-10-14T05:51:43,2024-10-14T17:33:12,0.39,Partially cloudy,Partly cloudy throughout the day.,partly-cloudy-day,"48820099999,48823099999,48825099999,48831099999,VVNB,remote"
Hanoi,2024-10-15,32,25,27.2,38.1,25,29.4,24.5,85.9,29.379,100,8.33,rain,0,0,23.4,20.5,78.7,1012.6,65.1,8.9,152.7,13.2,7,10,2024-10-15T05:52:04,2024-10-15T17:32:23,0.42,"Rain, Partially cloudy",Partly cloudy throughout the day with rain.,rain,"48820099999,48823099999,48825099999,48831099999,VVNB"
Hanoi,2024-10-16,31,24.7,27.2,34.6,24.7,29.2,23.2,79.5,1.937,100,4.17,rain,0,0,22.7,13,31.9,1013.4,74.9,9.9,156.6,13.4,6,10,2024-10-16T05:52:26,2024-10-16T17:31:36,0.46,"Rain, Partially cloudy",Partly cloudy throughout the day with late afternoon rain.,rain,"48820099999,48823099999,48825099999,48831099999,VVNB"
Hanoi,2024-10-17,33,26,28.7,38.1,26,32,24.2,77.8,1,100,33.33,rain,0,0,20.5,18.4,111.1,1011.4,59.2,9.3,172.5,14.9,7,10,2024-10-17T05:52:47,2024-10-17T17:30:49,0.5,"Rain, Partially cloudy",Partly cloudy throughout the day with a chance of rain throughout the day.,rain,"48820099999,48823099999,48825099999,48831099999,VVNB"
Hanoi,2024-10-18,34,25,29.2,40.6,25,33.2,24.8,78.5,0.6,100,16.67,rain,0,0,20.9,18.4,121.2,1011,43.1,9.4,156.1,13.7,6,10,2024-10-18T05:53:10,2024-10-18T17:30:03,0.52,"Rain, Partially cloudy",Partly cloudy throughout the day with rain in the morning and afternoon.,rain,"48820099999,48823099999,48825099999,48831099999,VVNB"
Hanoi,2024-10-19,34,25,28.8,39.4,25,32.6,24.5,79.3,0.483,100,8.33,rain,0,0,27.7,18.4,122.8,1013.2,40.9,10.3,139.8,11.9,5,30,2024-10-19T05:53:33,2024-10-19T17:29:18,0.56,"Rain, Partially cloudy",Partly cloudy throughout the day with rain.,rain,"48820099999,48823099999,48825099999,48831099999,VVNB"
Hanoi,2024-10-20,34,25.7,29.1,37.5,25.7,31.9,23.3,72.8,1.1,100,37.5,rain,0,0,23,14.8,107.8,1015.1,49.7,9.8,185.5,16,7,10,2024-10-20T05:53:56,2024-10-20T17:28:33,0.59,"Rain, Partially cloudy",Partly cloudy throughout the day with a chance of rain throughout the day.,rain,"48820099999,48823099999,48825099999,48831099999,VVNB"
Hanoi,2024-10-21,29,25,26.4,33.9,25,27.7,24.5,90,32.914,100,4.17,rain,0,0,16.6,10.1,53.8,1014.5,68.6,8.7,72.5,6.4,3,10,2024-10-21T05:54:20,2024-10-21T17:27:49,0.62,"Rain, Partially cloudy",Partly cloudy throughout the day with late afternoon rain.,rain,"48820099999,48823099999,48825099999,48831099999,VVNB"
Hanoi,2024-10-22,33,24,28,37.3,24,30.6,23.5,78.6,1.8,100,20.83,rain,0,0,25.6,11.2,342.2,1014.6,39.5,8.1,178.7,15.5,8,10,2024-10-22T05:54:44,2024-10-22T17:27:07,0.66,"Rain, Partially cloudy",Partly cloudy throughout the day with rain.,rain,"48820099999,48823099999,48825099999,48831099999,VVNB"
Hanoi,2024-10-23,30,24,27.2,31.3,24,27.7,19,61.5,0.002,100,4.17,rain,0,0,34.2,26.9,24.7,1015.2,47.2,11.6,202.4,17.4,7,10,2024-10-23T05:55:09,2024-10-23T17:26:25,0.69,"Rain, Partially cloudy",Becoming cloudy in the afternoon with afternoon rain.,rain,"48820099999,48823099999,48825099999,48831099999,VVNB"
Hanoi,2024-10-24,32,20,25.5,30.1,20,25.2,13.9,52.5,0,0,0,,0,0,20.5,18.4,10.1,1012.7,58.7,11.4,241.2,20.8,8,10,2024-10-24T05:55:35,2024-10-24T17:25:44,0.75,Partially cloudy,Partly cloudy throughout the day.,partly-cloudy-day,"48820099999,48823099999,48825099999,48831099999,VVNB"
Hanoi,2024-10-25,32,18,24.5,30.3,18,24.2,15.3,61.4,0,0,0,,0,0,22.3,11.2,344.8,1010.1,53,10,238.4,20.6,8,10,2024-10-25T05:56:00,2024-10-25T17:25:04,0.76,Partially cloudy,Partly cloudy throughout the day.,partly-cloudy-day,"48820099999,48823099999,48825099999,48831099999,VVNB"
Hanoi,2024-10-26,32,20,26.2,31.4,20,26.1,16,57,0,0,0,rain,0,0,36.4,20.5,335.9,1008.4,66.5,10,238,20.6,8,10,2024-10-26T05:56:27,2024-10-26T17:24:24,0.79,Partially cloudy,Partly cloudy throughout the day.,partly-cloudy-day,"48820099999,48823099999,48825099999,48831099999,VVNB"
Hanoi,2024-10-27,28,20,23.9,27.7,20,23.9,16.6,66.1,1.993,100,4.17,rain,0,0,47.9,25.9,340.8,1010.3,94.4,10,48.3,4.3,3,10,2024-10-27T05:56:54,2024-10-27T17:23:46,0.82,"Rain, Overcast",Cloudy skies throughout the day with late afternoon rain.,rain,"48820099999,48823099999,48825099999,48831099999,VVNB"
Hanoi,2024-10-28,25,20.6,22.5,25,20.6,22.5,17.5,73.8,2.164,100,8.33,rain,0,0,34.2,20.5,358.7,1011.9,91.1,10,44,3.8,3,10,2024-10-28T05:57:21,2024-10-28T17:23:09,0.86,"Rain, Overcast",Cloudy skies throughout the day with rain.,rain,"48820099999,48823099999,48825099999,48831099999,VVNB"
Hanoi,2024-10-29,27,21,24.2,27.9,21,24.4,18.1,69.2,0.317,100,4.17,rain,0,0,31.3,18.4,355.8,1011.6,72.7,9.9,80.9,7.1,4,10,2024-10-29T05:57:49,2024-10-29T17:22:33,0.89,"Rain, Partially cloudy",Partly cloudy throughout the day with late afternoon rain.,rain,"48820099999,48823099999,48825099999,48831099999,VVNB"
Hanoi,2024-10-30,32,21.5,26.1,32.9,21.5,26.6,19.2,67.7,0.017,100,4.17,rain,0,0,23.4,14.8,356.5,1011.7,46.1,10.2,186.1,16,7,10,2024-10-30T05:58:18,2024-10-30T17:21:58,0.92,"Rain, Partially cloudy",Partly cloudy throughout the day with morning rain.,rain,"48820099999,48823099999,48825099999,48831099999,VVNB,remote"
Hanoi,2024-10-31,32,22,26.5,35.1,22,27.7,21.6,76.2,0,0,0,,0,0,18,9.4,339.5,1010.1,10,8.6,217,18.7,8,10,2024-10-31T05:58:47,2024-10-31T17:21:24,0.96,Clear,Clear conditions throughout the day.,clear-day,"48820099999,48823099999,48825099999,48831099999,VVNB"
Hanoi,2024-11-01,33,22,27.4,32.3,22,27.5,19,64.7,0,0,0,,0,0,27,16.6,19.5,1012.3,1.8,9.4,227.5,19.6,8,10,2024-11-01T05:59:16,2024-11-01T17:20:51,0,Clear,Clear conditions throughout the day.,clear-day,"48820099999,48823099999,48825099999,48831099999,VVNB"
Hanoi,2024-11-02,31,20,25.5,29.8,20,25.2,15.5,58.1,0,0,0,,0,0,29.2,20.5,51.2,1016.9,6,9.6,228.9,19.7,8,10,2024-11-02T05:59:46,2024-11-02T17:20:19,0.02,Clear,Clear conditions throughout the day.,clear-day,"48820099999,48823099999,48825099999,48831099999,VVNB"
Hanoi,2024-11-03,27.1,20,24.4,27.5,20,24.5,17,65.2,0,0,0,,0,0,21.6,16.6,2.7,1017.5,51.5,9.5,150.3,12.9,7,10,2024-11-03T06:00:17,2024-11-03T17:19:48,0.06,Partially cloudy,Partly cloudy throughout the day.,partly-cloudy-day,"48820099999,48823099999,48825099999,48831099999,VVNB"
Hanoi,2024-11-04,28,23,25,28.9,23,25.2,18.9,69.6,0.005,100,4.17,rain,0,0,26.6,14.8,358.6,1017.5,73.9,9.3,57.8,5.1,3,10,2024-11-04T06:00:48,2024-11-04T17:19:19,0.09,"Rain, Partially cloudy",Partly cloudy throughout the day with late afternoon rain.,rain,"48820099999,48823099999,48825099999,48831099999,VVNB"
Hanoi,2024-11-05,27,21.8,24,27.7,21.8,24.1,19,74.7,1.273,100,12.5,rain,0,0,18.7,16.6,0.9,1019.1,63.4,8.6,44,3.8,2,10,2024-11-05T06:01:20,2024-11-05T17:18:50,0.13,"Rain, Partially cloudy",Partly cloudy throughout the day with rain.,rain,"48820099999,48823099999,48825099999,48831099999,VVNB"
Hanoi,2024-11-06,28,22,25.1,28.3,22,25.2,17.5,64.1,0,0,0,,0,0,21.6,16.6,356.6,1019.4,61.2,9.1,73.6,6.3,4,10,2024-11-06T06:01:52,2024-11-06T17:18:23,0.16,Partially cloudy,Partly cloudy throughout the day.,partly-cloudy-day,"48820099999,48823099999,48825099999,48831099999,VVNB"
Hanoi,2024-11-07,29.1,23,25.5,29.2,23,25.6,17.3,61.6,0,0,0,,0,0,23,16.6,50.7,1019.1,20.1,8.9,191.9,16.4,7,10,2024-11-07T06:02:25,2024-11-07T17:17:57,0.2,Partially cloudy,Partly cloudy throughout the day.,partly-cloudy-day,"48820099999,48823099999,48825099999,48831099999,VVNB"
Hanoi,2024-11-08,29,19,24.3,28.8,19,24.2,16.7,65.6,0,0,0,,0,0,19.8,11.2,347.8,1017.7,5,8.4,212.4,18.3,8,10,2024-11-08T06:02:58,2024-11-08T17:17:32,0.23,Clear,Clear conditions throughout the day.,clear-day,"48820099999,48823099999,48825099999,48831099999,VVNB"
Hanoi,2024-11-09,30,19,24.3,30.4,19,24.5,17.5,67.9,0,0,0,,0,0,18.4,11.2,334.5,1015.3,2.6,7.7,216,18.6,8,10,2024-11-09T06:03:31,2024-11-09T17:17:09,0.25,Clear,Clear conditions throughout the day.,clear-day,"48820099999,48823099999,48825099999,48831099999,VVNB"
Hanoi,2024-11-10,32,19,25,31,19,25,16.7,62.8,0,0,0,,0,0,22.3,13,320.1,1015.2,1.3,7.6,214.9,18.6,8,10,2024-11-10T06:04:05,2024-11-10T17:16:47,0.3,Clear,Clear conditions throughout the day.,clear-day,"48820099999,48823099999,48825099999,48831099999,VVNB"
Hanoi,2024-11-11,32,20,26,32.9,20,26.5,18.5,65.3,0,0,0,,0,0,16.9,9.4,335,1014.1,4.4,8.8,207.3,17.8,7,10,2024-11-11T06:04:40,2024-11-11T17:16:26,0.34,Clear,Clear conditions throughout the day.,clear-day,"48820099999,48823099999,48825099999,48831099999,VVNB"
Hanoi,2024-11-12,31,22,26.6,33.1,22,27.9,21,72.5,0,0,0,,0,0,18.4,11.2,146.3,1012.6,13.2,7.5,193.7,16.9,7,10,2024-11-12T06:05:15,2024-11-12T17:16:06,0.37,Clear,Clear conditions throughout the day.,clear-day,"48820099999,48823099999,48825099999,48831099999,VVNB"
Hanoi,2024-11-13,32,22.7,26.7,34.9,22.7,27.9,21.6,75.4,0,0,0,,0,0,24.1,14.8,120.2,1011,9.8,6.9,202.2,17.4,7,10,2024-11-13T06:05:50,2024-11-13T17:15:48,0.41,Clear,Clear conditions throughout the day.,clear-day,"48820099999,48823099999,48825099999,48831099999,VVNB"
Hanoi,2024-11-14,31,23,27,35,23,28.7,22.5,77.9,0,0,0,,0,0,17.3,14.8,124.4,1010.5,44.6,5.9,151.3,13.1,6,10,2024-11-14T06:06:26,2024-11-14T17:15:31,0.44,Partially cloudy,Partly cloudy throughout the day.,partly-cloudy-day,"48820099999,48823099999,48825099999,48831099999,VVNB"
Hanoi,2024-11-15,32,24,27.4,36.8,24,29.3,23.1,78.7,0,0,0,,0,0,19.8,14.8,113.2,1009.6,37.4,7,149.7,13,6,10,2024-11-15T06:07:02,2024-11-15T17:15:15,0.48,Partially cloudy,Partly cloudy throughout the day.,partly-cloudy-day,"48820099999,48823099999,48825099999,48831099999,VVNB"
Hanoi,2024-11-16,31.5,24.7,27.5,34.6,24.7,29.2,23,78.1,0.3,100,12.5,rain,0,0,22.7,18.4,114.5,1010.9,38.2,8.8,139.9,11.9,6,10,2024-11-16T06:07:39,2024-11-16T17:15:00,0.5,"Rain, Partially cloudy",Partly cloudy throughout the day with rain in the morning and afternoon.,rain,"48820099999,48823099999,48825099999,48831099999,VVNB"
Hanoi,2024-11-17,32,23,27.2,34.3,23,28.3,21.5,73.5,0,0,0,,0,0,24.1,11.2,81.7,1013.5,21.3,7.6,217.4,18.7,8,10,2024-11-17T06:08:16,2024-11-17T17:14:47,0.54,Partially cloudy,Partly cloudy throughout the day.,partly-cloudy-day,"48820099999,48823099999,48825099999,48831099999,VVNB"
Hanoi,2024-11-18,30,22.8,25.6,33.2,22.8,26.4,21,76.3,4.4,100,50,rain,0,0,29.9,25.9,64.8,1015.9,39.7,8.2,97.2,8.4,4,10,2024-11-18T06:08:53,2024-11-18T17:14:36,0.58,"Rain, Partially cloudy",Partly cloudy throughout the day with a chance of rain throughout the day.,rain,"48820099999,48823099999,48825099999,48831099999,VVNB"
Hanoi,2024-11-19,30,23,26,30.8,23,26.2,18.4,64,0,0,0,,0,0,24.1,18.4,44.4,1017.2,29.8,9.8,171.4,14.7,7,10,2024-11-19T06:09:31,2024-11-19T17:14:25,0.61,Partially cloudy,Partly cloudy throughout the day.,partly-cloudy-day,VVNB
Hanoi,2024-11-20,28,20,24.3,28,20,24.3,16.7,64.2,0,0,0,,0,0,28.1,18.4,69.5,1018,34.7,9.7,164.6,14.3,6,10,2024-11-20T06:10:08,2024-11-20T17:14:16,0.64,Partially cloudy,Clearing in the afternoon.,partly-cloudy-day,VVNB
Hanoi,2024-11-21,26,19,22.5,26,19,22.5,15.1,63.6,0,0,0,,0,0,24.8,18.4,35.1,1018.2,11.4,10,187.6,16.3,7,10,2024-11-21T06:10:47,2024-11-21T17:14:09,0.67,Clear,Clear conditions throughout the day.,clear-day,VVNB
Hanoi,2024-11-22,27,20,23.1,27.1,20,23.1,14.5,59.4,0,0,0,,0,0,26.6,14.8,27.5,1018.4,55.1,9.7,198.9,17.2,8,10,2024-11-22T06:11:25,2024-11-22T17:14:02,0.71,Partially cloudy,Partly cloudy throughout the day.,partly-cloudy-day,"48820099999,48823099999,48825099999,48831099999,VVNB"
Hanoi,2024-11-23,26,20,23.3,26,20,23.3,15.3,61.7,0,0,0,,0,0,21.6,16.6,58.1,1018.7,48.4,9.6,133.3,11.5,6,10,2024-11-23T06:12:03,2024-11-23T17:13:57,0.75,Partially cloudy,Partly cloudy throughout the day.,partly-cloudy-day,"48820099999,48823099999,48825099999,48831099999,VVNB"
Hanoi,2024-11-24,25,19,22.6,25,19,22.6,17.6,74.5,0.003,100,4.17,rain,0,0,21.2,11.2,61.1,1017.9,68.5,8.3,110.5,9.6,5,10,2024-11-24T06:12:42,2024-11-24T17:13:54,0.77,"Rain, Partially cloudy",Partly cloudy throughout the day with late afternoon rain.,rain,"48820099999,48823099999,48825099999,48831099999,VVNB"
Hanoi,2024-11-25,28,22,24.2,29.2,22,24.5,19.6,76.1,1.3,100,12.5,rain,0,0,15.8,9.4,69.6,1017.1,74.2,7.2,108,9.3,4,10,2024-11-25T06:13:21,2024-11-25T17:13:52,0.8,"Rain, Partially cloudy",Partly cloudy throughout the day with rain.,rain,"48820099999,48823099999,48825099999,48831099999,VVNB"
Hanoi,2024-11-26,23.4,19,21,23.4,19,21,16.2,74.5,1.3,100,12.5,rain,0,0,41,22.3,3.8,1019.1,92.7,9.4,21.8,1.9,1,10,2024-11-26T06:14:00,2024-11-26T17:13:51,0.84,"Rain, Overcast",Cloudy skies throughout the day with rain clearing later.,rain,"48820099999,48823099999,48825099999,48831099999,VVNB"
Hanoi,2024-11-27,22.1,19.9,20.5,22.1,19.9,20.5,12.6,61.3,0,0,0,,0,0,28.4,16.6,7,1021.2,83.2,10,61.1,5.2,3,10,2024-11-27T06:14:39,2024-11-27T17:13:52,0.87,Partially cloudy,Partly cloudy throughout the day.,partly-cloudy-day,"48820099999,48823099999,48825099999,48831099999,VVNB"
Hanoi,2024-11-28,22.7,18,20,22.7,18,20,9.2,50.6,0,0,0,,0,0,30.6,20.5,351.6,1024.1,60.4,10.1,167.3,14.5,7,10,2024-11-28T06:15:18,2024-11-28T17:13:53,0.9,Partially cloudy,Partly cloudy throughout the day.,partly-cloudy-day,"48820099999,48823099999,48825099999,48831099999,VVNB"
Hanoi,2024-11-29,26,17.7,21,26,17.7,21,10,52.3,0,0,0,,0,0,23,13,349,1021.4,21.1,9.9,191.6,16.5,7,10,2024-11-29T06:15:57,2024-11-29T17:13:57,0.93,Partially cloudy,Clearing in the afternoon.,partly-cloudy-day,"48820099999,48823099999,48825099999,48831099999,VVNB"
Hanoi,2024-11-30,25.1,15,20.4,25.1,15,20.4,11.9,60.3,0,0,0,,0,0,18.4,13,113.4,1016.7,30.5,9.2,194.3,16.7,7,10,2024-11-30T06:16:37,2024-11-30T17:14:01,0.97,Partially cloudy,Becoming cloudy in the afternoon.,partly-cloudy-day,"48820099999,48823099999,48825099999,48831099999,VVNB"
Hanoi,2024-12-01,26,15,20.7,26,15,20.7,15.5,73.6,0,0,0,,0,0,25.2,16.6,126,1013.1,36.2,7.7,173.4,14.9,7,10,2024-12-01T06:17:16,2024-12-01T17:14:07,0,Partially cloudy,Partly cloudy throughout the day.,partly-cloudy-day,"48820099999,48823099999,48825099999,48831099999,VVNB"
Hanoi,2024-12-02,26,20,22.6,26,20,22.6,17.5,73.5,0.3,100,8.33,rain,0,0,18,13,98.6,1013.4,78.9,8.9,97.6,8.5,4,10,2024-12-02T06:17:55,2024-12-02T17:14:15,0.03,"Rain, Partially cloudy",Partly cloudy throughout the day with rain in the morning and afternoon.,rain,"48820099999,48823099999,48825099999,48831099999,VVNB"
Hanoi,2024-12-03,27.4,21,23.8,28.6,21,23.9,19.7,78.3,0.6,100,20.83,rain,0,0,22.7,18.4,116,1013.8,80.1,9,109.1,9.3,4,10,2024-12-03T06:18:34,2024-12-03T17:14:24,0.07,"Rain, Partially cloudy",Partly cloudy throughout the day with rain in the morning and afternoon.,rain,"48820099999,48823099999,48825099999,48831099999,VVNB,remote"
Hanoi,2024-12-04,27,21,23.5,27.9,21,23.7,19.1,77.5,0.5,100,20.83,rain,0,0,28.4,16.6,123.8,1014.4,73.9,9.4,65.1,5.5,2,10,2024-12-04T06:19:12,2024-12-04T17:14:34,0.1,"Rain, Partially cloudy",Partly cloudy throughout the day with a chance of rain throughout the day.,rain,"48820099999,48823099999,48825099999,48831099999,VVNB,remote"
Hanoi,2024-12-05,27,20,23.3,27.9,20,23.3,18.7,76.4,0,0,0,,0,0,31.7,24.4,126,1014.5,51.5,8.5,79.7,6.8,3,10,2024-12-05T06:19:51,2024-12-05T17:14:45,0.14,Partially cloudy,Partly cloudy throughout the day.,partly-cloudy-day,"48820099999,48823099999,48825099999,48831099999,VVNB"
Hanoi,2024-12-06,23.9,19,21.5,23.9,19,21.5,18.9,85.6,0.007,100,4.17,rain,0,0,29.2,18.4,68,1014.3,81.6,6.9,55.3,4.7,2,10,2024-12-06T06:20:29,2024-12-06T17:14:57,0.18,"Rain, Partially cloudy",Partly cloudy throughout the day with late afternoon rain.,rain,"48820099999,48823099999,48825099999,48831099999,VVNB"
Hanoi,2024-12-07,20.4,18,18.9,20.4,18,18.9,14.4,75.2,0.2,100,4.17,rain,0,0,29.2,22.3,27.1,1017.8,98.1,9,32.3,2.7,1,10,2024-12-07T06:21:08,2024-12-07T17:15:11,0.21,"Rain, Overcast",Cloudy skies throughout the day with afternoon rain.,rain,"48820099999,48823099999,48825099999,48831099999,VVNB"
Hanoi,2024-12-08,18,16,17,18,16,17,10.4,65.2,0.4,100,16.67,rain,0,0,24.5,20.5,17.1,1021.7,98.4,10,42.6,3.7,2,10,2024-12-08T06:21:45,2024-12-08T17:15:26,0.25,"Rain, Overcast",Cloudy skies throughout the day with early morning rain.,rain,"48820099999,48823099999,48825099999,48831099999,VVNB"
Hanoi,2024-12-09,21,16,18.2,21,16,18.2,12,67.5,0,0,0,,0,0,13.3,9.4,20.6,1018.2,96.1,11.2,83.1,7.2,3,10,2024-12-09T06:22:23,2024-12-09T17:15:43,0.28,Overcast,Cloudy skies throughout the day.,cloudy,"48820099999,48823099999,48825099999,48831099999,VVNB,remote"
Hanoi,2024-12-10,25,17.5,20.5,25,17.5,20.5,16.4,77.8,0.3,100,12.5,rain,0,0,17.3,11.2,62.3,1013.7,89.9,5.8,73.6,6.3,4,10,2024-12-10T06:23:00,2024-12-10T17:16:00,0.32,"Rain, Partially cloudy",Partly cloudy throughout the day with rain in the morning and afternoon.,rain,"48820099999,48823099999,48825099999,48831099999,VVNB"
Hanoi,2024-12-11,20.1,17,19,20.1,17,19,15.4,80.5,2.962,100,8.33,rain,0,0,45.7,24.1,8.3,1016.3,96,7.2,79.7,6.8,4,10,2024-12-11T06:23:37,2024-12-11T17:16:19,0.35,"Rain, Overcast",Cloudy skies throughout the day with rain.,rain,"48820099999,48823099999,48825099999,48831099999,VVNB"
Hanoi,2024-12-12,17.7,16,16.7,17.7,16,16.7,11,69.3,0.4,100,16.67,rain,0,0,20.5,18.4,7.2,1018.5,100,10,32.9,2.7,1,10,2024-12-12T06:24:13,2024-12-12T17:16:39,0.39,"Rain, Overcast",Cloudy skies throughout the day with rain.,rain,"48820099999,48823099999,48825099999,48831099999,VVNB"
Hanoi,2024-12-13,18.3,15,16.5,18.3,15,16.5,10.2,66.6,0.1,100,4.17,rain,0,0,29.9,22.3,10.7,1021.6,98.6,9.9,42.6,3.7,2,10,2024-12-13T06:24:49,2024-12-13T17:17:00,0.42,"Rain, Overcast",Cloudy skies throughout the day with late afternoon rain.,rain,"48820099999,48823099999,48825099999,48831099999,VVNB"
Hanoi,2024-12-14,17,15,16.2,17,15,16.2,7.7,57.5,0,0,0,,0,0,32,22.3,16.6,1025.9,95.3,9.8,22.2,2,1,10,2024-12-14T06:25:24,2024-12-14T17:17:22,0.46,Overcast,Cloudy skies throughout the day.,cloudy,"48820099999,48823099999,48825099999,48831099999,VVNB"
Hanoi,2024-12-15,18,14,16,18,14,16,6.9,55.9,0.007,100,8.33,rain,0,0,24.5,14.8,356.7,1026.5,78.1,9.6,24.6,2.1,1,10,2024-12-15T06:25:58,2024-12-15T17:17:46,0.5,"Rain, Partially cloudy",Partly cloudy throughout the day with rain.,rain,"48820099999,48823099999,48825099999,48831099999,VVNB"
Hanoi,2024-12-16,22,13.9,16.8,22,13.9,16.8,7.9,58.2,0.003,100,4.17,rain,0,0,22,11.2,331.2,1023.5,45,10.9,143.5,12.3,6,10,2024-12-16T06:26:33,2024-12-16T17:18:10,0.53,"Rain, Partially cloudy",Partly cloudy throughout the day with early morning rain.,rain,"48820099999,48823099999,48825099999,48831099999,VVNB"
Hanoi,2024-12-17,22.4,15.1,18.5,22.4,15.1,18.5,8.9,55.2,0,0,0,,0,0,16.6,14.8,41.8,1020.3,28.2,8.3,183.8,15.8,7,10,2024-12-17T06:27:06,2024-12-17T17:18:36,0.56,Partially cloudy,Partly cloudy throughout the day.,partly-cloudy-day,"48820099999,48823099999,48825099999,48831099999,VVNB"
Hanoi,2024-12-18,24,16,19.6,24,16,19.6,8.3,49.4,0,0,0,,0,0,27.7,20.5,14.4,1021.2,35.8,9.4,159.9,13.7,6,10,2024-12-18T06:27:39,2024-12-18T17:19:02,0.59,Partially cloudy,Partly cloudy throughout the day.,partly-cloudy-day,"48820099999,48823099999,48825099999,48831099999,VVNB"
Hanoi,2024-12-19,23,12,17.5,23,12,17.5,7.8,56.3,0,0,0,,0,0,25.9,16.6,55.7,1021.3,17.5,9.3,151.2,13.1,6,10,2024-12-19T06:28:11,2024-12-19T17:19:29,0.62,Clear,Clear conditions throughout the day.,clear-day,"48820099999,48823099999,48825099999,48831099999,VVNB"
Hanoi,2024-12-20,22,12.6,17.6,22,12.6,17.6,9.2,59.9,0,0,0,,0,0,24.5,18.4,113.7,1019.4,24.7,8.7,181,15.5,7,10,2024-12-20T06:28:42,2024-12-20T17:19:58,0.66,Partially cloudy,Partly cloudy throughout the day.,partly-cloudy-day,"48820099999,48823099999,48825099999,48831099999,VVNB"
Hanoi,2024-12-21,22,15.7,17.8,22,15.7,17.8,10.1,61.7,0,0,0,,0,0,17.6,13,20.6,1020,53.7,7.8,135.7,11.7,5,10,2024-12-21T06:29:13,2024-12-21T17:20:27,0.69,Partially cloudy,Partly cloudy throughout the day.,partly-cloudy-day,"48820099999,48823099999,48825099999,48831099999,VVNB"
Hanoi,2024-12-22,22,12,17.1,22,12,17.1,9.3,63.7,0,0,0,,0,0,22.3,13,96.8,1020.3,26.5,6.9,192.7,16.6,7,10,2024-12-22T06:29:42,2024-12-22T17:20:57,0.72,Partially cloudy,Partly cloudy throughout the day.,partly-cloudy-day,"48820099999,48823099999,48825099999,48831099999,VVNB"
Hanoi,2024-12-23,22.3,11,16.5,22.3,11,16.5,9.2,64.9,0,0,0,,0,0,21.6,11.2,22.8,1019.8,3.5,6.7,194.6,16.7,7,10,2024-12-23T06:30:11,2024-12-23T17:21:29,0.75,Clear,Clear conditions throughout the day.,clear-day,"48820099999,48823099999,48825099999,48831099999,VVNB"
Hanoi,2024-12-24,21.3,14.2,18.5,21.3,14.2,18.5,8.5,53.2,0,0,0,,0,0,24.1,16.6,0.4,1021.1,42.5,8.5,177.4,15.3,7,10,2024-12-24T06:30:39,2024-12-24T17:22:00,0.78,Partially cloudy,Partly cloudy throughout the day.,partly-cloudy-day,"48820099999,48823099999,48825099999,48831099999,VVNB"
Hanoi,2024-12-25,25,17,20.1,25,17,20.1,11.5,58.9,0,0,0,,0,0,16.6,13,108.6,1020.1,29.4,6.7,184.4,15.9,7,10,2024-12-25T06:31:06,2024-12-25T17:22:33,0.82,Partially cloudy,Partly cloudy throughout the day.,partly-cloudy-day,"48820099999,48823099999,48825099999,48831099999,VVNB"
Hanoi,2024-12-26,24,18,20.8,24,18,20.8,12.9,61,0,0,0,,0,0,24.1,13,14.5,1021.9,89.5,8.1,112.3,9.8,5,10,2024-12-26T06:31:32,2024-12-26T17:23:07,0.85,Partially cloudy,Partly cloudy throughout the day.,partly-cloudy-day,"48820099999,48823099999,48825099999,48831099999,VVNB"
Hanoi,2024-12-27,20.2,16.9,18.5,20.2,16.9,18.5,12.6,68.9,0.003,100,4.17,rain,0,0,28.1,20.5,27.1,1024.3,98.5,9.6,41.5,3.6,2,10,2024-12-27T06:31:57,2024-12-27T17:23:41,0.88,"Rain, Overcast",Cloudy skies throughout the day with morning rain.,rain,"48820099999,48823099999,48825099999,48831099999,VVNB"
Hanoi,2024-12-28,23,14.9,18.7,23,14.9,18.7,9.4,57.2,0.017,100,4.17,rain,0,0,29.2,18.4,358.7,1025.9,57.1,10.9,129.1,11.1,6,10,2024-12-28T06:32:21,2024-12-28T17:24:16,0.91,"Rain, Partially cloudy",Partly cloudy throughout the day with early morning rain.,rain,"48820099999,48823099999,48825099999,48831099999,VVNB"
Hanoi,2024-12-29,22,15,18,22,15,18,9.9,60.6,0,0,0,,0,0,31.7,16.6,120.5,1021.5,22.1,8.4,191.3,16.5,7,10,2024-12-29T06:32:44,2024-12-29T17:24:51,0.94,Partially cloudy,Partly cloudy throughout the day.,partly-cloudy-day,"48820099999,48823099999,48825099999,48831099999,VVNB"
Hanoi,2024-12-30,21,13,17.6,21,13,17.6,12.6,73.5,0,0,0,rain,0,0,20.2,11.2,3.7,1020.6,66.9,6.2,84.9,7.3,4,10,2024-12-30T06:33:06,2024-12-30T17:25:27,0.98,Partially cloudy,Partly cloudy throughout the day.,partly-cloudy-day,"48820099999,48823099999,48825099999,48831099999,remote,VVNB"
Hanoi,2024-12-31,20.1,14.7,18.1,20.1,14.7,18.1,12.3,69.8,0,0,0,,0,0,24.8,18.4,349.7,1021.1,52.8,6.2,81.7,7.1,4,10,2024-12-31T06:33:27,2024-12-31T17:26:04,0,Partially cloudy,Partly cloudy throughout the day.,partly-cloudy-day,"48820099999,48823099999,48825099999,48831099999,VVNB"
Hanoi,2025-01-01,25,12,17.9,25,12,17.9,12.5,73.7,0,0,0,,0,0,17.6,13,132.3,1017.3,12.2,5.1,193,16.7,7,10,2025-01-01T06:33:47,2025-01-01T17:26:41,0.05,Clear,Clear conditions throughout the day.,clear-day,"VMI0000VVNB,48820099999,48823099999,48825099999,48831099999,VVNB,VMM00048825"
Hanoi,2025-01-02,24.5,14.7,19.4,24.5,14.7,19.4,13.6,71.3,0,0,0,,0,0,16.2,9.4,27.2,1018.4,23.7,5,189.6,16.3,7,10,2025-01-02T06:34:06,2025-01-02T17:27:19,0.08,Partially cloudy,Becoming cloudy in the afternoon.,partly-cloudy-day,"VMI0000VVNB,48820099999,48825099999,VVNB,VMM00048825"
Hanoi,2025-01-03,26,15,20.2,26,15,20.2,12.4,64.3,0,0,0,,0,0,26.6,13,34.7,1019.8,9.6,7,190.7,16.4,7,10,2025-01-03T06:34:23,2025-01-03T17:27:57,0.12,Clear,Clear conditions throughout the day.,clear-day,"VMI0000VVNB,48820099999,48825099999,VVNB,VMM00048825"
Hanoi,2025-01-04,24,13,18.8,24,13,18.8,11.9,66.1,0,0,0,,0,0,24.5,14.8,130.6,1018.9,10.6,6.8,168,14.6,7,10,2025-01-04T06:34:40,2025-01-04T17:28:36,0.15,Clear,Clear conditions throughout the day.,clear-day,"VMI0000VVNB,48820099999,48825099999,VVNB,VMM00048825"
Hanoi,2025-01-05,24.5,14.1,19,24.5,14.1,19,11.1,63.7,0,0,0,,0,0,25.9,11.2,278.7,1020.4,15,6.8,195.8,16.8,7,10,2025-01-05T06:34:55,2025-01-05T17:29:15,0.19,Clear,Clear conditions throughout the day.,clear-day,"VMI0000VVNB,48820099999,48823099999,48825099999,VMM00048823,VVNB,VMM00048825"
Hanoi,2025-01-06,24,13,18.6,24,13,18.6,10.8,63.4,0,0,0,,0,0,22,16.6,98.9,1017.8,9.4,6.3,199.7,17.1,7,10,2025-01-06T06:35:09,2025-01-06T17:29:54,0.22,Clear,Clear conditions throughout the day.,clear-day,"VMI0000VVNB,48820099999,48825099999,VVNB,VMM00048825"
Hanoi,2025-01-07,23,13,18.3,23,13,18.3,13.4,74.6,0,0,0,rain,0,0,22.3,11.2,114,1017.3,36.7,5.4,127.7,11.2,6,10,2025-01-07T06:35:22,2025-01-07T17:30:34,0.25,Partially cloudy,Partly cloudy throughout the day.,partly-cloudy-day,"VMI0000VVNB,48820099999,48825099999,VVNB,VMM00048825"
Hanoi,2025-01-08,24,17,20.1,24,17,20.1,15.4,75.4,0.6,100,20.83,rain,0,0,22.7,16.6,111.7,1018,71,7.2,102.1,8.9,4,10,2025-01-08T06:35:33,2025-01-08T17:31:14,0.3,"Rain, Partially cloudy",Partly cloudy throughout the day with rain in the morning and afternoon.,rain,"VMI0000VVNB,48820099999,48825099999,VVNB,VMM00048825"
Hanoi,2025-01-09,23,17,19.5,23,17,19.5,11.3,60.4,0,0,0,,0,0,38.2,20.5,47.6,1021.3,56.4,8.3,74.2,6.5,3,10,2025-01-09T06:35:43,2025-01-09T17:31:54,0.33,Partially cloudy,Partly cloudy throughout the day.,partly-cloudy-day,"VMI0000VVNB,48820099999,48825099999,VVNB,VMM00048825"
Hanoi,2025-01-10,18,15,16.5,18,15,16.5,6.5,51.8,0,0,0,,0,0,31.7,20.5,24,1027.9,35.1,10,103.6,8.8,5,10,2025-01-10T06:35:52,2025-01-10T17:32:34,0.37,Partially cloudy,Partly cloudy throughout the day.,partly-cloudy-day,"VMI0000VVNB,48820099999,48825099999,VVNB,VMM00048825"
Hanoi,2025-01-11,19,12,15.6,19,12,15.6,5.3,50.9,0,0,0,,0,0,33.5,22.3,13.5,1030.5,23.6,9.9,94.6,8,3,10,2025-01-11T06:36:00,2025-01-11T17:33:15,0.4,Partially cloudy,Partly cloudy throughout the day.,partly-cloudy-day,"VMI0000VVNB,48820099999,48825099999,VVNB,VMM00048825"
Hanoi,2025-01-12,21,8.9,14.5,21,8.9,14.5,3.4,53.2,0,0,0,,0,0,26.6,16.6,343.1,1026.9,3.7,10.5,211,18.3,8,10,2025-01-12T06:36:06,2025-01-12T17:33:55,0.44,Clear,Clear conditions throughout the day.,clear-day,"VMI0000VVNB,48820099999,48825099999,VVNB,VMM00048825"
Hanoi,2025-01-13,21.1,7,14.9,21.1,7,14.9,6.6,60.5,0,0,0,,0,0,24.1,9.4,134.8,1022,2.8,8.8,211.5,18.2,8,10,2025-01-13T06:36:11,2025-01-13T17:34:36,0.47,Clear,Clear conditions throughout the day.,clear-day,"VMI0000VVNB,48820099999,48825099999,VVNB,VMM00048825"
Hanoi,2025-01-14,22.1,12,16.3,22.1,12,16.3,10.9,72.3,0,0,0,,0,0,17.6,11.2,2.4,1021.1,14.6,7.4,200.4,17.1,8,10,2025-01-14T06:36:15,2025-01-14T17:35:17,0.5,Clear,Clear conditions throughout the day.,clear-day,"VMI0000VVNB,48820099999,48825099999,VVNB,VMM00048825"
Hanoi,2025-01-15,24.1,15,19.5,24.1,15,19.5,10.7,60.3,0.1,100,4.17,rain,0,0,30.6,16.6,57.3,1024.2,30.6,7.9,75.6,6.4,3,10,2025-01-15T06:36:17,2025-01-15T17:35:58,0.54,"Rain, Partially cloudy",Partly cloudy throughout the day with early morning rain.,rain,"VMI0000VVNB,48820099999,48825099999,VVNB,VMM00048825"
Hanoi,2025-01-16,23.5,13,18.6,23.5,13,18.6,7.6,51.3,0,0,0,,0,0,26.6,20.5,30.8,1024.7,13.2,8.9,168.1,14.6,6,10,2025-01-16T06:36:19,2025-01-16T17:36:38,0.57,Clear,Clear conditions throughout the day.,clear-day,"VMI0000VVNB,48820099999,48825099999,VVNB,VMM00048825"
Hanoi,2025-01-17,22,11.7,17.4,22,11.7,17.4,10.4,66.8,0,0,0,,0,0,30.6,18.4,122.1,1021,5.9,7.2,210.9,18.2,8,10,2025-01-17T06:36:18,2025-01-17T17:37:19,0.6,Clear,Clear conditions throughout the day.,clear-day,"VMI0000VVNB,48820099999,48825099999,VVNB,VMM00048825"
Hanoi,2025-01-18,18,13,16,18,13,16,11,72.9,0,0,0,,0,0,21.2,14.8,347,1019.1,64.8,6.5,112.8,9.5,5,10,2025-01-18T06:36:17,2025-01-18T17:38:00,0.64,Partially cloudy,Partly cloudy throughout the day.,partly-cloudy-day,"VMI0000VVNB,48820099999,48825099999,VVNB,VMM00048825"
Hanoi,2025-01-19,23,15.7,18.3,23,15.7,18.3,11.6,66.6,0,0,0,,0,0,19.1,13,265.5,1017.1,39.2,6.4,183.6,15.9,7,10,2025-01-19T06:36:14,2025-01-19T17:38:40,0.67,Partially cloudy,Partly cloudy throughout the day.,partly-cloudy-day,"VMI0000VVNB,48820099999,48825099999,VVNB,VMM00048825"
Hanoi,2025-01-20,24,15,19.1,24,15,19.1,11.6,63.4,0,0,0,,0,0,19.4,11.2,87.9,1015.5,19,6.1,203.7,17.6,7,10,2025-01-20T06:36:09,2025-01-20T17:39:21,0.7,Clear,Clear conditions throughout the day.,clear-day,"VMI0000VVNB,48820099999,48825099999,VVNB,VMM00048825"
Hanoi,2025-01-21,25,14,19.3,25,14,19.3,12.1,66.5,0,0,0,,0,0,29.2,18.4,122.5,1014.9,7.7,7.4,208.8,18.1,8,10,2025-01-21T06:36:04,2025-01-21T17:40:01,0.73,Clear,Clear conditions throughout the day.,clear-day,"VMI0000VVNB,48820099999,48825099999,VVNB,VMM00048825"
Hanoi,2025-01-22,22.3,16,19,22.3,16,19,15.5,81.3,0.3,100,12.5,rain,0,0,18.4,14.8,97.1,1015.3,78.5,5.2,66.2,5.7,3,10,2025-01-22T06:35:57,2025-01-22T17:40:41,0.75,"Rain, Partially cloudy",Partly cloudy throughout the day with rain.,rain,"VMI0000VVNB,48820099999,48825099999,VVNB,VMM00048825"
Hanoi,2025-01-23,22.5,18,19.9,22.5,18,19.9,16.9,83.2,0,0,0,rain,0,0,25.2,20.5,119.5,1014.4,86.2,6.5,71.7,6.2,3,10,2025-01-23T06:35:49,2025-01-23T17:41:21,0.8,Partially cloudy,Partly cloudy throughout the day.,partly-cloudy-day,"VMI0000VVNB,48820099999,48823099999,48825099999,VMM00048823,VVNB,VMM00048825"
Hanoi,2025-01-24,24.1,18,20.5,24.1,18,20.5,18.3,87.4,0.1,100,4.17,rain,0,0,29.2,20.5,114.1,1011.2,89.6,5.6,100.6,8.7,5,10,2025-01-24T06:35:39,2025-01-24T17:42:00,0.83,"Rain, Partially cloudy",Partly cloudy throughout the day with late afternoon rain.,rain,"VMI0000VVNB,48820099999,48825099999,VVNB,VMM00048825"
Hanoi,2025-01-25,24,20,21.8,24,20,21.8,19.3,86.1,1.4,100,4.17,rain,0,0,29.5,20.5,121.8,1012.7,94.2,7.7,60.7,5.3,3,10,2025-01-25T06:35:28,2025-01-25T17:42:40,0.86,"Rain, Overcast",Cloudy skies throughout the day with late afternoon rain.,rain,"VMI0000VVNB,48820099999,48825099999,VVNB,VMM00048825"
Hanoi,2025-01-26,21,14,16.1,21,14,16.1,9.7,66.9,1.9,100,4.17,rain,0,0,49,38.9,17.2,1023.3,63.7,9.4,25,2,1,10,2025-01-26T06:35:16,2025-01-26T17:43:19,0.89,"Rain, Partially cloudy",Partly cloudy throughout the day with late afternoon rain.,rain,"VMI0000VVNB,48820099999,48825099999,VVNB,VMM00048825"
Hanoi,2025-01-27,19,14,15.6,19,14,15.6,3,44.1,0,0,0,,0,0,23.8,22.3,13.5,1023.7,18.4,10,89.9,7.8,5,10,2025-01-27T06:35:02,2025-01-27T17:43:57,0.93,Clear,Clear conditions throughout the day.,clear-day,"VMI0000VVNB,48820099999,48825099999,VVNB,VMM00048825"
Hanoi,2025-01-28,17.5,12,14.6,17.5,12,14.6,3.3,47.8,0,0,0,,0,0,26.6,20.5,24.4,1025,25,9.9,151.1,13.2,6,10,2025-01-28T06:34:48,2025-01-28T17:44:36,0.96,Partially cloudy,Partly cloudy throughout the day.,partly-cloudy-day,"VMI0000VVNB,48820099999,48825099999,VVNB,VMM00048825"
Hanoi,2025-01-29,19,11,14.3,19,11,14.3,6.1,59.4,0,0,0,,0,0,22.7,11.2,337.8,1023.4,21.5,9.2,185.5,16,7,10,2025-01-29T06:34:32,2025-01-29T17:45:14,0,Partially cloudy,Partly cloudy throughout the day.,partly-cloudy-day,"VMI0000VVNB,48820099999,48825099999,VVNB,VMM00048825"
Hanoi,2025-01-30,23,10.5,17,23,10.5,17,10.3,66.4,0,0,0,,0,0,35.3,18.4,127.5,1016.3,30.9,10.5,145.4,12.4,6,10,2025-01-30T06:34:14,2025-01-30T17:45:52,0.02,Partially cloudy,Partly cloudy throughout the day.,partly-cloudy-day,"VMI0000VVNB,48820099999,48825099999,VVNB,VMM00048825"
Hanoi,2025-01-31,25,17.9,20.6,25,17.9,20.6,16.8,80.3,0.1,100,4.17,rain,0,0,33.5,20.5,123.5,1012.5,75.1,8.8,106.7,9.3,4,10,2025-01-31T06:33:56,2025-01-31T17:46:29,0.06,"Rain, Partially cloudy",Partly cloudy throughout the day with morning rain.,rain,"VMI0000VVNB,48820099999,48825099999,VVNB,VMM00048825"
Hanoi,2025-02-01,24,18.7,20.5,24,18.7,20.5,18.2,86.9,2.6,100,8.33,rain,0,0,31.3,18.4,123.1,1010.8,95.1,7.6,94.7,8,4,10,2025-02-01T06:33:36,2025-02-01T17:47:06,0.1,"Rain, Overcast",Cloudy skies throughout the day with rain in the morning and afternoon.,rain,"VMI0000VVNB,48820099999,48825099999,VVNB,VMM00048825"
Hanoi,2025-02-02,24,19.9,21.5,24,19.9,21.5,17.9,80.5,0.9,100,25,rain,0,0,31,18.4,130.9,1012,96,9.9,63.2,5.6,3,10,2025-02-02T06:33:15,2025-02-02T17:47:42,0.13,"Rain, Overcast",Cloudy skies throughout the day with a chance of rain throughout the day.,rain,"VMI0000VVNB,48820099999,48825099999,VVNB,VMM00048825"
Hanoi,2025-02-03,20,15,17,20,15,17,10.4,65.8,3.6,100,33.33,rain,0,0,31.7,27.7,35,1020,80.6,10,30.2,2.8,1,10,2025-02-03T06:32:52,2025-02-03T17:48:18,0.17,"Rain, Partially cloudy",Partly cloudy throughout the day with a chance of rain throughout the day.,rain,"VMI0000VVNB,48820099999,48825099999,VVNB,VMM00048825"
Hanoi,2025-02-04,20,15,17,20,15,17,6.2,49.7,0,0,0,,0,0,25.9,18.4,78.4,1021.8,21.9,10.7,112.6,9.7,5,10,2025-02-04T06:32:29,2025-02-04T17:48:54,0.2,Partially cloudy,Clearing in the afternoon.,partly-cloudy-day,"VMI0000VVNB,48820099999,48825099999,VVNB,VMM00048825"
Hanoi,2025-02-05,19,15,16.7,19,15,16.7,11.4,70.9,0,0,0,,0,0,19.8,18.4,107.3,1017,76.7,9.1,84,7.3,3,10,2025-02-05T06:32:04,2025-02-05T17:49:29,0.25,Partially cloudy,Partly cloudy throughout the day.,partly-cloudy-day,"VMI0000VVNB,48820099999,48825099999,VVNB,VMM00048825"
Hanoi,2025-02-06,16.5,14,15.4,16.5,14,15.4,14.4,93.9,1.8,100,4.17,rain,0,0,19.4,13.5,53.5,1015.6,100,4.7,40.8,3.6,2,10,2025-02-06T06:31:38,2025-02-06T17:50:04,0.27,"Rain, Overcast",Cloudy skies throughout the day with late afternoon rain.,rain,"VMI0000VVNB,48820099999,48823099999,48825099999,VVNB,VMM00048825"
Hanoi,2025-02-07,17,13,14.5,17,13,14.5,10.2,76.7,2.6,100,4.17,rain,0,0,27,18.4,27.6,1021.7,100,9,36.9,3.3,2,10,2025-02-07T06:31:11,2025-02-07T17:50:38,0.31,"Rain, Overcast",Cloudy skies throughout the day with late afternoon rain.,rain,"VMI0000VVNB,48820099999,48825099999,VVNB,VMM00048825"
Hanoi,2025-02-08,16,13,14.3,16,13,14.3,7.5,63.9,0.4,100,12.5,rain,0,0,27,20.5,36.8,1025,78.5,10,42.4,3.6,2,10,2025-02-08T06:30:43,2025-02-08T17:51:12,0.34,"Rain, Partially cloudy",Partly cloudy throughout the day with early morning rain.,rain,"VMI0000VVNB,48820099999,48825099999,VVNB,VMM00048825"
Hanoi,2025-02-09,17.5,12.7,14.7,17.5,12.7,14.7,5.8,55.8,0,0,0,,0,0,21.2,16.6,56.3,1023.6,80.5,10,95.2,8.2,4,10,2025-02-09T06:30:13,2025-02-09T17:51:45,0.38,Partially cloudy,Partly cloudy throughout the day.,partly-cloudy-day,"VMI0000VVNB,48820099999,48825099999,VVNB,VMM00048825"
Hanoi,2025-02-10,18,12.9,15.4,18,12.9,15.4,8.5,64.4,0,0,0,,0,0,15.8,11.2,50,1020.4,89,8.7,142.5,12.3,7,10,2025-02-10T06:29:43,2025-02-10T17:52:18,0.42,Partially cloudy,Partly cloudy throughout the day.,partly-cloudy-day,"VMI0000VVNB,48820099999,48823099999,48825099999,VMM00048823,VVNB,VMM00048825"
Hanoi,2025-02-11,23.5,15,18.4,23.5,15,18.4,13.2,72.2,0,0,0,rain,0,0,26.3,16.6,144,1017,89.8,7,109.4,9.3,4,10,2025-02-11T06:29:11,2025-02-11T17:52:50,0.45,Partially cloudy,Partly cloudy throughout the day.,partly-cloudy-day,"VMI0000VVNB,48820099999,48823099999,48825099999,VMM00048823,VVNB,VMM00048825"
Hanoi,2025-02-12,22,16,19.1,22,16,19.1,16.1,83,0.1,100,4.17,rain,0,0,15.1,13,297,1016.8,85,5.3,91.1,7.9,4,10,2025-02-12T06:28:39,2025-02-12T17:53:22,0.5,"Rain, Partially cloudy",Partly cloudy throughout the day with late afternoon rain.,rain,"VMI0000VVNB,48820099999,48823099999,48825099999,VMM00048823,48831099999,VVNB,VMM00048825"
Hanoi,2025-02-13,22.5,18,19.4,22.5,18,19.4,15.7,79.8,1.3,100,16.67,rain,0,0,29.5,18.4,32.1,1017.5,64.6,7.7,82.9,7.2,5,10,2025-02-13T06:28:05,2025-02-13T17:53:53,0.52,"Rain, Partially cloudy",Partly cloudy throughout the day with rain clearing later.,rain,"VMI0000VVNB,48820099999,48825099999,VVNB,VMM00048825"
Hanoi,2025-02-14,22,18,19.9,22,18,19.9,16.8,82.6,0,0,0,rain,0,0,22.7,16.6,115.2,1015.4,93.5,7.2,65.9,5.8,3,10,2025-02-14T06:27:31,2025-02-14T17:54:24,0.55,Overcast,Cloudy skies throughout the day.,cloudy,"VMI0000VVNB,48820099999,48825099999,VVNB,VMM00048825"
Hanoi,2025-02-15,23,19,20.6,23,19,20.6,18.9,90.2,0.1,100,4.17,rain,0,0,26.3,20.5,122.5,1013.2,95.5,4.4,59.7,5.2,3,10,2025-02-15T06:26:55,2025-02-15T17:54:54,0.59,"Rain, Overcast",Cloudy skies throughout the day with late afternoon rain.,rain,"VMI0000VVNB,48820099999,48825099999,VVNB,VMM00048825"
Hanoi,2025-02-16,21,15,16.8,21,15,16.8,15.3,90.9,5.2,100,4.17,rain,0,0,23,22.3,43.4,1016.9,98.5,8,32.1,2.8,1,10,2025-02-16T06:26:18,2025-02-16T17:55:24,0.62,"Rain, Overcast",Cloudy skies throughout the day with late afternoon rain.,rain,"VMI0000VVNB,48820099999,48825099999,VVNB,VMM00048825"
Hanoi,2025-02-17,17.5,15,16,17.5,15,16,14.5,90.8,1.9,100,4.17,rain,0,0,15.1,14.8,22.4,1019.3,99.3,6.5,80.3,6.9,4,10,2025-02-17T06:25:41,2025-02-17T17:55:54,0.65,"Rain, Overcast",Cloudy skies throughout the day with late afternoon rain.,rain,"VMI0000VVNB,48820099999,48825099999,VVNB,VMM00048825"
Hanoi,2025-02-18,16.5,15,15.4,16.5,15,15.4,14.3,93.3,5,100,4.17,rain,0,0,19.1,14.8,31.2,1020.3,98.3,6.9,39.3,3.2,2,10,2025-02-18T06:25:02,2025-02-18T17:56:23,0.68,"Rain, Overcast",Cloudy skies throughout the day with afternoon rain.,rain,"VMI0000VVNB,48820099999,48825099999,VVNB,VMM00048825"
Hanoi,2025-02-19,16.9,15,15.7,16.9,15,15.7,15,95.4,0.6,100,4.17,rain,0,0,14,9.4,35.8,1019,98.5,4,41.8,3.6,2,10,2025-02-19T06:24:23,2025-02-19T17:56:51,0.71,"Rain, Overcast",Cloudy skies throughout the day with late afternoon rain.,rain,"VMI0000VVNB,48820099999,48825099999,VVNB,VMM00048825"
Hanoi,2025-02-20,21,16,18.4,21,16,18.4,17.4,93.9,0.6,100,4.17,rain,0,0,23.4,11.2,111.5,1018.7,95.5,3.2,81.1,7,4,10,2025-02-20T06:23:43,2025-02-20T17:57:19,0.75,"Rain, Overcast",Cloudy skies throughout the day with afternoon rain.,rain,"VMI0000VVNB,48820099999,48825099999,VVNB,VMM00048825"
Hanoi,2025-02-21,21.3,17,18.9,21.3,17,18.9,17.5,91.6,1.6,100,4.17,rain,0,0,21.2,16.6,62,1019.6,93.5,5.4,41.9,3.7,1,10,2025-02-21T06:23:02,2025-02-21T17:57:46,0.75,"Rain, Overcast",Cloudy skies throughout the day with late afternoon rain.,rain,"VMI0000VVNB,48820099999,48823099999,48825099999,VMM00048823,VVNB,VMM00048825"
Hanoi,2025-02-22,19.1,16,18,19.1,16,18,16.8,92.6,4.3,100,4.17,rain,0,0,18.4,16.6,67.9,1020.3,95.3,5.1,48.1,4.2,2,10,2025-02-22T06:22:20,2025-02-22T17:58:13,0.81,"Rain, Overcast",Cloudy skies throughout the day with late afternoon rain.,rain,"VMI0000VVNB,48820099999,48825099999,VVNB,VMM00048825"
Hanoi,2025-02-23,18.5,13.9,16.3,18.5,13.9,16.3,14.1,87.2,5.1,100,4.17,rain,0,0,27.7,24.1,37.2,1024.6,99.5,7.7,40.9,3.4,2,10,2025-02-23T06:21:37,2025-02-23T17:58:40,0.84,"Rain, Overcast",Cloudy skies throughout the day with late afternoon rain.,rain,"VMI0000VVNB,48820099999,48825099999,VVNB,VMM00048825"
Hanoi,2025-02-24,14.5,12,13.6,14.5,12,13.6,10.9,84.1,1.2,100,4.17,rain,0,0,21.6,16.6,22.1,1027.7,100,9.1,41.8,3.6,2,10,2025-02-24T06:20:54,2025-02-24T17:59:06,0.88,"Rain, Overcast",Cloudy skies throughout the day with late afternoon rain.,rain,"VMI0000VVNB,48820099999,48825099999,VVNB,VMM00048825"
Hanoi,2025-02-25,15,13,13.9,15,13,13.9,12.6,92.3,11.4,100,4.17,rain,0,0,15.1,9.4,21.2,1025.8,98,7.4,34,3,1,10,2025-02-25T06:20:09,2025-02-25T17:59:31,0.91,"Rain, Overcast",Cloudy skies throughout the day with late afternoon rain.,rain,"VMI0000VVNB,48820099999,48825099999,VVNB,VMM00048825"
Hanoi,2025-02-26,17.5,13,14.9,17.5,13,14.9,13,88.8,1.2,100,4.17,rain,0,0,15.8,13,42.9,1022.8,97.9,8.2,53.5,4.7,2,10,2025-02-26T06:19:24,2025-02-26T17:59:56,0.94,"Rain, Overcast",Cloudy skies throughout the day with late afternoon rain.,rain,"VMI0000VVNB,48820099999,48825099999,VVNB,VMM00048825"
Hanoi,2025-02-27,21,15,18.1,21,15,18.1,15.7,86.5,0,0,0,,0,0,24.8,16.6,118.5,1017.3,95.6,5.2,125.2,10.7,5,10,2025-02-27T06:18:39,2025-02-27T18:00:21,0.97,Overcast,Cloudy skies throughout the day.,cloudy,"VMI0000VVNB,48820099999,48825099999,VVNB,remote,VMM00048825"
Hanoi,2025-02-28,23.1,18,20.4,23.1,18,20.4,17.9,86.2,0,0,0,rain,0,0,31,16.6,131.8,1015,99,5.4,123.1,10.6,4,10,2025-02-28T06:17:53,2025-02-28T18:00:46,0,Overcast,Cloudy skies throughout the day.,cloudy,"VMI0000VVNB,48820099999,48825099999,VVNB,VMM00048825"
Hanoi,2025-03-01,25.1,20,21.5,25.1,20,21.5,19.9,90.9,0.6,100,4.17,rain,0,0,35.3,16.6,129.3,1011.5,94.7,6.5,139,12,6,5,2025-03-01T06:17:06,2025-03-01T18:01:09,0.04,"Rain, Overcast",Cloudy skies throughout the day with afternoon rain.,rain,"VMI0000VVNB,48820099999,48823099999,48825099999,VMM00048823,48831099999,VVNB,remote,VMM00048825"
Hanoi,2025-03-02,24.5,20,22.1,24.5,20,22.1,21,93.4,1.2,100,4.17,rain,0,0,31.3,16.6,113.3,1009.6,98.1,5.2,146.4,12.6,6,10,2025-03-02T06:16:18,2025-03-02T18:01:33,0.08,"Rain, Overcast",Cloudy skies throughout the day with late afternoon rain.,rain,"VMI0000VVNB,48820099999,48823099999,48825099999,VMM00048823,VVNB,VMM00048825"
Hanoi,2025-03-03,27,21.7,23.8,29.2,21.7,23.9,21.9,89.7,0.2,100,4.17,rain,0,0,22,16.6,116.5,1008.6,97,6.8,163,14.1,7,5,2025-03-03T06:15:30,2025-03-03T18:01:56,0.11,"Rain, Overcast",Cloudy skies throughout the day with late afternoon rain.,rain,"VMI0000VVNB,48820099999,48823099999,48825099999,VMM00048823,VVNB,VMM00048825"
Hanoi,2025-03-04,29,22.6,24.9,32,22.6,25.5,22.2,85.8,0.1,100,4.17,rain,0,0,29.2,18.4,128.5,1007.2,91.6,7.3,171.8,14.8,6,10,2025-03-04T06:14:41,2025-03-04T18:02:19,0.15,"Rain, Overcast",Cloudy skies throughout the day with late afternoon rain.,rain,"VMI0000VVNB,48820099999,48825099999,VVNB,VMM00048825"
Hanoi,2025-03-05,28,21,23.9,30.7,21,24.1,21.4,86.3,0.1,100,4.17,rain,0,0,30.6,22.3,119.7,1008.9,98.3,6.4,72.2,6.2,3,10,2025-03-05T06:13:52,2025-03-05T18:02:41,0.18,"Rain, Overcast",Cloudy skies throughout the day with late afternoon rain.,rain,"VMI0000VVNB,48820099999,48825099999,VVNB,VMM00048825"
Hanoi,2025-03-06,20,15,17.3,20,15,17.3,10.5,64.8,0.607,100,8.33,rain,0,0,32,27.7,58.8,1019,87,9.9,45.8,4,2,10,2025-03-06T06:13:02,2025-03-06T18:03:03,0.25,"Rain, Partially cloudy",Partly cloudy throughout the day with rain.,rain,"VMI0000VVNB,48820099999,48823099999,48825099999,VMM00048823,48831099999,VMM00048831,VVNB,VMM00048825"
Hanoi,2025-03-07,19,15,16.8,19,15,16.8,7.6,54.9,0.4,100,16.67,rain,0,0,24.1,14.8,52.6,1021.3,43.4,10,59.9,5.2,3,10,2025-03-07T06:12:12,2025-03-07T18:03:25,0.25,"Rain, Partially cloudy",Partly cloudy throughout the day with early morning rain.,rain,"VMI0000VVNB,48820099999,48825099999,VVNB,VMM00048825"
Hanoi,2025-03-08,18.3,14.2,16.3,18.3,14.2,16.3,10.9,70.8,0,0,0,,0,0,16.9,9.4,58,1020.3,73.9,9.4,91.4,7.8,4,10,2025-03-08T06:11:21,2025-03-08T18:03:47,0.29,Partially cloudy,Partly cloudy throughout the day.,partly-cloudy-day,"VMI0000VVNB,48820099999,48823099999,48825099999,VMM00048823,VVNB,VMM00048825"
Hanoi,2025-03-09,21.1,16,18.4,21.1,16,18.4,14.9,80.4,0.3,100,8.33,rain,0,0,17.6,11.2,99.5,1020.4,92.1,5.7,64,5.6,3,10,2025-03-09T06:10:30,2025-03-09T18:04:08,0.32,"Rain, Overcast",Cloudy skies throughout the day with morning rain.,rain,"VMI0000VVNB,48820099999,48825099999,VVNB,VMM00048825"
Hanoi,2025-03-10,22.1,18,19.9,22.1,18,19.9,17.8,88.3,0.4,100,12.5,rain,0,0,20.5,13,132.7,1019.1,95.3,4.2,86.8,7.4,4,10,2025-03-10T06:09:39,2025-03-10T18:04:28,0.36,"Rain, Overcast",Cloudy skies throughout the day with a chance of rain throughout the day.,rain,"VMI0000VVNB,48820099999,48823099999,48825099999,VMM00048823,48831099999,VVNB,VMM00048825"
Hanoi,2025-03-11,24.7,19.5,21.7,24.7,19.5,21.7,19.1,85.3,0.3,100,12.5,rain,0,0,28.4,18.4,125.8,1014.5,91.5,5.2,100.3,8.6,3,10,2025-03-11T06:08:47,2025-03-11T18:04:49,0.39,"Rain, Overcast",Cloudy skies throughout the day with afternoon rain.,rain,"VMI0000VVNB,48820099999,48825099999,VVNB,VMM00048825"
Hanoi,2025-03-12,26,20.7,22.4,26,20.7,22.4,20.8,91.4,0.1,100,4.17,rain,0,0,30.2,20.5,122.5,1011.4,97.4,5,98.8,8.4,4,5,2025-03-12T06:07:54,2025-03-12T18:05:09,0.43,"Rain, Overcast",Cloudy skies throughout the day with late afternoon rain.,rain,"VMI0000VVNB,48820099999,48825099999,VVNB,VMM00048825"
Hanoi,2025-03-13,24,22,22.9,24,22,22.9,22.1,94.9,1.6,100,4.17,rain,0,0,34.6,18.4,122.8,1011.2,98.5,4.7,72.8,6.3,3,30,2025-03-13T06:07:02,2025-03-13T18:05:29,0.46,"Rain, Overcast",Cloudy skies throughout the day with late afternoon rain.,rain,"VMI0000VVNB,48820099999,48823099999,48825099999,VMM00048823,VVNB,VMM00048825"
Hanoi,2025-03-14,27.9,22.7,24.7,31.5,22.7,25.2,22.6,88.6,0.1,100,4.17,rain,0,0,28.8,22.3,122.3,1010.8,93.1,6.8,102.3,8.8,3,30,2025-03-14T06:06:09,2025-03-14T18:05:49,0.5,"Rain, Overcast",Cloudy skies throughout the day with late afternoon rain.,rain,"VMI0000VVNB,48820099999,48825099999,VVNB,VMM00048825"
Hanoi,2025-03-15,27.5,21.7,24.6,30.5,21.7,25,21.6,84.1,0.1,100,4.17,rain,0,0,35.6,29.5,92.9,1012.7,93.3,6.8,65.1,5.7,3,10,2025-03-15T06:05:16,2025-03-15T18:06:09,0.53,"Rain, Overcast",Cloudy skies throughout the day with late afternoon rain.,rain,"VMI0000VVNB,48820099999,48825099999,VVNB,VMM00048825"
Hanoi,2025-03-16,22,18,20.2,22,18,20.2,11.2,56.7,11.1,100,4.17,rain,0,0,27.4,22.3,46.8,1019.3,45.2,10,102.7,9,5,10,2025-03-16T06:04:22,2025-03-16T18:06:28,0.56,"Rain, Partially cloudy",Partly cloudy throughout the day with late afternoon rain.,rain,"VMI0000VVNB,48820099999,48825099999,VVNB,VMM00048825"
Hanoi,2025-03-17,20,17,18.1,20,17,18.1,10.7,63.1,0.1,100,4.17,rain,0,0,23.4,13,86.1,1020.6,35.3,10,110.9,9.7,5,10,2025-03-17T06:03:29,2025-03-17T18:06:47,0.6,"Rain, Partially cloudy",Partly cloudy throughout the day with late afternoon rain.,rain,"VMI0000VVNB,48820099999,48825099999,VVNB,VMM00048825"
Hanoi,2025-03-18,20,16,18.2,20,16,18.2,9.2,56.3,0,0,0,,0,0,26.3,14.8,15.8,1023.9,38.3,9.9,92.1,7.9,3,10,2025-03-18T06:02:35,2025-03-18T18:07:06,0.63,Partially cloudy,Partly cloudy throughout the day.,partly-cloudy-day,"VMI0000VVNB,48820099999,48825099999,VVNB,VMM00048825"
Hanoi,2025-03-19,22.6,16,19.4,22.6,16,19.4,8.9,51.9,0,0,0,,0,0,28.8,18.4,332.2,1025.7,29.9,10,251.9,21.7,9,10,2025-03-19T06:01:41,2025-03-19T18:07:25,0.66,Partially cloudy,Partly cloudy throughout the day.,partly-cloudy-day,"VMI0000VVNB,48820099999,48825099999,VVNB,VMM00048825"
Hanoi,2025-03-20,26,17,21,26,17,21,9.4,50.4,0,0,0,,0,0,22.7,11.2,292.2,1024,23.6,9.9,277.5,24.1,9,10,2025-03-20T06:00:47,2025-03-20T18:07:44,0.7,Partially cloudy,Partly cloudy throughout the day.,partly-cloudy-day,"VMI0000VVNB,48820099999,48825099999,VVNB,VMM00048825"
Hanoi,2025-03-21,27,14.6,21.3,26.4,14.6,21.2,9.8,51,0,0,0,,0,0,24.1,16.6,144.7,1021.9,7,8.8,281.6,24.3,9,10,2025-03-21T05:59:53,2025-03-21T18:08:03,0.73,Clear,Clear conditions throughout the day.,clear-day,"VMI0000VVNB,48820099999,48823099999,48825099999,VMM00048823,VVNB,VMM00048825"
Hanoi,2025-03-22,27,16,21.7,27,16,21.7,12.9,59.8,0,0,0,,0,0,23.8,14.8,109,1019.5,2.7,9.2,283.5,24.5,9,10,2025-03-22T05:58:59,2025-03-22T18:08:21,0.75,Clear,Clear conditions throughout the day.,clear-day,"VMI0000VVNB,48820099999,48825099999,VVNB,VMM00048825"
Hanoi,2025-03-23,28,18,22.2,28.1,18,22.3,17,74.4,0,0,0,,0,0,28.8,18.4,132.6,1016.8,37.2,7.7,276.9,23.9,9,10,2025-03-23T05:58:04,2025-03-23T18:08:40,0.79,Partially cloudy,Partly cloudy throughout the day.,partly-cloudy-day,"VMI0000VVNB,48820099999,48825099999,VVNB,VMM00048825"
Hanoi,2025-03-24,30,19,23.8,30.9,19,24.1,18.3,73.2,0,0,0,,0,0,28.8,18.4,126.6,1013.2,10.3,6.5,266.4,22.9,9,10,2025-03-24T05:57:10,2025-03-24T18:08:58,0.83,Clear,Clear conditions throughout the day.,clear-day,"VMI0000VVNB,48820099999,48825099999,VVNB,VMM00048825"
Hanoi,2025-03-25,27.3,20,23.5,29.2,20,23.8,19.5,79.1,0,0,0,,0,0,30.2,16.6,110.5,1008.1,45.7,6.1,235.3,20.4,9,10,2025-03-25T05:56:15,2025-03-25T18:09:16,0.86,Partially cloudy,Partly cloudy throughout the day.,partly-cloudy-day,"VMI0000VVNB,48820099999,48825099999,VVNB,VMM00048825"
Hanoi,2025-03-26,26,21.5,23.4,26,21.5,23.4,20.4,83.5,0,0,0,,0,0,29.9,20.5,129.8,1005.5,91.7,7.3,248.6,21.6,9,10,2025-03-26T05:55:21,2025-03-26T18:09:34,0.89,Overcast,Cloudy skies throughout the day.,cloudy,"VMI0000VVNB,48820099999,48825099999,VVNB,VMM00048825"
Hanoi,2025-03-27,25.5,22,23.6,25.5,22,23.6,22.2,91.9,0,0,0,,0,0,28.1,18.4,120.2,1002.9,98.4,5.3,242.9,21,9,10,2025-03-27T05:54:27,2025-03-27T18:09:52,0.93,Overcast,Cloudy skies throughout the day.,cloudy,"VMI0000VVNB,48820099999,48825099999,VVNB,VMM00048825"
Hanoi,2025-03-28,29,23,25.3,32.8,23,26.2,23,87.8,0.2,100,4.17,rain,0,0,37.1,20.5,116.5,1006.6,90.9,5.8,137,12,5,5,2025-03-28T05:53:32,2025-03-28T18:10:11,0.96,"Rain, Overcast",Cloudy skies throughout the day with afternoon rain.,rain,"VMI0000VVNB,48820099999,48823099999,48825099999,VMM00048823,48831099999,VVNB,VMM00048825"
Hanoi,2025-03-29,25,14,18.2,25,14,18.2,15.4,84,3,100,4.17,rain,0,0,38.2,31.7,48.8,1015,98.7,8.4,41.8,3.5,2,10,2025-03-29T05:52:38,2025-03-29T18:10:29,0,"Rain, Overcast",Cloudy skies throughout the day with morning rain.,rain,"VMI0000VVNB,48820099999,48825099999,VVNB,VMM00048825"
Hanoi,2025-03-30,18,13,15.3,18,13,15.3,9.8,70.3,0.2,100,4.17,rain,0,0,25.6,18.4,36.9,1021.3,98.3,10,60.6,5.4,2,10,2025-03-30T05:51:44,2025-03-30T18:10:47,0.03,"Rain, Overcast",Cloudy skies throughout the day with early morning rain.,rain,"VMI0000VVNB,48820099999,48825099999,VVNB,VMM00048825"
Hanoi,2025-03-31,19,14,16.6,19,14,16.6,9.1,61.8,0,0,0,,0,0,23,14.8,25.2,1020.4,77.1,10,130.4,11.4,5,10,2025-03-31T05:50:50,2025-03-31T18:11:05,0.06,Partially cloudy,Partly cloudy throughout the day.,partly-cloudy-day,"VMI0000VVNB,48820099999,48825099999,VVNB,VMM00048825"
Hanoi,2025-04-01,23,16,19.4,23,16,19.4,10.7,57.5,0,0,0,,0,0,23.4,13,318.3,1019.2,37.8,9.9,196.3,17.1,8,10,2025-04-01T05:49:56,2025-04-01T18:11:23,0.09,Partially cloudy,Partly cloudy throughout the day.,partly-cloudy-day,"VMI0000VVNB,48820099999,48825099999,VVNB,VMM00048825"
Hanoi,2025-04-02,26,18,21.3,26,18,21.3,13.8,63.9,0,0,0,,0,0,18,18.4,282.8,1018.7,25.5,7.6,264.1,22.8,9,10,2025-04-02T05:49:03,2025-04-02T18:11:41,0.13,Partially cloudy,Partly cloudy throughout the day.,partly-cloudy-day,"VMI0000VVNB,48820099999,48825099999,VVNB,VMM00048825"
Hanoi,2025-04-03,27,19,22.6,27,19,22.6,13.8,58.3,0,0,0,,0,0,29.5,20.5,141.2,1017.5,15.2,10.7,287,24.5,9,10,2025-04-03T05:48:10,2025-04-03T18:11:59,0.16,Clear,Clear conditions throughout the day.,clear-day,"VMI0000VVNB,48820099999,48825099999,VVNB,VMM00048825"
Hanoi,2025-04-04,26,18,22,26,18,22,17.2,75,0,0,0,,0,0,36,20.5,120,1013.2,55.8,8.8,182.6,15.7,6,10,2025-04-04T05:47:16,2025-04-04T18:12:18,0.2,Partially cloudy,Partly cloudy throughout the day.,partly-cloudy-day,"VMI0000VVNB,48820099999,48825099999,VVNB,VMM00048825"
Hanoi,2025-04-05,23,20,21.3,23,20,21.3,20.1,93.2,1.1,100,4.17,rain,0,0,18,16.6,79.4,1014.1,92,4.8,55.8,4.8,2,10,2025-04-05T05:46:24,2025-04-05T18:12:36,0.25,"Rain, Overcast",Cloudy skies throughout the day with late afternoon rain.,rain,"VMI0000VVNB,48820099999,48825099999,VVNB,VMM00048825"
Hanoi,2025-04-06,25,20.7,22.3,25,20.7,22.3,20,87.2,3.8,100,4.17,rain,0,0,23.4,18.4,117.9,1014.7,89.8,6.1,124,10.6,6,10,2025-04-06T05:45:31,2025-04-06T18:12:55,0.27,"Rain, Partially cloudy",Partly cloudy throughout the day with late afternoon rain.,rain,"VMI0000VVNB,48820099999,48825099999,VVNB,VMM00048825"
Hanoi,2025-04-07,24.3,20,21.8,24.3,20,21.8,20.2,90.3,1.4,100,4.17,rain,0,0,21.6,11.2,134.9,1015.6,90.6,5,81,7,4,10,2025-04-07T05:44:39,2025-04-07T18:13:13,0.3,"Rain, Overcast",Cloudy skies throughout the day with late afternoon rain.,rain,"VMI0000VVNB,48820099999,48823099999,48825099999,VVNB,VMM00048825"
Hanoi,2025-04-08,28,20.7,23.9,30.7,20.7,24.4,20.7,82.6,0,0,0,rain,0,0,30.2,14.8,123.1,1014.6,85.3,6.1,134.7,11.5,5,10,2025-04-08T05:43:47,2025-04-08T18:13:32,0.33,Partially cloudy,Partly cloudy throughout the day.,partly-cloudy-day,"VMI0000VVNB,48820099999,48825099999,VVNB,VMM00048825"
Hanoi,2025-04-09,27.1,22.7,24.8,29.7,22.7,25.4,22.1,85,0,0,0,,0,0,33.8,18.4,126.9,1010.7,95.6,6.9,133.6,11.5,4,10,2025-04-09T05:42:55,2025-04-09T18:13:51,0.37,Overcast,Cloudy skies throughout the day.,cloudy,"VMI0000VVNB,48820099999,48825099999,VVNB,VMM00048825"
Hanoi,2025-04-10,28,23,24.5,31.3,23,25.1,22.6,89.5,0.2,100,4.17,rain,0,0,25.2,22.3,120.2,1007.1,97.3,5.5,103.1,9,4,8,2025-04-10T05:42:04,2025-04-10T18:14:10,0.4,"Rain, Overcast",Cloudy skies throughout the day with late afternoon rain.,rain,"VMI0000VVNB,48820099999,48825099999,VVNB,VMM00048825"
Hanoi,2025-04-11,28,23,25.2,32,23,26,23.2,89.6,0.3,100,4.17,rain,0,0,25.9,18.4,119.4,1005.3,96.3,5.5,195.3,16.9,9,30,2025-04-11T05:41:13,2025-04-11T18:14:29,0.44,"Rain, Overcast",Cloudy skies throughout the day with late afternoon rain.,rain,"VMI0000VVNB,48820099999,48825099999,VVNB,VMM00048825"
Hanoi,2025-04-12,30,23,26,35.2,23,27.6,22.2,80.5,0.1,100,4.17,rain,0,0,51.5,25.9,20.8,1008.3,74.7,6.5,238.3,20.6,9,60,2025-04-12T05:40:23,2025-04-12T18:14:48,0.47,"Rain, Partially cloudy",Partly cloudy throughout the day with late afternoon rain.,rain,"VMI0000VVNB,48820099999,48825099999,VVNB,VMM00048825"
Hanoi,2025-04-13,27,20.6,23.1,26.5,20.6,23.1,14.5,60.5,1.9,100,4.17,rain,0,0,40.3,18.4,308.9,1017,35.1,9.9,248.5,21.4,9,10,2025-04-13T05:39:33,2025-04-13T18:15:07,0.5,"Rain, Partially cloudy",Partly cloudy throughout the day with late afternoon rain.,rain,"VMI0000VVNB,48820099999,48825099999,VVNB,VMM00048825"
Hanoi,2025-04-14,29,20,24.2,28.6,20,24.1,14.9,57.8,0.2,100,8.33,rain,0,0,15.8,11.2,272.6,1014.6,24.6,9.7,167.6,14.5,6,10,2025-04-14T05:38:44,2025-04-14T18:15:27,0.54,"Rain, Partially cloudy",Partly cloudy throughout the day with rain clearing later.,rain,"VMI0000VVNB,48820099999,48825099999,VVNB,VMM00048825"
Hanoi,2025-04-15,33.2,19,25.8,32.3,19,25.6,15.6,58.4,0,0,0,,0,0,21.2,18.4,149.6,1012.2,11.7,10.9,297.6,25.7,9,10,2025-04-15T05:37:55,2025-04-15T18:15:46,0.57,Clear,Clear conditions throughout the day.,clear-day,"VMI0000VVNB,48820099999,48825099999,VVNB,VMM00048825"
Hanoi,2025-04-16,32,20,25.6,31.6,20,25.5,16.6,60.9,0,0,0,,0,0,33.5,24.1,105,1008.9,17.5,10.7,277.9,24.1,9,10,2025-04-16T05:37:07,2025-04-16T18:16:06,0.61,Clear,Clear conditions throughout the day.,clear-day,"VMI0000VVNB,48820099999,48825099999,VVNB,VMM00048825"
Hanoi,2025-04-17,29.1,23,25.4,33.3,23,26.3,22.2,82.4,0.3,100,4.17,rain,0,0,29.2,20.5,117.3,1006.4,85.5,8.6,266.4,22.9,9,30,2025-04-17T05:36:19,2025-04-17T18:16:26,0.64,"Rain, Partially cloudy",Partly cloudy throughout the day with afternoon rain.,rain,"VMI0000VVNB,48820099999,48825099999,VVNB,VMM00048825"
Hanoi,2025-04-18,32,24,27,38.8,24,29.3,23.9,83.9,0.1,100,4.17,rain,0,0,31,18.4,108.6,1005.3,84.9,7.1,184.4,16,8,60,2025-04-18T05:35:32,2025-04-18T18:16:47,0.68,"Rain, Partially cloudy",Partly cloudy throughout the day with late afternoon rain.,rain,"VMI0000VVNB,48820099999,48825099999,VVNB,VMM00048825"
Hanoi,2025-04-19,34.5,25,28.3,43.6,25,31.9,24.6,81.9,0.1,100,4.17,rain,0,0,31,22.3,95.1,1005.4,54.9,8.1,253.4,21.9,9,60,2025-04-19T05:34:45,2025-04-19T18:17:07,0.71,"Rain, Partially cloudy",Partly cloudy throughout the day with late afternoon rain.,rain,"VMI0000VVNB,48820099999,48825099999,VVNB,VMM00048825"
Hanoi,2025-04-20,34.5,25,28.6,43.6,25,32.2,24.6,80.2,0.2,100,4.17,rain,0,0,32.4,27.7,108.4,1006.6,59.1,10,247.3,21.3,9,60,2025-04-20T05:33:59,2025-04-20T18:17:28,0.74,"Rain, Partially cloudy",Partly cloudy throughout the day with late afternoon rain.,rain,"VMI0000VVNB,48820099999,48825099999,VVNB,VMM00048825"
Hanoi,2025-04-21,31,24.3,26.7,37.8,24.3,28.4,24.1,85.9,10.8,100,4.17,rain,0,0,35.6,22.3,119.5,1008.8,81.7,9.1,244.1,21.3,8,75,2025-04-21T05:33:13,2025-04-21T18:17:49,0.75,"Rain, Partially cloudy",Partly cloudy throughout the day with late afternoon rain.,rain,"VMI0000VVNB,48820099999,48825099999,VVNB,VMM00048825"
Hanoi,2025-04-22,31,25,27.4,39.2,25,30.8,24.8,86.3,0,0,0,,0,0,29.9,18.4,115.1,1007.7,91.6,6.7,259,22.5,9,60,2025-04-22T05:32:29,2025-04-22T18:18:10,0.81,Overcast,Cloudy skies throughout the day.,cloudy,"VMI0000VVNB,48820099999,48825099999,VVNB,VMM00048825"
Hanoi,2025-04-23,34,25,28.3,43.6,25,32,24.7,81.7,15,100,16.67,rain,0,0,24.8,24.1,107.3,1005.7,64.7,8,270.1,23.2,10,75,2025-04-23T05:31:45,2025-04-23T18:18:31,0.84,"Rain, Partially cloudy",Partly cloudy throughout the day with rain.,rain,"VMI0000VVNB,48820099999,48825099999,VVNB,VMM00048825"
Hanoi,2025-04-24,31,26,27.7,38.2,26,30.9,24.7,83.9,0.1,100,4.17,rain,0,0,23.8,18.4,97.3,1006.4,84.5,9.2,172.7,15,7,75,2025-04-24T05:31:01,2025-04-24T18:18:53,0.88,"Rain, Partially cloudy",Partly cloudy throughout the day with late afternoon rain.,rain,"VMI0000VVNB,48820099999,48825099999,VVNB,VMM00048825"
Hanoi,2025-04-25,29,22,25.8,32,22,26.9,22,80.1,18.5,100,4.17,rain,0,0,31.3,18.4,33.3,1010.3,88.9,9.6,114.8,9.9,5,10,2025-04-25T05:30:19,2025-04-25T18:19:14,0.91,"Rain, Partially cloudy",Partly cloudy throughout the day with late afternoon rain.,rain,"VMI0000VVNB,48820099999,48825099999,VVNB,VMM00048825"
Hanoi,2025-04-26,28.1,24,26.2,32.2,24,27.4,23.2,83.6,0.3,100,12.5,rain,0,0,29.9,22.3,128.2,1010.6,98.2,9,89.1,7.6,3,30,2025-04-26T05:29:37,2025-04-26T18:19:36,0.95,"Rain, Overcast",Cloudy skies throughout the day with rain in the morning and afternoon.,rain,"VMI0000VVNB,48820099999,48825099999,VVNB,VMM00048825"
Hanoi,2025-04-27,31,25,27.4,38,25,30.4,24.9,86.9,0.2,100,4.17,rain,0,0,28.1,22.3,120.6,1010,93.6,7.9,154.5,13.3,5,60,2025-04-27T05:28:56,2025-04-27T18:19:59,0.98,"Rain, Overcast",Cloudy skies throughout the day with late afternoon rain.,rain,"VMI0000VVNB,48820099999,48825099999,VVNB,VMM00048825"
Hanoi,2025-04-28,28,23,25.5,30.7,23,25.8,23.4,88.5,6.6,100,4.17,rain,0,0,29.5,25.9,5.2,1011.7,72.5,8.8,37.9,3.1,2,30,2025-04-28T05:28:15,2025-04-28T18:20:21,0,"Rain, Partially cloudy",Partly cloudy throughout the day with late afternoon rain.,rain,"VMI0000VVNB,48820099999,48825099999,VVNB,VMM00048825"
Hanoi,2025-04-29,28.7,24,25.6,32,24,26.2,23.1,86.4,0.1,100,4.17,rain,0,0,18.7,22.3,306.8,1012.2,56.4,7.9,206.9,17.8,7,10,2025-04-29T05:27:36,2025-04-29T18:20:44,0.05,"Rain, Partially cloudy",Partly cloudy throughout the day with late afternoon rain.,rain,"VMI0000VVNB,48820099999,48823099999,48825099999,VMM00048823,VVNB,VMM00048825"
Hanoi,2025-04-30,31.3,25,27.3,37.3,25,29.8,24.3,84.5,0.4,100,4.17,rain,0,0,28.4,13,112.8,1011.2,69.5,7,216.8,18.7,8,30,2025-04-30T05:26:57,2025-04-30T18:21:07,0.08,"Rain, Partially cloudy",Partly cloudy throughout the day with late afternoon rain.,rain,"VMI0000VVNB,48820099999,48823099999,48825099999,VMM00048823,VVNB,VMM00048825"
Hanoi,2025-05-01,30,22,25.8,33.3,22,26.9,22.8,84.2,35.4,100,4.17,rain,0,0,23.4,27.7,319,1013.5,49.3,9,137.1,11.9,5,10,2025-05-01T05:26:19,2025-05-01T18:21:30,0.11,"Rain, Partially cloudy",Partly cloudy throughout the day with late afternoon rain.,rain,"VMI0000VVNB,48820099999,48825099999,VVNB,VMM00048825"
Hanoi,2025-05-02,33,23,27.8,36,23,29.9,22.3,74.1,0,0,0,,0,0,22.7,16.6,144.3,1010.2,10,10.9,279.5,24.2,10,10,2025-05-02T05:25:42,2025-05-02T18:21:53,0.15,Clear,Clear conditions throughout the day.,clear-day,"VMI0000VVNB,48820099999,48823099999,48825099999,VVNB,VMM00048825"
Hanoi,2025-05-03,33,25,28.2,40.6,25,31.9,24.5,81,0,0,0,,0,0,26.6,25.9,125.6,1007.3,57.7,9.1,230.3,19.7,8,60,2025-05-03T05:25:06,2025-05-03T18:22:16,0.18,Partially cloudy,Partly cloudy throughout the day.,partly-cloudy-day,"VMI0000VVNB,48820099999,48825099999,VVNB,VMM00048825"
Hanoi,2025-05-04,33,26,28.6,42.2,26,33.4,24.9,81,1.6,100,4.17,rain,0,0,29.2,18.4,125.2,1005.4,64.6,9.5,266,23,9,75,2025-05-04T05:24:30,2025-05-04T18:22:40,0.25,"Rain, Partially cloudy",Partly cloudy throughout the day with late afternoon rain.,rain,"VMI0000VVNB,48820099999,48825099999,VVNB,VMM00048825"
Hanoi,2025-05-05,35,24,29.5,45.2,24,34.6,25.5,80.9,0,0,0,rain,0,0,27.7,24.1,108.4,1004.6,49.9,8.4,274.7,23.6,10,100,2025-05-05T05:23:56,2025-05-05T18:23:04,0.25,Partially cloudy,Partly cloudy throughout the day.,partly-cloudy-day,"VMI0000VVNB,48820099999,48823099999,48825099999,VVNB,VMM00048825"
Hanoi,2025-05-06,33.1,26,29.4,42.8,26,35.5,26,82.6,0.3,100,8.33,rain,0,0,25.6,22.3,114.8,1005.1,65.7,9.2,222.5,19.2,8,100,2025-05-06T05:23:22,2025-05-06T18:23:28,0.28,"Rain, Partially cloudy",Partly cloudy throughout the day with rain.,rain,"VMI0000VVNB,48820099999,48825099999,VVNB,VMM00048825"
Hanoi,2025-05-07,34,27,29.9,45.4,31.2,37.5,26.4,82.2,1.2,100,29.17,rain,0,0,26.6,22.3,114,1003.5,82.7,9.8,198.9,17,6,100,2025-05-07T05:22:50,2025-05-07T18:23:52,0.32,"Rain, Partially cloudy",Partly cloudy throughout the day with a chance of rain throughout the day.,rain,"VMI0000VVNB,48820099999,48825099999,VVNB,VMM00048825"
Hanoi,2025-05-08,36,28,31,50.2,33.6,40.2,26.9,79.8,0,0,0,rain,0,0,29.2,22.3,115.3,1002.3,65.2,10,284.5,24.7,10,100,2025-05-08T05:22:18,2025-05-08T18:24:17,0.35,Partially cloudy,Partly cloudy throughout the day.,partly-cloudy-day,"VMI0000VVNB,48820099999,48825099999,VVNB,VMM00048825"
Hanoi,2025-05-09,35,28,30.7,45.4,33.6,38,25.8,76.5,2.2,100,12.5,rain,0,0,33.8,18.4,84.6,1004.8,61.7,10,236.6,20.6,8,100,2025-05-09T05:21:47,2025-05-09T18:24:42,0.38,"Rain, Partially cloudy",Partly cloudy throughout the day with rain.,rain,"VMI0000VVNB,48820099999,48825099999,VVNB,VMM00048825"
Hanoi,2025-05-10,30,23.3,27.4,35.2,23.3,30.5,23.9,81.6,4.4,100,4.17,rain,0,0,38.5,20.5,70.4,1008.3,94.1,9.5,180.2,15.5,8,60,2025-05-10T05:21:18,2025-05-10T18:25:06,0.42,"Rain, Overcast",Cloudy skies throughout the day with late afternoon rain.,rain,"VMI0000VVNB,48820099999,48825099999,VVNB,VMM00048825"
Hanoi,2025-05-11,27,21,23.7,27.7,21,23.7,18.6,74.3,50.3,100,4.17,rain,0,0,41,18.4,3.3,1012.3,47.4,10.8,126.9,11,6,10,2025-05-11T05:20:49,2025-05-11T18:25:31,0.45,"Rain, Partially cloudy",Partly cloudy throughout the day with late afternoon rain.,rain,"VMI0000VVNB,48820099999,48825099999,VVNB,VMM00048825"
Hanoi,2025-05-12,31,19,25.3,30.3,19,25.3,16.8,62.5,0,0,0,,0,0,22.3,22.3,111.8,1010.4,14.1,11.4,321.5,27.8,10,10,2025-05-12T05:20:21,2025-05-12T18:25:56,0.5,Clear,Clear conditions throughout the day.,clear-day,"VMI0000VVNB,48820099999,48825099999,VVNB,VMM00048825"
Hanoi,2025-05-13,31.1,22,26.5,34.1,22,27.8,20.4,70.8,0,0,0,,0,0,29.5,24.1,118.8,1009.9,23,10.7,235.1,20.2,9,10,2025-05-13T05:19:55,2025-05-13T18:26:22,0.52,Partially cloudy,Partly cloudy throughout the day.,partly-cloudy-day,"VMI0000VVNB,48820099999,48825099999,VVNB,VMM00048825"
Hanoi,2025-05-14,31,25,27.6,37.8,25,30.7,24.3,83.1,0.2,100,8.33,rain,0,0,25.6,14.8,116.7,1010.1,73.9,9.2,193.3,16.9,7,30,2025-05-14T05:19:29,2025-05-14T18:26:47,0.55,"Rain, Partially cloudy",Partly cloudy throughout the day with afternoon rain.,rain,"VMI0000VVNB,48820099999,48825099999,VVNB,VMM00048825"
Hanoi,2025-05-15,33,25,28,40.7,25,31.4,25,84.7,3.6,100,29.17,rain,0,0,23.8,18.4,121.6,1009.5,68.9,9.3,138.2,11.9,6,30,2025-05-15T05:19:05,2025-05-15T18:27:12,0.59,"Rain, Partially cloudy",Partly cloudy throughout the day with rain in the morning and afternoon.,rain,"VMI0000VVNB,48820099999,48823099999,48825099999,VMM00048823,VVNB,VMM00048825"
Hanoi,2025-05-16,32,25,28.1,40.7,25,32.3,25.2,85,0.2,100,4.17,rain,0,0,21.2,18.4,135.3,1008.4,76.7,9.3,109.5,9.5,4,60,2025-05-16T05:18:41,2025-05-16T18:27:38,0.62,"Rain, Partially cloudy",Partly cloudy throughout the day with late afternoon rain.,rain,"VMI0000VVNB,48820099999,48825099999,VVNB,VMM00048825"
Hanoi,2025-05-17,34,24,28,45.4,24,32.2,25.3,86.3,10.2,100,4.17,rain,0,0,25.9,22.3,128.3,1008.2,71.6,9.3,124.3,10.7,7,30,2025-05-17T05:18:18,2025-05-17T18:28:03,0.66,"Rain, Partially cloudy",Partly cloudy throughout the day with late afternoon rain.,rain,"VMI0000VVNB,48820099999,48825099999,VVNB,VMM00048825"
Hanoi,2025-05-18,34,25.5,28.8,43.6,25.5,33.2,25.2,81.8,5,100,4.17,rain,0,0,26.3,14.8,119,1007.8,58.2,10,146.4,12.6,6,30,2025-05-18T05:17:57,2025-05-18T18:28:29,0.69,"Rain, Partially cloudy",Partly cloudy throughout the day with late afternoon rain.,rain,"VMI0000VVNB,48820099999,48825099999,VVNB,VMM00048825"
Hanoi,2025-05-19,31.5,24,27.5,39.2,24,31.6,25.1,87,1.2,100,4.17,rain,0,0,25.2,18.4,105.8,1007,86.7,9.5,141.4,12.1,5,60,2025-05-19T05:17:37,2025-05-19T18:28:54,0.73,"Rain, Partially cloudy",Partly cloudy throughout the day with late afternoon rain.,rain,"VMI0000VVNB,48820099999,48825099999,VVNB,VMM00048825"
Hanoi,2025-05-20,35,27,29.4,45.4,31.2,36.4,26.4,84.5,11.2,100,4.17,rain,0,0,32,22.3,123.5,1004.9,70.7,8.9,239.6,20.7,9,75,2025-05-20T05:17:17,2025-05-20T18:29:20,0.75,"Rain, Partially cloudy",Partly cloudy throughout the day with late afternoon rain.,rain,"VMI0000VVNB,48820099999,48825099999,VVNB,VMM00048825"
Hanoi,2025-05-21,33.5,26.9,29.3,45.8,30.1,36.4,26.3,84.3,37,100,4.17,rain,0,0,30.6,27.7,120.4,1005.2,56.5,9.5,255.3,22,8,75,2025-05-21T05:16:59,2025-05-21T18:29:46,0.79,"Rain, Partially cloudy",Partly cloudy throughout the day with late afternoon rain.,rain,"VMI0000VVNB,48820099999,48825099999,VVNB,VMM00048825"
Hanoi,2025-05-22,33.3,26,29.5,43.9,26,36,25.8,80.9,0.2,100,8.33,rain,0,0,27,22.3,122,1004.3,55.6,9.9,199.4,17.2,7,60,2025-05-22T05:16:42,2025-05-22T18:30:11,0.83,"Rain, Partially cloudy",Partly cloudy throughout the day with rain.,rain,"VMI0000VVNB,48820099999,48825099999,VVNB,VMM00048825"
Hanoi,2025-05-23,29,24,26.5,36.9,24,29.3,25.3,92.9,41,100,4.17,rain,0,0,22,16.4,85.4,1005.6,74,9.5,112.9,9.8,5,60,2025-05-23T05:16:26,2025-05-23T18:30:37,0.86,"Rain, Partially cloudy",Partly cloudy throughout the day with afternoon rain.,rain,"VMI0000VVNB,48820099999,48823099999,48825099999,VMM00048823,VVNB,VMM00048825"
Hanoi,2025-05-24,26.1,22,24.5,26.1,22,24.5,22.3,87.9,45,100,12.5,rain,0,0,33.1,16.6,356,1010.6,90.4,9.1,65.6,5.6,3,10,2025-05-24T05:16:11,2025-05-24T18:31:02,0.9,"Rain, Overcast",Cloudy skies throughout the day with rain.,rain,"VMI0000VVNB,48820099999,48825099999,VVNB,VMM00048825"
Hanoi,2025-05-25,26,20,23.4,26,20,23.4,19.3,78.6,7.7,100,4.17,rain,0,0,29.9,24.1,4.1,1014.7,77.2,9.3,68.8,6,2,10,2025-05-25T05:15:57,2025-05-25T18:31:28,0.93,"Rain, Partially cloudy",Partly cloudy throughout the day with late afternoon rain.,rain,"VMI0000VVNB,48820099999,48825099999,VVNB,VMM00048825"
Hanoi,2025-05-26,27.3,22,24.9,28.5,22,25.2,18.8,69,0,0,0,,0,0,22.7,13,22.3,1014.2,56.4,10,135.9,11.7,6,10,2025-05-26T05:15:44,2025-05-26T18:31:53,0.97,Partially cloudy,Partly cloudy throughout the day.,partly-cloudy-day,"VMI0000VVNB,48820099999,48825099999,VVNB,VMM00048825"
Hanoi,2025-05-27,26,23,24.4,26,23,24.4,21.5,83.8,7.6,100,37.5,rain,0,0,33.5,9.4,330.4,1011.6,98.3,8.6,44.7,3.9,2,10,2025-05-27T05:15:32,2025-05-27T18:32:18,0,"Rain, Overcast",Cloudy skies throughout the day with a chance of rain throughout the day.,rain,"VMI0000VVNB,48820099999,48823099999,48825099999,VMM00048823,VVNB,VMM00048825"
Hanoi,2025-05-28,32,23,27.1,38,23,30.1,23.9,84.1,1.3,100,4.17,rain,0,0,24.1,20.5,134.5,1007.8,75.9,7.8,204.7,17.6,7,30,2025-05-28T05:15:22,2025-05-28T18:32:43,0.04,"Rain, Partially cloudy",Partly cloudy throughout the day with late afternoon rain.,rain,"VMI0000VVNB,48820099999,48825099999,VVNB,VMM00048825"
Hanoi,2025-05-29,30.4,24.7,26.8,37.9,24.7,28.9,24.5,87.3,3.8,100,4.17,rain,0,0,32,24.1,47.4,1007.2,87.9,8.4,108.9,9.5,4,10,2025-05-29T05:15:12,2025-05-29T18:33:08,0.07,"Rain, Partially cloudy",Partly cloudy throughout the day with late afternoon rain.,rain,"VMI0000VVNB,48820099999,48825099999,VVNB,VMM00048825"
Hanoi,2025-05-30,30.9,23,26.6,38.3,23,29.4,24,86.6,6.3,100,4.17,rain,0,0,19.1,16.6,89,1007.3,88,9.7,79,6.9,3,30,2025-05-30T05:15:04,2025-05-30T18:33:32,0.1,"Rain, Partially cloudy",Partly cloudy throughout the day with late afternoon rain.,rain,"VMI0000VVNB,48820099999,48825099999,VVNB,VMM00048825"
Hanoi,2025-05-31,35,26,29.6,45.7,26,35.8,26.1,82.7,0,0,0,rain,0,0,31,22.3,123.6,1003.8,74.1,10.2,239.9,20.6,8,60,2025-05-31T05:14:56,2025-05-31T18:33:56,0.13,Partially cloudy,Partly cloudy throughout the day.,partly-cloudy-day,"VMI0000VVNB,48820099999,48825099999,VVNB,VMM00048825"
Hanoi,2025-06-01,39.5,27,33,47.2,31.2,40.2,25.3,67.5,0,0,0,,0,0,36.7,25.9,239.9,999.4,14.5,12.1,301.9,26.1,9,60,2025-06-01T05:14:50,2025-06-01T18:34:20,0.17,Clear,Clear conditions throughout the day.,clear-day,"VMI0000VVNB,48820099999,48825099999,VVNB,VMM00048825"
Hanoi,2025-06-02,39,31,34.6,49,36.6,42.8,25,58.3,2,100,12.5,rain,0,0,29.5,20.5,269.5,999,19,11.6,295.7,25.5,9,60,2025-06-02T05:14:45,2025-06-02T18:34:44,0.2,Rain,Clear conditions throughout the day with late afternoon rain.,rain,"VMI0000VVNB,48820099999,48825099999,VVNB,VMM00048825"
Hanoi,2025-06-03,33.3,26.6,30.3,42.7,26.6,36.5,25,74,15.1,100,4.17,rain,0,0,29.5,16.6,64.4,1003.2,62.8,10,157.6,13.6,6,30,2025-06-03T05:14:41,2025-06-03T18:35:08,0.25,"Rain, Partially cloudy",Partly cloudy throughout the day with late afternoon rain.,rain,"VMI0000VVNB,48820099999,48825099999,VVNB,VMM00048825"
Hanoi,2025-06-04,32,26,28.7,39.2,26,33.5,25.2,82,10.9,100,4.17,rain,0,0,20.2,13,53.1,1006.2,70.6,9.6,168.5,14.6,6,30,2025-06-04T05:14:37,2025-06-04T18:35:31,0.27,"Rain, Partially cloudy",Partly cloudy throughout the day with late afternoon rain.,rain,"VMI0000VVNB,48820099999,48825099999,VVNB,VMM00048825"
Hanoi,2025-06-05,34.3,26,29.7,45.5,26,36.1,26,81.3,2.5,100,20.83,rain,0,0,24.1,22.3,159.5,1006.6,55,9.6,198.1,17.1,8,30,2025-06-05T05:14:35,2025-06-05T18:35:53,0.3,"Rain, Partially cloudy",Partly cloudy throughout the day with rain.,rain,"VMI0000VVNB,48820099999,48825099999,VVNB,VMM00048825"
Hanoi,2025-06-06,34.8,28,30.5,47.4,33.6,39.1,26.8,81.3,1.3,100,12.5,rain,0,0,28.1,20.5,118.4,1005.6,53.4,10,233.6,20.1,8,60,2025-06-06T05:14:34,2025-06-06T18:36:16,0.33,"Rain, Partially cloudy",Partly cloudy throughout the day with rain in the morning and afternoon.,rain,"VMI0000VVNB,48820099999,48825099999,VVNB,VMM00048825"
Hanoi,2025-06-07,34.5,27,29.8,47.4,30.6,38.1,26.9,84.8,18.8,100,4.17,rain,0,0,22,18.4,113.3,1004.6,70.9,10,237.4,20.5,7,75,2025-06-07T05:14:34,2025-06-07T18:36:38,0.36,"Rain, Partially cloudy",Partly cloudy throughout the day with late afternoon rain.,rain,"VMI0000VVNB,48820099999,48825099999,VVNB,VMM00048825"
Hanoi,2025-06-08,34,26,28.5,47.4,26,34.4,26.2,87.7,0.614,100,4.17,rain,0,0,19.8,16.6,100.4,1003.8,69.8,9.5,184.5,16,6,60,2025-06-08T05:14:35,2025-06-08T18:36:59,0.4,"Rain, Partially cloudy",Partly cloudy throughout the day with late afternoon rain.,rain,"VMI0000VVNB,48820099999,48823099999,48825099999,VMM00048823,48831099999,VVNB,VMM00048825"
Hanoi,2025-06-09,33,25,29.2,42.2,25,33.9,25,79.1,0.2,100,4.17,rain,0,0,25.9,11.2,262.2,1004,53.8,9.9,107.7,9.4,4,60,2025-06-09T05:14:37,2025-06-09T18:37:20,0.43,"Rain, Partially cloudy",Partly cloudy throughout the day with late afternoon rain.,rain,"VMI0000VVNB,48820099999,48823099999,48825099999,VMM00048823,VVNB,VMM00048825"
Hanoi,2025-06-10,29.5,26,27.7,36.3,26,31.3,24.6,83.6,26.5,100,50,rain,0,0,33.8,25.9,317,1005,68.9,10.1,73.2,6.4,3,30,2025-06-10T05:14:40,2025-06-10T18:37:40,0.46,"Rain, Partially cloudy",Partly cloudy throughout the day with a chance of rain throughout the day.,rain,"VMI0000VVNB,48820099999,48825099999,VVNB,VMM00048825"
Hanoi,2025-06-11,33.7,25,28.7,42.2,25,32.7,24.5,78.9,2.2,100,12.5,rain,0,0,33.8,20.5,306,1004.2,30.4,9.8,274.6,23.7,9,30,2025-06-11T05:14:44,2025-06-11T18:38:00,0.5,"Rain, Partially cloudy",Partly cloudy throughout the day with rain.,rain,"VMI0000VVNB,48820099999,48825099999,VVNB,VMM00048825"
Hanoi,2025-06-12,34.5,26,29.5,43.4,26,34.2,24.9,77.6,9,100,4.17,rain,0,0,35.3,16.6,342.3,1003.1,59.6,9.3,158.7,13.7,5,30,2025-06-12T05:14:49,2025-06-12T18:38:20,0.53,"Rain, Partially cloudy",Partly cloudy throughout the day with late afternoon rain.,rain,"VMI0000VVNB,48820099999,48825099999,VVNB,VMM00048825"
Hanoi,2025-06-13,34,26.9,30.1,42.2,30.7,35.9,25,75.1,2,100,4.17,rain,0,0,39.2,20.5,347.1,1002.1,38.7,10.6,159.2,13.8,6,30,2025-06-13T05:14:55,2025-06-13T18:38:39,0.57,"Rain, Partially cloudy",Partly cloudy throughout the day with early morning rain.,rain,"VMI0000VVNB,48820099999,48825099999,VVNB,VMM00048825"
Hanoi,2025-06-14,36,28.7,32.2,44.7,33.6,39.2,24.8,65.7,0,0,0,,0,0,25.9,16.6,33.5,1000.8,22.5,9.8,272,23.6,9,60,2025-06-14T05:15:01,2025-06-14T18:38:57,0.6,Partially cloudy,Clearing in the afternoon.,partly-cloudy-day,"VMI0000VVNB,48820099999,48825099999,VVNB,VMM00048825"
Hanoi,2025-06-15,37.1,24,30.3,50.2,24,37.5,26.2,80.4,4,100,4.17,rain,0,0,19.4,24.1,64.2,1001.9,34.9,10,273.3,23.7,8,75,2025-06-15T05:15:09,2025-06-15T18:39:14,0.64,"Rain, Partially cloudy",Partly cloudy throughout the day with late afternoon rain.,rain,"VMI0000VVNB,48820099999,48825099999,VVNB,VMM00048825"
Hanoi,2025-06-16,30.1,25,26.5,37.5,25,28.5,24.9,91.1,9,100,8.33,rain,0,0,22.7,13,11.7,1004.8,83.2,9.7,130.8,11.2,5,60,2025-06-16T05:15:17,2025-06-16T18:39:31,0.67,"Rain, Partially cloudy",Partly cloudy throughout the day with rain.,rain,"VMI0000VVNB,48820099999,48825099999,VVNB,VMM00048825"
Hanoi,2025-06-17,34,26,29.1,45.8,26,34.9,26.1,84.9,1.052,100,8.33,rain,0,0,26.3,18.4,136.1,1004.3,63.2,8,161.6,14,4,75,2025-06-17T05:15:27,2025-06-17T18:39:47,0.71,"Rain, Partially cloudy",Partly cloudy throughout the day with rain.,rain,"VMI0000VVNB,48820099999,48823099999,48825099999,VMM00048823,48831099999,VMM00048831,VVNB,VMM00048825"
Hanoi,2025-06-18,35,27,31,43.6,30.7,38.2,25.7,74.9,2,100,29.17,rain,0,0,30.2,20.5,149,1003.4,33.2,9.9,159.9,13.7,6,60,2025-06-18T05:15:37,2025-06-18T18:40:03,0.74,"Rain, Partially cloudy",Partly cloudy throughout the day with rain.,rain,"VMI0000VVNB,48820099999,48825099999,VVNB,VMM00048825"
Hanoi,2025-06-19,35,29,31.1,45.4,35.7,39.7,26.5,78.2,0.1,100,4.17,rain,0,0,38.2,18.4,138.4,1002.9,57.4,9.2,234.8,20.3,9,60,2025-06-19T05:15:48,2025-06-19T18:40:17,0.75,"Rain, Partially cloudy",Partly cloudy throughout the day with early morning rain.,rain,"VMI0000VVNB,48820099999,48825099999,VVNB,VMM00048825"
Hanoi,2025-06-20,35,28,30.3,45,33.6,38.4,26.5,81,1.7,100,16.67,rain,0,0,29.2,18.4,122.2,1003.1,62.8,9.9,172,14.6,7,60,2025-06-20T05:16:00,2025-06-20T18:40:31,0.81,"Rain, Partially cloudy",Partly cloudy throughout the day with rain.,rain,"VMI0000VVNB,48820099999,48825099999,VVNB,VMM00048825"
Hanoi,2025-06-21,32.1,24,27.7,42.1,24,32.6,26.1,91.2,19.5,100,8.33,rain,0,0,24.1,22.3,106.4,1004.4,81.4,8.8,138.6,11.9,6,30,2025-06-21T05:16:12,2025-06-21T18:40:45,0.85,"Rain, Partially cloudy",Partly cloudy throughout the day with rain in the morning and afternoon.,rain,"VMI0000VVNB,48820099999,48825099999,VVNB,VMM00048825"
Hanoi,2025-06-22,30.5,24,27,39.4,24,30.6,25.5,91.8,74,100,12.5,rain,0,0,26.3,20.5,70.8,1005.4,80.1,9,161,13.9,7,60,2025-06-22T05:16:25,2025-06-22T18:40:57,0.89,"Rain, Partially cloudy",Partly cloudy throughout the day with rain.,rain,"VMI0000VVNB,48820099999,48825099999,VVNB,VMM00048825"
Hanoi,2025-06-23,33.5,25,29.3,45.8,25,35.9,26.3,84.7,4.9,100,33.33,rain,0,0,25.2,20.5,100.2,1004.5,65.4,10.7,196.5,17,8,60,2025-06-23T05:16:39,2025-06-23T18:41:08,0.92,"Rain, Partially cloudy",Partly cloudy throughout the day with a chance of rain throughout the day.,rain,"VMI0000VVNB,48820099999,48825099999,VVNB,VMM00048825"
Hanoi,2025-06-24,34.7,28,30.1,45.8,34.6,38.5,26.9,83.7,5.3,100,25,rain,0,0,25.6,20.5,131,1004.5,74.8,9.9,248.6,21.2,9,75,2025-06-24T05:16:54,2025-06-24T18:41:19,0.96,"Rain, Partially cloudy",Partly cloudy throughout the day with rain.,rain,"VMI0000VVNB,48820099999,48823099999,48825099999,VMM00048823,48831099999,VVNB,VMM00048825"
Hanoi,2025-06-25,35,26.5,29.9,45,26.5,36.8,26,80.6,21,100,4.17,rain,0,0,31.7,20.5,118.3,1006.5,46.7,11.1,232.9,20.1,9,30,2025-06-25T05:17:09,2025-06-25T18:41:29,0,"Rain, Partially cloudy",Partly cloudy throughout the day with afternoon rain.,rain,"VMI0000VVNB,48820099999,48825099999,remote,VVNB,VMM00048825"
Hanoi,2025-06-26,34.5,26,29.9,43.6,26,36,25.7,79.9,7.4,100,41.67,rain,0,0,53.6,33.5,144,1005.5,52.3,9.3,239,20.7,8,60,2025-06-26T05:17:25,2025-06-26T18:41:38,0.02,"Rain, Partially cloudy",Partly cloudy throughout the day with rain.,rain,"VMI0000VVNB,48820099999,48825099999,VVNB,VMM00048825"
Hanoi,2025-06-27,28.7,26,27.2,35.1,26,30.7,25.6,90.9,3.8,100,8.33,rain,0,0,19.8,13,77.5,1004.1,62,8.9,105.5,9.1,5,30,2025-06-27T05:17:42,2025-06-27T18:41:46,0.06,"Rain, Partially cloudy",Partly cloudy throughout the day with rain.,rain,"VMI0000VVNB,48820099999,48825099999,VVNB,VMM00048825"
Hanoi,2025-06-28,30.6,25,27.8,40.9,25,32.3,25.6,88.4,5,100,12.5,rain,0,0,18.7,16.6,90,1003.2,69.8,9.4,125.5,10.9,6,60,2025-06-28T05:17:59,2025-06-28T18:41:53,0.09,"Rain, Partially cloudy",Partly cloudy throughout the day with a chance of rain throughout the day.,rain,"VMI0000VVNB,48820099999,48825099999,VVNB,VMM00048825"
Hanoi,2025-06-29,31.1,26.9,28.6,40.7,30.4,35.1,26.2,86.8,9.4,100,45.83,rain,0,0,20.9,16.6,115.7,1001.2,83.8,9.4,122.7,10.6,5,30,2025-06-29T05:18:17,2025-06-29T18:41:59,0.12,"Rain, Partially cloudy",Partly cloudy throughout the day with a chance of rain throughout the day.,rain,"VMI0000VVNB,48820099999,48825099999,VVNB,VMM00048825"
Hanoi,2025-06-30,33.4,24,28.2,43.4,24,33.2,25.9,88.2,6,100,4.17,rain,0,0,22,18.4,113.1,1001.6,82,9.5,112.3,9.5,4,60,2025-06-30T05:18:35,2025-06-30T18:42:04,0.15,"Rain, Partially cloudy",Partly cloudy throughout the day with late afternoon rain.,rain,"VMI0000VVNB,48820099999,48825099999,VVNB,remote,VMM00048825"
Hanoi,2025-07-01,29.5,24,26.8,35.9,24,29.4,24.8,89.1,10.717,100,12.5,rain,0,0,27.4,20.5,114.3,1004,86.6,9.4,99.8,8.6,4,30,2025-07-01T05:18:54,2025-07-01T18:42:08,0.19,"Rain, Partially cloudy",Partly cloudy throughout the day with a chance of rain throughout the day.,rain,"VMI0000VVNB,48820099999,48823099999,48825099999,VVNB,VMM00048825"
Hanoi,2025-07-02,30.3,24,27.4,37.6,24,31.1,25.3,89,28.881,100,8.33,rain,0,0,23.4,16.6,103.4,1006.3,67.8,9.9,107.8,9.4,6,30,2025-07-02T05:19:14,2025-07-02T18:42:11,0.22,"Rain, Partially cloudy",Partly cloudy throughout the day with rain in the morning and afternoon.,rain,"VMI0000VVNB,48820099999,48823099999,48825099999,VVNB,remote,VMM00048825"
Hanoi,2025-07-03,30,25,27.4,37.5,25,31.2,25.5,90,51.112,100,8.33,rain,0,0,17.6,25.9,87.5,1006.9,79.9,9.1,124.2,10.7,5,30,2025-07-03T05:19:33,2025-07-03T18:42:13,0.25,"Rain, Partially cloudy",Partly cloudy throughout the day with rain in the morning and afternoon.,rain,"VMI0000VVNB,48820099999,48823099999,48825099999,VVNB,remote,VMM00048825"
Hanoi,2025-07-04,34,25,29.3,42,25,33.8,25,79,0.6,100,25,rain,0,0,17.6,16.6,105.3,1005.5,33.9,9.7,233.9,20.1,8,30,2025-07-04T05:19:54,2025-07-04T18:42:14,0.28,"Rain, Partially cloudy",Partly cloudy throughout the day with a chance of rain throughout the day.,rain,"VMI0000VVNB,48820099999,48823099999,48825099999,remote,VVNB,VMM00048825"
Hanoi,2025-07-05,35,26.3,30.7,45,26.3,37.2,25.4,74.8,1.5,100,20.83,rain,0,0,15.8,20.5,100,1003.7,20.6,9.8,263.1,22.5,9,30,2025-07-05T05:20:14,2025-07-05T18:42:14,0.32,"Rain, Partially cloudy",Partly cloudy throughout the day with rain.,rain,"VMI0000VVNB,48820099999,48823099999,48825099999,VVNB,VMM00048825"
Hanoi,2025-07-06,33.1,27,29.8,42.3,31.2,36.1,25.4,78.1,0.8,100,8.33,rain,0,0,25.6,13,126.6,1003.4,28.7,10.2,273.3,23.6,9,30,2025-07-06T05:20:35,2025-07-06T18:42:13,0.35,"Rain, Partially cloudy",Partly cloudy throughout the day with rain.,rain,"VMI0000VVNB,48820099999,48823099999,48825099999,VVNB,VMM00048825"
Hanoi,2025-07-07,34.5,27,30.4,43.6,30.7,37.3,25.6,76.7,2.1,100,16.67,rain,0,0,24.5,13,101.6,1002.6,34,11.2,264.7,22.8,8,60,2025-07-07T05:20:57,2025-07-07T18:42:11,0.38,"Rain, Partially cloudy",Partly cloudy throughout the day with rain in the morning and afternoon.,rain,"VMI0000VVNB,48820099999,48823099999,48825099999,VMM00048823,48831099999,VVNB,VMM00048825"
Hanoi,2025-07-08,36.4,27,31.5,46.8,31.2,40.4,26.6,76.3,0.2,100,8.33,rain,0,0,28.8,11.2,73.4,1000.7,19.3,11.5,263.2,22.8,9,60,2025-07-08T05:21:18,2025-07-08T18:42:07,0.41,Rain,Clear conditions throughout the day with rain in the morning and afternoon.,rain,"VMI0000VVNB,48820099999,48823099999,48825099999,VVNB,VMM00048825"
Hanoi,2025-07-09,38,29,32.5,47.7,35.7,42.6,27,74.6,0,0,0,rain,0,0,25.9,16.6,63.5,998.9,27.1,10.5,265.9,23,9,75,2025-07-09T05:21:40,2025-07-09T18:42:03,0.45,Partially cloudy,Partly cloudy throughout the day.,partly-cloudy-day,"VMI0000VVNB,48820099999,48823099999,48825099999,VVNB,VMM00048825"
Hanoi,2025-07-10,34.5,26,29.8,44.8,26,35.3,25.4,78.4,4.913,100,4.17,rain,0,0,29.5,33.5,317.1,998.3,60.8,11.8,201.4,17.2,7,60,2025-07-10T05:22:03,2025-07-10T18:41:58,0.48,"Rain, Partially cloudy",Partly cloudy throughout the day with late afternoon rain.,rain,"VMI0000VVNB,48820099999,48823099999,48825099999,VMM00048823,48831099999,VMM00048831,VVNB,remote,VMM00048825"
Hanoi,2025-07-11,32.1,25,27.6,40.8,25,31,25.3,87.6,4.767,100,4.17,rain,0,0,32,18.4,316.5,1000,73,9.9,139,12,5,30,2025-07-11T05:22:25,2025-07-11T18:41:51,0.5,"Rain, Partially cloudy",Partly cloudy throughout the day with late afternoon rain.,rain,"VMI0000VVNB,48820099999,48823099999,48825099999,VMM00048823,48831099999,VMM00048831,VVNB,remote,VMM00048825"
Hanoi,2025-07-12,34,25,27.9,43.6,25,30.7,25.2,86,8.565,100,4.17,rain,0,0,25.9,13,327.7,1004,74.6,9.5,151.8,13.4,6,30,2025-07-12T05:22:48,2025-07-12T18:41:43,0.55,"Rain, Partially cloudy",Partly cloudy throughout the day with late afternoon rain.,rain,"VMI0000VVNB,48820099999,48823099999,48825099999,VVNB,VMM00048825"
Hanoi,2025-07-13,34,26,29.6,43.6,26,35.2,25.9,81.4,2.834,100,4.17,rain,0,0,17.3,20.5,334.7,1005.2,70.8,9.1,169.2,14.6,6,60,2025-07-13T05:23:11,2025-07-13T18:41:35,0.58,"Rain, Partially cloudy",Partly cloudy throughout the day with late afternoon rain.,rain,"VMI0000VVNB,48820099999,48823099999,48825099999,VVNB,VMM00048825"
Hanoi,2025-07-14,33.5,27.6,29.4,45.2,32.3,37.1,26.7,85.6,0.983,100,4.17,rain,0,0,19.8,16.6,49.6,1004,53.8,6.8,127.8,10.9,4,60,2025-07-14T05:23:34,2025-07-14T18:41:25,0.62,"Rain, Partially cloudy",Partly cloudy throughout the day with late afternoon rain.,rain,"VMI0000VVNB,48820099999,48823099999,48825099999,VVNB,VMM00048825"
Hanoi,2025-07-15,33.7,27,29.8,42.5,31.1,37.7,26.5,83,0.115,100,8.33,rain,0,0,22.7,16.6,111,1002.1,60.7,7.3,132.5,11.4,5,60,2025-07-15T05:23:57,2025-07-15T18:41:14,0.66,"Rain, Partially cloudy",Partly cloudy throughout the day with rain.,rain,"VMI0000VVNB,48820099999,48823099999,48825099999,VVNB,VMM00048825"
Hanoi,2025-07-16,34.4,28,30.6,47.4,34.6,39.8,27.1,82.6,0.035,100,4.17,rain,0,0,27,16.6,104.5,1002,62.3,10.5,169.3,14.6,6,60,2025-07-16T05:24:20,2025-07-16T18:41:02,0.69,"Rain, Partially cloudy",Partly cloudy throughout the day with morning rain.,rain,"VMI0000VVNB,48820099999,48823099999,48825099999,VVNB,remote,VMM00048825"
Hanoi,2025-07-17,36,27.7,32.2,46.8,33,40.8,26.2,72.2,0,0,0,rain,0,0,35.3,14.8,65,1002.4,35,10.7,255.2,22.2,9,60,2025-07-17T05:24:44,2025-07-17T18:40:48,0.73,Partially cloudy,Partly cloudy throughout the day.,partly-cloudy-day,"VMI0000VVNB,48820099999,48823099999,48825099999,VVNB,VMM00048825"
Hanoi,2025-07-18,37.3,29,32.6,48.8,36.9,42.5,26.7,72.3,0,0,0,,0,0,25.2,11.2,300.2,1000.1,30.2,10.1,290.7,25.2,9,60,2025-07-18T05:25:07,2025-07-18T18:40:34,0.75,Partially cloudy,Partly cloudy throughout the day.,partly-cloudy-day,"VMI0000VVNB,48820099999,48823099999,48825099999,VVNB,remote,VMM00048825"
Hanoi,2025-07-19,37,24,30.4,51.6,24,38.4,26.5,81.3,21.415,100,4.17,rain,0,0,76,14.8,321.4,997.5,33.2,9,198.8,17,7,75,2025-07-19T05:25:31,2025-07-19T18:40:18,0.8,"Rain, Partially cloudy",Partly cloudy throughout the day with late afternoon rain.,rain,"VMI0000VVNB,48820099999,48823099999,48825099999,VVNB,VMM00048825"
Hanoi,2025-07-20,33,25,28.6,44.2,25,33.9,25.7,85.2,3.018,100,12.5,rain,0,0,30.6,14.8,299.4,996.3,42.6,10,127.8,11,5,60,2025-07-20T05:25:55,2025-07-20T18:40:02,0.84,"Rain, Partially cloudy",Partly cloudy throughout the day with rain.,rain,"VMI0000VVNB,48820099999,48823099999,48825099999,VVNB,VMM00048825"
Hanoi,2025-07-21,29,26,27.8,38.1,26,32.8,26.2,91.1,17.803,100,20.83,rain,0,0,47.2,27.7,279.3,993.8,70.7,8.8,43.1,3.8,2,30,2025-07-21T05:26:18,2025-07-21T18:39:44,0.87,"Rain, Partially cloudy",Partly cloudy throughout the day with rain.,rain,"VMI0000VVNB,48820099999,48823099999,48825099999,VVNB,VMM00048825"
Hanoi,2025-07-22,30,25,27.6,37.5,25,31.7,25.3,87.4,30.175,100,25,rain,0,0,70.9,35.3,19.7,991.4,96.2,9,64.4,5.6,2,10,2025-07-22T05:26:42,2025-07-22T18:39:25,0.91,"Rain, Overcast",Cloudy skies throughout the day with rain.,rain,"VMI0000VVNB,48820099999,48823099999,48825099999,VVNB,VMM00048825"
Hanoi,2025-07-23,31.8,25,27.3,40.1,25,30.8,25.6,90.7,15.917,100,4.17,rain,0,0,42.5,16.6,64.2,998.4,81.1,9.7,152.6,13.2,5,30,2025-07-23T05:27:05,2025-07-23T18:39:05,0.94,"Rain, Partially cloudy",Partly cloudy throughout the day with late afternoon rain.,rain,"VMI0000VVNB,48820099999,48823099999,48825099999,VVNB,VMM00048825"
Hanoi,2025-07-24,31,27,28.4,39.2,30.7,34.2,25.9,86.8,39.698,100,8.33,rain,0,0,16.9,18.4,74.1,1001.4,73.7,10,132.5,11.6,7,30,2025-07-24T05:27:29,2025-07-24T18:38:44,0.98,"Rain, Partially cloudy",Partly cloudy throughout the day with rain.,rain,"VMI0000VVNB,48820099999,48823099999,48825099999,VVNB,VMM00048825"
Hanoi,2025-07-25,32,25,28.2,41.2,25,33.2,25.8,87.3,3.603,100,8.33,rain,0,0,22.7,14.8,340.9,1001.7,47.3,9.5,143.4,12.3,7,60,2025-07-25T05:27:52,2025-07-25T18:38:22,0,"Rain, Partially cloudy",Partly cloudy throughout the day with rain.,rain,"VMI0000VVNB,48820099999,48823099999,48825099999,VVNB,VMM00048825"
Hanoi,2025-07-26,34,25,28.9,43.6,25,33.3,25.3,82.1,86.673,100,8.33,rain,0,0,37.1,18.4,279.7,1001.3,41,9.7,211.4,18.2,7,60,2025-07-26T05:28:16,2025-07-26T18:37:58,0.05,"Rain, Partially cloudy",Partly cloudy throughout the day with rain.,rain,"VMI0000VVNB,48820099999,48823099999,48825099999,VVNB,VMM00048825"
Hanoi,2025-07-27,35,25.7,29.8,43.6,25.7,35.2,25.4,78.6,3.348,100,8.33,rain,0,0,23.4,11.2,264.9,1001,40.3,9.5,222.9,19.1,8,30,2025-07-27T05:28:39,2025-07-27T18:37:34,0.08,"Rain, Partially cloudy",Partly cloudy throughout the day with rain.,rain,"VMI0000VVNB,48820099999,48823099999,48825099999,VVNB,VMM00048825"
Hanoi,2025-07-28,36.1,27,31.1,46.8,31.2,39.4,26.3,77,0.4,100,4.17,rain,0,0,20.9,11.2,311.4,999.2,20.6,9.9,281.3,24.2,9,60,2025-07-28T05:29:02,2025-07-28T18:37:08,0.11,"Rain, Partially cloudy",Partly cloudy throughout the day with afternoon rain.,rain,"VMI0000VVNB,48820099999,48823099999,48825099999,VVNB,VMM00048825"
Hanoi,2025-07-29,37.1,28,32.5,49.5,33.6,42.3,26.9,73.9,0,0,0,,0,0,18.7,11.2,50.7,997.3,28.1,9.7,286.3,24.4,9,60,2025-07-29T05:29:25,2025-07-29T18:36:42,0.14,Partially cloudy,Partly cloudy throughout the day.,partly-cloudy-day,"VMI0000VVNB,48820099999,48823099999,48825099999,VMM00048823,48831099999,VVNB,VMM00048825"
Hanoi,2025-07-30,37,26,31.9,52.5,26,42.6,27.6,79.1,0,0,0,,0,0,23.4,24.1,67,997.4,38.3,9.1,268.6,23.1,9,60,2025-07-30T05:29:48,2025-07-30T18:36:14,0.17,Partially cloudy,Partly cloudy throughout the day.,partly-cloudy-day,"VMI0000VVNB,48820099999,48823099999,48825099999,VVNB,VMM00048825"
Hanoi,2025-07-31,35,26,30.3,45.8,26,36.8,26,79.4,9.898,100,8.33,rain,0,0,42.5,20.5,153.4,998.2,52.7,9.4,190.6,16.4,6,60,2025-07-31T05:30:11,2025-07-31T18:35:45,0.21,"Rain, Partially cloudy",Partly cloudy throughout the day with rain.,rain,"VMI0000VVNB,48820099999,48823099999,48825099999,VVNB,VMM00048825"
Hanoi,2025-08-01,34.1,25,29.2,42.5,25,34.2,25.4,81.6,2.555,100,4.17,rain,0,0,22,25.9,305.3,998.9,52.3,10.7,122.9,10.7,5,30,2025-08-01T05:30:33,2025-08-01T18:35:16,0.25,"Rain, Partially cloudy",Partly cloudy throughout the day with late afternoon rain.,rain,"VMI0000VVNB,48820099999,48823099999,48825099999,VVNB,VMM00048825"
Hanoi,2025-08-02,36.5,27,31.7,47.1,30.7,40.2,26.2,73.8,0.1,100,4.17,rain,0,0,19.8,13,144.4,1000.3,17.6,10,244.3,21.1,8,60,2025-08-02T05:30:55,2025-08-02T18:34:45,0.27,Rain,Clear conditions throughout the day with afternoon rain.,rain,"VMI0000VVNB,48820099999,48823099999,48825099999,VVNB,VMM00048825"
Hanoi,2025-08-03,38.5,28,33.5,49.1,34.6,43.2,26.4,68.6,0,0,0,,0,0,32.8,13,215.8,999.6,19.7,9.9,294.4,25.4,9,75,2025-08-03T05:31:17,2025-08-03T18:34:13,0.3,Clear,Clear conditions throughout the day.,clear-day,"VMI0000VVNB,48820099999,48823099999,48825099999,VVNB,VMM00048825"
Hanoi,2025-08-04,38.5,29.9,34.4,49,36.4,43.3,25.5,60.9,0,0,0,,0,0,32.4,16.6,247,999.2,21.6,11.7,273.9,23.6,9,60,2025-08-04T05:31:39,2025-08-04T18:33:41,0.34,Partially cloudy,Partly cloudy throughout the day.,partly-cloudy-day,"VMI0000VVNB,48820099999,48823099999,48825099999,VVNB,VMM00048825"
Hanoi,2025-08-05,35.5,25,31.1,46.6,25,39.2,26.3,76.8,0.385,100,4.17,rain,0,0,23.4,18.4,20.1,1001.1,45,10.4,160.9,13.9,6,60,2025-08-05T05:32:01,2025-08-05T18:33:07,0.37,"Rain, Partially cloudy",Partly cloudy throughout the day with late afternoon rain.,rain,"VMI0000VVNB,48820099999,48823099999,48825099999,VVNB,VMM00048825"
Hanoi,2025-08-06,30.1,24,27.3,39.5,24,31.4,26.1,93.3,21.65,100,8.33,rain,0,0,31,31.7,97.4,1003.7,76.1,7.5,127.8,11.1,4,60,2025-08-06T05:32:23,2025-08-06T18:32:32,0.4,"Rain, Partially cloudy",Partly cloudy throughout the day with rain.,rain,"VMI0000VVNB,48820099999,48823099999,48825099999,VVNB,VMM00048825"
Hanoi,2025-08-07,31.1,24,27.5,39.6,24,31.8,25.2,87.9,43.133,100,4.17,rain,0,0,27.4,13,92.3,1006.2,36.5,9.9,205.2,17.8,8,75,2025-08-07T05:32:44,2025-08-07T18:31:56,0.43,"Rain, Partially cloudy",Partly cloudy throughout the day with late afternoon rain.,rain,"VMI0000VVNB,48820099999,48823099999,48825099999,VVNB,VMM00048825"
Hanoi,2025-08-08,36.4,27,31.4,46.3,31.2,39.7,26.4,76.4,0.2,100,4.17,rain,0,0,29.5,20.5,148,1006.1,28.9,10.9,273.7,23.7,9,60,2025-08-08T05:33:05,2025-08-08T18:31:20,0.46,"Rain, Partially cloudy",Partly cloudy throughout the day with afternoon rain.,rain,"VMI0000VVNB,48820099999,48823099999,48825099999,VMM00048823,48831099999,VVNB,remote,VMM00048825"
Hanoi,2025-08-09,36.4,28,32,46.3,34.6,40.9,26.3,73.5,0,0,0,,0,0,24.1,24.1,126.3,1005,21.5,11.5,282.1,24.5,9,75,2025-08-09T05:33:26,2025-08-09T18:30:42,0.5,Partially cloudy,Partly cloudy throughout the day.,partly-cloudy-day,"VMI0000VVNB,48820099999,48823099999,48825099999,VVNB,VMM00048825"
Hanoi,2025-08-10,32.5,26,29,44.5,26,36.6,26.7,87.5,2.074,100,8.33,rain,0,0,21.6,20.5,102,1004.9,56.1,10.2,272.7,23.5,9,60,2025-08-10T05:33:46,2025-08-10T18:30:04,0.53,"Rain, Partially cloudy",Partly cloudy throughout the day with rain.,rain,"VMI0000VVNB,48820099999,48823099999,48825099999,VVNB,VMM00048825"
Hanoi,2025-08-11,35,27,30.6,46.8,30.7,39.3,26.9,81.6,0.098,100,4.17,rain,0,0,25.9,14.8,92.8,1004.6,44.5,9.6,245.7,21.2,8,30,2025-08-11T05:34:07,2025-08-11T18:29:25,0.57,"Rain, Partially cloudy",Partly cloudy throughout the day with late afternoon rain.,rain,"VMI0000VVNB,48820099999,48823099999,48825099999,VVNB,VMM00048825"
Hanoi,2025-08-12,35,28,31,47.4,34.6,40.2,26.9,79.4,0.035,100,4.17,rain,0,0,22,20.5,115.5,1005.1,39.2,10.7,233.7,20.1,7,60,2025-08-12T05:34:27,2025-08-12T18:28:44,0.6,"Rain, Partially cloudy",Partly cloudy throughout the day with morning rain.,rain,"VMI0000VVNB,48820099999,48823099999,48825099999,VVNB,VMM00048825"
Hanoi,2025-08-13,34,26,30.6,45.9,26,39.6,27,82,1.902,100,8.33,rain,0,0,19.1,13,128.7,1005.8,32.9,9.6,196.4,16.9,8,60,2025-08-13T05:34:46,2025-08-13T18:28:03,0.64,"Rain, Partially cloudy",Partly cloudy throughout the day with rain.,rain,"VMI0000VVNB,48820099999,48823099999,48825099999,VVNB,VMM00048825"
Hanoi,2025-08-14,35,25.6,29.7,48.8,25.6,37.7,26.6,83.7,19.356,100,4.17,rain,0,0,20.9,14.8,35.7,1004,38.6,8.5,199.8,17.3,8,75,2025-08-14T05:35:06,2025-08-14T18:27:22,0.68,"Rain, Partially cloudy",Partly cloudy throughout the day with late afternoon rain.,rain,"VMI0000VVNB,48820099999,48823099999,48825099999,VVNB,VMM00048825"
Hanoi,2025-08-15,30.1,24,27.2,36.9,24,30.8,25,88.1,15.519,100,12.5,rain,0,0,26.6,16.6,61.5,1005.1,66.2,9.2,71.8,6.3,3,30,2025-08-15T05:35:25,2025-08-15T18:26:39,0.71,"Rain, Partially cloudy",Partly cloudy throughout the day with rain.,rain,"VMI0000VVNB,48820099999,48823099999,48825099999,VVNB,VMM00048825"
Hanoi,2025-08-16,30,24.9,26.7,36.2,24.9,28.3,24.6,88.7,17.607,100,12.5,rain,0,0,25.6,14.8,54.9,1007.7,54.3,9.3,95.2,8.2,5,30,2025-08-16T05:35:44,2025-08-16T18:25:55,0.75,"Rain, Partially cloudy",Partly cloudy throughout the day with rain.,rain,"VMI0000VVNB,48820099999,48823099999,48825099999,VVNB,VMM00048825"
Hanoi,2025-08-17,32,25,27.6,41.8,25,30.9,24.8,85.5,16.4,100,12.5,rain,0,0,36.4,16.6,308.9,1007.9,44,9.7,139.6,12.1,5,30,2025-08-17T05:36:03,2025-08-17T18:25:11,0.78,"Rain, Partially cloudy",Partly cloudy throughout the day with rain.,rain,"VMI0000VVNB,48820099999,48823099999,48825099999,VVNB,VMM00048825"
Hanoi,2025-08-18,31,24.7,27.2,37.8,24.7,29.6,24.8,87.2,25.449,100,8.33,rain,0,0,33.8,14.8,325.6,1006.1,49.1,9.9,92.2,8,3,10,2025-08-18T05:36:22,2025-08-18T18:24:26,0.82,"Rain, Partially cloudy",Partly cloudy throughout the day with rain.,rain,"VMI0000VVNB,48820099999,48823099999,48825099999,VVNB,VMM00048825"
Hanoi,2025-08-19,30,25.6,27.1,36.2,25.6,29.7,25.2,90,12.94,100,16.67,rain,0,0,20.5,14.8,239.9,1005.6,77.6,9.3,50.8,4.3,2,10,2025-08-19T05:36:40,2025-08-19T18:23:40,0.85,"Rain, Partially cloudy",Partly cloudy throughout the day with a chance of rain throughout the day.,rain,"VMI0000VVNB,48820099999,48823099999,48825099999,VVNB,remote,VMM00048825"
Hanoi,2025-08-20,33.8,26.7,29.1,43.8,30.3,35.8,26.4,85.9,3.242,100,4.17,rain,0,0,28.8,18.4,143.3,1006.6,72.4,9.6,178.2,15.5,7,75,2025-08-20T05:36:58,2025-08-20T18:22:54,0.89,"Rain, Partially cloudy",Partly cloudy throughout the day with late afternoon rain.,rain,"VMI0000VVNB,48820099999,48823099999,48825099999,VVNB,VMM00048825"
Hanoi,2025-08-21,29.9,26,27.8,38.4,26,33.4,26.3,91.8,1.944,100,8.33,rain,0,0,27.7,22.3,86.7,1008,65.2,9.3,128.1,11.1,5,75,2025-08-21T05:37:16,2025-08-21T18:22:07,0.93,"Rain, Partially cloudy",Partly cloudy throughout the day with rain.,rain,"VMI0000VVNB,48820099999,48823099999,48825099999,VVNB,VMM00048825"
Hanoi,2025-08-22,33,27,29.5,42.2,31.2,35.9,25.9,82.2,3.7,100,29.17,rain,0,0,31.7,22.3,127.4,1008,48.7,9.6,132,11.3,5,75,2025-08-22T05:37:33,2025-08-22T18:21:19,0.96,"Rain, Partially cloudy",Partly cloudy throughout the day with rain.,rain,"VMI0000VVNB,48820099999,48823099999,48825099999,VVNB,VMM00048825"
Hanoi,2025-08-23,32,26,29.2,40.7,26,35,25.7,82.3,1.279,100,8.33,rain,0,0,24.5,16.6,62,1008.1,42.1,9.4,182.4,15.7,6,60,2025-08-23T05:37:50,2025-08-23T18:20:31,0,"Rain, Partially cloudy",Partly cloudy throughout the day with rain.,rain,"VMI0000VVNB,48820099999,48823099999,48825099999,VVNB,VMM00048825"
Hanoi,2025-08-24,34.5,24,27.1,43.6,24,29.8,24.8,87.6,0.926,100,8.33,rain,0,0,29.9,18.4,312.9,1007.2,39.1,9.5,216.1,18.7,8,60,2025-08-24T05:38:07,2025-08-24T18:19:42,0.03,"Rain, Partially cloudy",Partly cloudy throughout the day with rain.,rain,"VMI0000VVNB,48820099999,48823099999,48825099999,VMM00048823,48831099999,VVNB,VMM00048825"
Hanoi,2025-08-25,29,24,25.9,34.5,24,27.1,24.1,89.9,40.2,100,91.67,rain,0,0,52.9,24.1,3.5,1005.6,59.5,8.8,64.8,5.6,3,30,2025-08-25T05:38:24,2025-08-25T18:18:52,0.06,"Rain, Partially cloudy",Partly cloudy throughout the day with a chance of rain throughout the day.,rain,"VMI0000VVNB,48820099999,48823099999,48825099999,VMM00048823,VMM00048831,VVNB,VMM00048825"
Hanoi,2025-08-26,27,23.9,25.3,31.2,23.9,25.8,24.7,96.1,66.3,100,100,rain,0,0,52.6,24.1,55.8,1007,93.7,7.8,39.2,3.4,1,10,2025-08-26T05:38:41,2025-08-26T18:18:02,0.1,"Rain, Overcast",Cloudy skies throughout the day with a chance of rain throughout the day.,rain,"VMI0000VVNB,VMM00048823,VMM00048831,VVNB,VMM00048825"
Hanoi,2025-08-27,29,24,26.1,34.5,24,27.8,24.6,91.8,13.8,100,79.17,rain,0,0,20.2,14.8,75,1008,68.9,9.2,45.5,4,2,30,2025-08-27T05:38:57,2025-08-27T18:17:11,0.13,"Rain, Partially cloudy",Partly cloudy throughout the day with a chance of rain throughout the day.,rain,"VMI0000VVNB,VMM00048823,VMM00048831,VVNB,VMM00048825"
Hanoi,2025-08-28,33,25,28.3,39.3,25,31.7,24.6,81.9,16.7,100,62.5,rain,0,0,21.2,14.8,74.7,1007.7,50.8,9.7,180.4,15.6,8,30,2025-08-28T05:39:14,2025-08-28T18:16:20,0.16,"Rain, Partially cloudy",Partly cloudy throughout the day with a chance of rain throughout the day.,rain,"VMI0000VVNB,VMM00048823,VMM00048831,VVNB,VMM00048825"
Hanoi,2025-08-29,32,25,27.2,40.7,25,29.8,25.1,88.7,9,100,75,rain,0,0,32,22.3,340.6,1008.9,44.4,9.1,180.4,15.6,8,30,2025-08-29T05:39:30,2025-08-29T18:15:28,0.19,"Rain, Partially cloudy",Partly cloudy throughout the day with a chance of rain throughout the day.,rain,"VMI0000VVNB,VMM00048823,VMM00048831,VVNB,VMM00048825"
Hanoi,2025-08-30,32,25,27.5,42.1,25,30.6,25,87,18.8,100,100,rain,0,0,48.2,18.4,354.8,1007.8,73.6,10,97.3,8.3,5,30,2025-08-30T05:39:45,2025-08-30T18:14:35,0.22,"Rain, Partially cloudy",Partly cloudy throughout the day with a chance of rain throughout the day.,rain,"VMI0000VVNB,VMM00048823,VMM00048831,VVNB,VMM00048825"
Hanoi,2025-08-31,33,25,27.9,40.5,25,31.6,25.1,85.6,23.3,100,83.33,rain,0,0,27.4,20.5,13.6,1008.3,73.6,9.8,85.5,7.3,4,60,2025-08-31T05:40:01,2025-08-31T18:13:43,0.25,"Rain, Partially cloudy",Partly cloudy throughout the day with a chance of rain throughout the day.,rain,VVNB
Hanoi,2025-09-01,32,26,28,40.5,26,31.6,25.5,87.2,2.7,100,50,rain,0,0,24.8,13,322.9,1007.1,66.7,9.6,164.8,14.2,6,60,2025-09-01T05:40:16,2025-09-01T18:12:49,0.29,"Rain, Partially cloudy",Partly cloudy throughout the day with a chance of rain throughout the day.,rain,"VMM00048823,VMM00048831,VVNB,remote,VMM00048825"
Hanoi,2025-09-02,33,25,28.6,47.3,25,33.4,25.8,85.2,3.9,100,37.5,rain,0,0,25.2,18.4,111.9,1007.1,58.4,9.6,233,20.1,9,60,2025-09-02T05:40:32,2025-09-02T18:11:56,0.32,"Rain, Partially cloudy",Partly cloudy throughout the day with a chance of rain throughout the day.,rain,"VMM00048823,VMM00048831,VVNB,remote,VMM00048825"
Hanoi,2025-09-03,34.1,26.7,30.1,42.1,30.3,36.6,25.6,78.3,0.1,100,4.17,rain,0,0,24.5,14.8,129.4,1007.2,33,9.9,249.3,21.5,8,60,2025-09-03T05:40:47,2025-09-03T18:11:02,0.35,"Rain, Partially cloudy",Partly cloudy throughout the day with morning rain.,rain,"VMI0000VVNB,VMM00048823,VMM00048831,VVNB,remote,VMM00048825"
Hanoi,2025-09-04,35,26,30.6,44.9,26,36.8,25.3,74.4,0.1,100,4.17,rain,0,0,25.9,13,127.1,1006.8,12.9,12.2,265.7,23,9,60,2025-09-04T05:41:02,2025-09-04T18:10:07,0.39,Rain,Clear conditions throughout the day with morning rain.,rain,"VMI0000VVNB,VMM00048823,VMM00048831,VVNB,remote,VMM00048825"
Hanoi,2025-09-05,34.5,27,30.8,43.5,31.2,38,25.8,75.7,0,0,0,,0,0,24.1,16.6,115.6,1006.9,18.3,11.4,272.3,23.4,9,60,2025-09-05T05:41:17,2025-09-05T18:09:13,0.42,Clear,Clear conditions throughout the day.,clear-day,"VMI0000VVNB,VMM00048823,VMM00048831,VVNB,VMM00048825"
Hanoi,2025-09-06,35,27,31,44.8,31.2,38.5,25.9,75.6,0.5,100,4.17,rain,0,0,21.2,14.8,112,1007.5,20,9.7,237.1,20.4,8,60,2025-09-06T05:41:31,2025-09-06T18:08:17,0.45,Rain,Partly cloudy throughout the day with afternoon rain.,rain,"VMI0000VVNB,VMM00048823,VMM00048831,VVNB,VMM00048825"
Hanoi,2025-09-07,35,27,31,42,31.2,37.6,25.2,72.7,0.2,100,8.33,rain,0,0,15.8,7.6,344.4,1006,14.1,10.5,252.3,21.8,8,30,2025-09-07T05:41:46,2025-09-07T18:07:22,0.48,Rain,Clear conditions throughout the day with rain in the morning and afternoon.,rain,"VMI0000VVNB,VMM00048823,VMM00048831,VVNB,VMM00048825"
Hanoi,2025-09-08,36.4,27,31.2,46.3,30.6,39.1,26.1,75.4,0,0,0,,0,0,15.8,16.6,16,1004.6,20.1,9.3,257.3,22.3,9,60,2025-09-08T05:42:01,2025-09-08T18:06:26,0.5,Partially cloudy,Partly cloudy throughout the day.,partly-cloudy-day,"VMI0000VVNB,VMM00048823,VMM00048831,VVNB,VMM00048825"
Hanoi,2025-09-09,32.2,24,27.6,43.4,24,31.4,25.4,88.3,4.2,100,41.67,rain,0,0,22,31.7,59,1006.7,52.9,9.5,106.4,9.1,4,60,2025-09-09T05:42:15,2025-09-09T18:05:30,0.55,"Rain, Partially cloudy",Partly cloudy throughout the day with rain.,rain,"VMI0000VVNB,VMM00048823,VMM00048831,VVNB,VMM00048825"
Hanoi,2025-09-10,32.3,25,28.7,40.7,25,33.5,25.2,81.8,5.9,100,37.5,rain,0,0,24.8,16.6,109.7,1007.9,73,9.5,170.7,14.8,7,60,2025-09-10T05:42:30,2025-09-10T18:04:34,0.59,"Rain, Partially cloudy",Partly cloudy throughout the day with rain.,rain,"VMI0000VVNB,VMM00048823,VMM00048831,VVNB,VMM00048825"
Hanoi,2025-09-11,32,26.7,28.9,42.3,26.7,35.2,25.9,84.3,16.7,100,79.17,rain,0,0,24.1,18.4,120.2,1008.5,55.2,9.9,148.4,12.8,5,60,2025-09-11T05:42:44,2025-09-11T18:03:38,0.62,"Rain, Partially cloudy",Partly cloudy throughout the day with a chance of rain throughout the day.,rain,"VMI0000VVNB,VMM00048823,VMM00048831,VVNB,VMM00048825"
Hanoi,2025-09-12,33,26,29.2,42.1,26,35.1,25.8,82.6,8,100,50,rain,0,0,27.7,24.1,122.8,1009.3,50,12.5,176.5,15.4,8,60,2025-09-12T05:42:58,2025-09-12T18:02:41,0.66,"Rain, Partially cloudy",Partly cloudy throughout the day with a chance of rain throughout the day.,rain,"VMI0000VVNB,VMM00048823,VMM00048831,VVNB,remote,VMM00048825"
Hanoi,2025-09-13,34,26,29.8,41.1,26,35.5,25.4,78.3,2.2,100,41.67,rain,0,0,25.2,20.5,119.3,1010.2,38.5,10.9,233.3,20.3,8,60,2025-09-13T05:43:12,2025-09-13T18:01:44,0.69,"Rain, Partially cloudy",Partly cloudy throughout the day with a chance of rain throughout the day.,rain,"VMI0000VVNB,VMM00048823,VMM00048831,VVNB,VMM00048825"
Hanoi,2025-09-14,33.9,26,30,42.1,26,36.1,25.4,77.3,0.6,100,20.83,rain,0,0,22.3,14.8,105.6,1010.1,37.1,9.7,220.9,19,8,60,2025-09-14T05:43:27,2025-09-14T18:00:48,0.75,"Rain, Partially cloudy",Partly cloudy throughout the day with rain in the morning and afternoon.,rain,"VMI0000VVNB,VMM00048823,VMM00048831,VVNB,VMM00048825"
Hanoi,2025-09-15,32.6,27,28.9,40.6,30.5,34.6,25.5,82.4,9.7,100,41.67,rain,0,0,30.6,20.5,119.9,1010.5,39.8,9.9,181.1,15.6,7,60,2025-09-15T05:43:41,2025-09-15T17:59:51,0.76,"Rain, Partially cloudy",Partly cloudy throughout the day with rain.,rain,"VMI0000VVNB,VMM00048823,VMM00048831,VVNB,VMM00048825"
Hanoi,2025-09-16,35,25,29.6,41.9,25,34.1,24.7,76.6,6.8,100,66.67,rain,0,0,22.3,18.4,102.1,1010.4,29.5,11,209.4,17.9,8,60,2025-09-16T05:43:55,2025-09-16T17:58:54,0.8,"Rain, Partially cloudy",Partly cloudy throughout the day with a chance of rain throughout the day.,rain,"VMI0000VVNB,VMM00048823,VMM00048831,VVNB,VMM00048825"
Hanoi,2025-09-17,32,25.7,27.3,39.2,25.7,29.6,24.9,87.3,5.7,100,54.17,rain,0,0,24.1,11.2,32,1009.4,40.9,10.4,179.8,15.4,8,30,2025-09-17T05:44:10,2025-09-17T17:57:56,0.84,"Rain, Partially cloudy",Partly cloudy throughout the day with a chance of rain throughout the day.,rain,"VMI0000VVNB,VMM00048823,VMM00048831,VVNB,VMM00048825"
Hanoi,2025-09-18,34,25,28.1,42,25,31.5,25,84.5,6.5,100,70.83,rain,0,0,24.8,20.5,330.7,1009,54.3,9.6,159.5,13.8,6,10,2025-09-18T05:44:24,2025-09-18T17:56:59,0.87,"Rain, Partially cloudy",Partly cloudy throughout the day with a chance of rain throughout the day.,rain,"VMI0000VVNB,VMM00048823,VMM00048831,VVNB,VMM00048825"
Hanoi,2025-09-19,35,25,29.4,41.9,25,33.8,24.9,78.6,1.8,100,45.83,rain,0,0,22,14.8,226.7,1008.6,32.3,9.8,185.9,16.1,7,30,2025-09-19T05:44:38,2025-09-19T17:56:02,0.91,"Rain, Partially cloudy",Partly cloudy throughout the day with a chance of rain throughout the day.,rain,"VMI0000VVNB,VMM00048823,VMM00048831,VVNB,VMM00048825"
Hanoi,2025-09-20,35,25.9,30.7,43.3,25.9,36.4,24.9,72.6,0,0,0,,0,0,18,11.2,251.3,1006.8,12.7,10,244.6,21.3,8,30,2025-09-20T05:44:53,2025-09-20T17:55:05,0.94,Clear,Clear conditions throughout the day.,clear-day,"VMI0000VVNB,VMM00048823,VMM00048831,VVNB,VMM00048825"
Hanoi,2025-09-21,34.1,27,29.3,44.5,30.1,35.6,25.7,82,6.2,100,37.5,rain,0,0,24.8,13,64.9,1005.8,22.8,8.9,200.1,17.3,7,30,2025-09-21T05:45:07,2025-09-21T17:54:08,0.98,"Rain, Partially cloudy",Partly cloudy throughout the day with rain.,rain,"VMI0000VVNB,VMM00048823,VMM00048831,VVNB,VMM00048825"
Hanoi,2025-09-22,30.8,25,27.7,37.5,25,31.5,24.9,85.3,3.1,100,45.83,rain,0,0,19.4,18.4,62.2,1007.3,52.1,9.5,135,11.6,6,30,2025-09-22T05:45:22,2025-09-22T17:53:11,0,"Rain, Partially cloudy",Partly cloudy throughout the day with a chance of rain throughout the day.,rain,"VMI0000VVNB,VMM00048823,VMM00048831,VVNB,VMM00048825"
Hanoi,2025-09-23,33.5,26,29.3,39.6,26,33.9,24.4,76.1,0.8,100,20.83,rain,0,0,26.6,14.8,350.1,1005.7,35.7,9.9,216.7,18.5,7,30,2025-09-23T05:45:37,2025-09-23T17:52:14,0.04,"Rain, Partially cloudy",Partly cloudy throughout the day with rain.,rain,"VMI0000VVNB,VMM00048823,VMM00048831,VVNB,VMM00048825"
Hanoi,2025-09-24,35,26,30,40.6,26,34,23.5,70,0.1,100,4.17,rain,0,0,45.4,20.5,325,1002.9,19.4,10.3,239.3,20.7,9,10,2025-09-24T05:45:51,2025-09-24T17:51:17,0.08,Rain,Clear conditions throughout the day with early morning rain.,rain,"VMI0000VVNB,VMM00048823,VMM00048831,VVNB,VMM00048825"
Hanoi,2025-09-25,28.4,24.7,26.1,32.1,24.7,27.1,23.3,84.8,17.5,100,41.67,rain,0,0,32.8,18.4,302.6,1003.3,78.8,9.6,30.8,2.7,1,10,2025-09-25T05:46:06,2025-09-25T17:50:20,0.11,"Rain, Partially cloudy",Partly cloudy throughout the day with rain in the morning and afternoon.,rain,"VMI0000VVNB,VMM00048823,VMM00048831,VVNB,VMM00048825"
Hanoi,2025-09-26,28,24,25.8,32.7,24,26.7,24.1,90.8,17.4,100,83.33,rain,0,0,35.3,11.2,316.3,1010.7,96.9,9.7,52.5,4.3,3,10,2025-09-26T05:46:22,2025-09-26T17:49:24,0.14,"Rain, Overcast",Cloudy skies throughout the day with a chance of rain throughout the day.,rain,"VMI0000VVNB,VMM00048823,VMM00048831,VVNB,VMM00048825"
Hanoi,2025-09-27,35,25,29,41.9,25,32.6,24.5,78.5,15.1,100,87.5,rain,0,0,45,14.8,7.9,1012,52.7,10,157,13.5,8,30,2025-09-27T05:46:37,2025-09-27T17:48:27,0.18,"Rain, Partially cloudy",Partly cloudy throughout the day with a chance of rain throughout the day.,rain,"VMI0000VVNB,VMM00048823,VMM00048831,VVNB,VMM00048825"
Hanoi,2025-09-28,32,25,27.2,39.2,25,29.4,24.5,85.9,28.4,100,100,rain,0,0,54.7,18.4,355.7,1009.2,65.4,9.8,94,8.1,4,30,2025-09-28T05:46:52,2025-09-28T17:47:31,0.21,"Rain, Partially cloudy",Partly cloudy throughout the day with a chance of rain throughout the day.,rain,"VMI0000VVNB,VMM00048823,VMM00048831,VVNB,VMM00048825"
Hanoi,2025-09-29,27.5,25,26.1,32.1,25,27.4,24.4,90.6,116.6,100,100,rain,0,0,78.1,33.5,67.7,1005.8,79.5,8.9,16.6,1.4,1,10,2025-09-29T05:47:08,2025-09-29T17:46:35,0.24,"Rain, Partially cloudy",Partly cloudy throughout the day with a chance of rain throughout the day.,rain,"VMI0000VVNB,VMM00048823,VMM00048831,VVNB,remote,VMM00048825"
Hanoi,2025-09-30,27.1,24,25.2,31.4,24,26.2,24.6,96.6,70.2,100,100,rain,0,0,36.4,25.9,114.3,1010,94.1,8,52,4.5,2,60,2025-09-30T05:47:24,2025-09-30T17:45:40,0.25,"Rain, Overcast",Cloudy skies throughout the day with a chance of rain throughout the day.,rain,"VMI0000VVNB,VMM00048823,VMM00048831,VVNB,remote,VMM00048825"
Hanoi,2025-10-01,30,24,26.7,36.1,24,29.8,25,90.8,15.3,100,79.17,rain,0,0,27,13,116,1011.1,85.6,8,139.8,12,7,30,2025-10-01T05:47:40,2025-10-01T17:44:44,0.31,"Rain, Partially cloudy",Partly cloudy throughout the day with a chance of rain throughout the day.,rain,VVNB
